4.431216716766357 -6.822527885437012
car -68.26830596607029 12.411827261813357 -1.166392090690053 4.181210041046143 1.994117259979248 1.3805816173553467 -0.4911697804999881 0.0 0.0 20001 0 True
car -102.91371240841114 -53.284650243589056 -0.10992158483672654 5.357479572296143 2.033203125 1.4147460460662842 -0.49116924786822 0.0 0.0 20003 0 False
car -91.53479397812202 16.68479619230402 -0.9606105007396195 4.4777727127075195 2.069315195083618 2.0377910137176514 1.079625618973965 0.0 0.0 20011 0 False
car -44.37922182253094 82.65762310355848 -2.5011198869950135 3.633375883102417 1.845113754272461 1.5012825727462769 2.65148068935034 -6.888148867960607 -12.94287494859571 7259 0 False
car -9.91347124677776 -28.12878312458406 -0.5852632247796024 4.552699089050293 2.097072124481201 1.7671663761138916 1.0793731515157485 -9.039446786302254e-09 -8.429144924545537e-10 7256 30 True
car 9.51419390234011 8.675169504995665 -1.3660515283601793 4.673638820648193 1.8118125200271606 1.441947340965271 1.0143622276200852 4.677402404090793 6.726305481848188 7244 218 True
car -0.002604618297112893 -1.694903187399177e-05 -1.2215851133683753 4.673638820648193 1.8118125200271606 1.441947340965271 0.0 4.4312165912723005 -6.822527724121035 -100 1323 False
car -78.17010998598188 35.59030125396316 -1.7642806757801708 4.673638820648193 1.8118125200271606 1.441947340965271 2.650820092799928 -6.275189521485879 -11.754219768897814 7258 0 False
truck -19.771439776837212 -55.05687287173768 0.8715628785249443 8.46804141998291 2.8910882472991943 3.8274123668670654 -2.0617340177864496 3.8570337152897762 7.2178582729527845 7261 28 True
car -33.195146362312684 -80.1627864498748 0.2083936232636372 4.611005783081055 2.241713285446167 1.6672759056091309 -2.06173534936587 6.410330028379296 11.995942018923778 7260 0 True
car 20.47829878514898 28.755081537547653 -1.6054586592260955 4.855708599090576 2.0327565670013428 1.6493593454360962 1.0809469107727843 8.00361861806409 15.070338776573251 7242 22 True
car 16.167577000367032 12.200690976312671 -1.3282777961968755 5.237514495849609 1.9297595024108887 1.638383150100708 -2.0617454693694643 -1.922473846543459e-06 -3.686544346203129e-06 7243 61 True
motorcycle -14.589027060540587 -36.881419572136735 -0.5712958851144281 2.0333523750305176 0.8025798797607422 1.4992746114730835 1.080157484206042 1.303890439288828 2.441633569514629 7257 2 True
pedestrian -21.068741656402977 -0.20556929466192742 -0.873130398535789 0.3753577768802643 0.3753577768802643 1.8600000143051147 2.665924730796178 -0.6785574266484752 -1.369997713109676 7251 4 True
pedestrian 14.375122450404973 -1.3361149639775363 -0.8695483807910893 0.9953577518463135 0.3753577768802643 1.8600000143051147 -2.1601153664124806 2.232460861100162 2.8074497043294007 7249 15 True
pedestrian -4.70878206574514 5.377410546085571 -0.9616390843848066 0.3753577768802643 0.3753577768802643 1.8600000143051147 -0.5341568926097022 -0.07102509161307412 -0.11698819819846573 7245 121 True
pedestrian 0.20372126345375818 -12.490016661006507 -1.5504379705159472 0.3753577768802643 0.3753577768802643 1.8600000143051147 -0.967841657166587 -0.028730289557365066 0.038803841689729925 7247 21 True
pedestrian -28.21192802991331 3.3090610666538964 -0.926967118310813 0.3753577768802643 0.3753577768802643 1.8600000143051147 2.706087696113374 -0.6671942242341344 -1.674427805869125 7253 5 True