10.710583686828613 -0.04776700958609581
car -45.83540668663329 70.30399525139599 -0.992442350496203 4.181210041046143 1.994117259979248 1.3805816173553467 -1.5660347372505117 0.0 0.0 20001 0 False
car -53.151916287862775 92.79911550176814 -0.7309951898436475 4.4777727127075195 2.069315195083618 2.0377910137176514 0.004760662223441235 0.0 0.0 20011 0 False
car -53.72739757563346 -0.31386187436749236 -1.0152510135958646 4.552699089050293 2.097072124481201 1.7671663761138916 0.004508194765225053 -1.6022102534457235e-10 4.6466043826014715e-10 7256 12 True
car 24.224815933078162 3.1858399788381737 -1.1791522788388877 4.673638820648193 1.8118125200271606 1.441947340965271 0.8138154016782195 0.9938784401689725 13.980481663544102 7244 63 True
car -0.002624419982339532 -1.57848725201859e-07 -1.221585157030572 4.673638820648193 1.8118125200271606 1.441947340965271 0.0 10.710583814215655 -0.047767014106849685 -100 1337 False
car -30.291491161461693 115.76128422025396 -1.2425263117049794 4.673638820648193 1.8118125200271606 1.441947340965271 1.576317725125553 -5.770717467342556 -0.035902408050907296 7258 0 False
truck -107.38566824091697 -4.588536977518108 0.03241564963702959 8.46804141998291 2.8910882472991943 3.8274123668670654 -3.1367553019609167 9.758383340812463 0.047929545735979816 7261 0 True
car 27.6305000911525 32.208635006167114 -1.1537186190608146 4.855708599090576 2.0327565670013428 1.6493593454360962 1.5784154953442961 -14.138263358378268 -0.13495008977065434 7242 0 False
car -5.839990300131944 -4.058900689452308 -1.1183418263285476 5.237514495849609 1.9297595024108887 1.638383150100708 -3.136610426119988 4.476986473967499e-08 -3.540357898626824e-07 7243 1253 True
motorcycle -60.294155219339984 -0.3482725921097236 -1.1417859198575664 2.0333523750305176 0.8025798797607422 1.499274730682373 0.00528087893138712 -4.227224456043893e-07 7.729752236323373e-08 7257 0 False
pedestrian -34.59380896665391 27.13355076242078 -0.8750251123459729 0.3753577768802643 0.3753577768802643 1.8600000143051147 1.6108233421176557 -1.5751509925804492 -0.10217800026283896 7251 0 False
pedestrian -28.200636468794528 -8.044427546104819 -0.865931073782796 0.9953577518463135 0.3753577768802643 1.8600000143051147 3.0610944256273127 3.458211332865607 -0.571510872077841 7249 4 True
pedestrian -25.461858485021764 8.773644965335041 -0.9774222635006691 0.3753577768802643 0.3753577768802643 1.8600000143051147 -2.8225060208762205 1.413714949106328 1.0379867542096053 7245 3 True
pedestrian -35.0571577453249 -1.5890833180745099 -1.7322804419887752 0.3753577768802643 0.3753577768802643 1.8600000143051147 -2.0427011544414873 -0.008382107673550144 -0.014878600567575303 7247 2 True
pedestrian -34.86714108309815 35.792966571420166 -0.8777248329258953 0.3753577768802643 0.3753577768802643 1.8600000143051147 1.576305874068712 -1.8184593289086932 -0.031115132047207738 7253 0 False