-0.013189755380153656 -8.348499298095703
car -37.18282472491832 -19.872699381534233 -1.0733135173223394 4.181210041046143 1.994117259979248 1.3805816173553467 0.0012996215142144097 0.0 0.0 20001 2 True
car -36.645637696818866 -94.15027384285665 -1.108519907478666 5.357479572296143 2.033203125 1.4147460460662842 0.0013001541459825303 0.0 0.0 20003 0 True
car -59.703530265266764 -27.1115045041862 -0.8550707990297064 4.4777727127075195 2.069315195083618 2.0377910137176514 1.5720950209881677 0.0 0.0 20011 0 False
car -13.130314865944364 53.4220088759464 -1.1980455187919148 3.633375883102417 1.845113754272461 1.5012825727462769 -3.1392532112753124 0.017251994805875467 -5.099439693469005 7259 0 False
car 33.423483402380946 -36.81572870447633 -0.9835205638612219 4.552699089050293 2.097072124481201 1.7671663761138916 1.5726258105212347 -0.017940998220632737 7.609735344057582 7256 15 False
car 16.67574070086646 0.016284253903734225 -1.1882104415972345 4.673638820648193 1.8118125200271606 1.441947340965271 0.0017335832472907173 0.017028764809590376 -7.777075950680286 7244 84 True
car -0.002598146022009473 3.174986147769232e-06 -1.2215853226453155 4.673638820648193 1.8118125200271606 1.441947340965271 0.0 -0.013189756300749943 -8.348499689004967 -100 1353 False
car -12.750991195993976 -4.038325709680521 -1.2475618237082071 4.673638820648193 1.8118125200271606 1.441947340965271 -3.140044302608914 0.011576135702455772 -5.512351367729021 7258 191 True
truck 37.420626182888384 -33.01519437602474 0.039688574461677284 8.46804141998291 2.8910882472991943 3.8274123668670654 -1.5688422387801277 -0.01295929449309575 5.087370543043905 7261 64 True
car 37.440123117900825 -46.357861837448354 -1.0415738904938443 4.611005783081055 2.241713285446167 1.6672759056091309 -1.5689381124983894 -0.015075513091675933 6.730370693154605 7260 10 True
car 33.386441703900225 -16.507611451539617 -1.0653203207628161 4.855708599090576 2.0327565670013428 1.6493593454360962 1.5726351641514584 -0.03507308565190734 14.706048408466316 7242 4 True
car 37.31095875612407 24.590000393595005 -1.0441775749654396 5.237514495849609 1.9297595024108887 1.638383150100708 -1.5725456274638705 5.969588627497564e-07 -8.153394516377493e-07 7243 0 False
motorcycle 33.45199792339603 -53.69547886781845 -1.1163454154487424 2.0333523750305176 0.8025798797607422 1.4992748498916626 1.5722573777587363 -0.010968476233353047 6.791981020537949 7257 0 False
pedestrian 15.795865803777954 -8.450400791976392 -0.8553057746047132 0.3753577768802643 0.3753577768802643 1.8600000143051147 -2.988577010391659 0.4712472961967061 -1.5128664883463199 7251 6 True
pedestrian 42.41550247398228 18.657611636469312 -0.7966045022719992 0.9953577518463135 0.3753577768802643 1.8600000143051147 -1.5639604023094176 -0.03360726686736416 3.156094026952025 7249 0 False
pedestrian 18.041173457498044 3.70081635195055 -0.8395495281412471 0.3753577768802643 0.3753577768802643 1.8600000143051147 0.31748701644515986 0.7368575708297905 -1.086216154246018 7245 7 True
pedestrian 34.392520693788924 -10.859161051193325 -0.9213779250114417 0.9953577518463135 0.3753577768802643 1.8600000143051147 3.077233168721517 -0.5095989541534627 -3.643561907555552 7247 3 True
pedestrian 8.707626394031674 -8.589267606984322 -0.8695985027889535 0.3753577768802643 0.3753577768802643 1.8600000143051147 -3.1059734462975395 0.1510607824996417 -1.7383992495716136 7253 20 True