11.67752456665039 0.035372134298086166
car -59.65959578076212 70.69386559917808 -0.7982788808706995 4.181210041046143 1.994117259979248 1.3805816173553467 -1.5734249185091018 0.0 0.0 20001 0 False
car -66.80882003051698 93.24242460853557 -0.5133348750581126 4.4777727127075195 2.069315195083618 2.0377910137176514 -0.002629519035148622 0.0 0.0 20011 0 False
car -68.07334518048287 0.1362668896636221 -0.8017083134093799 4.552699089050293 2.097072124481201 1.7671663761138916 -0.0028819864933648043 -7.170449077407619e-10 4.709164007181281e-10 7256 4 True
car 13.276973135327069 17.931176907439387 -1.2741806927384034 4.673638820648193 1.8118125200271606 1.441947340965271 1.5318225506884893 -9.37340255016674 0.6893380593839308 7244 75 True
car -0.0026102187867991233 5.565729144230147e-08 -1.2215849956071794 4.673638820648193 1.8118125200271606 1.441947340965271 0.0 11.67752396306101 0.03537213824152196 -100 1356 False
car 13.534952887155441 43.286874876490465 -1.1834569514996285 4.855708599090576 2.0327565670013428 1.6493593454360962 1.5689950549435723 0.013751761938601963 -4.3477518037192133e-05 7242 0 False
car -20.215456435026226 -3.962589306967995 -1.0495720410268818 5.237514495849609 1.9297595024108887 1.638383150100708 3.139179392621422 1.3796673631796794e-07 -2.465148371664905e-08 7243 80 True
motorcycle -74.64052952659347 0.15040178052269138 -0.9084239854831835 2.0333523750305176 0.8025798797607422 1.4992756843566895 -0.0021093023272027362 2.630766071499789e-09 -4.364796908463126e-08 7257 0 False
pedestrian -48.780816079703754 29.80853697235508 -0.7179199570454371 0.3753577768802643 0.3753577768802643 1.8600000143051147 1.5907131152886922 -1.678319102197658 -0.0701581621700459 7251 0 False
pedestrian -47.61153234160855 -7.405712382831653 -0.7119909271819416 0.9953577518463135 0.3753577768802643 1.8600000143051147 3.0667697016407227 3.5479711530827505 -0.5254282111285026 7249 2 True
pedestrian -42.07832869508934 8.261703317648573 -0.8400297625923177 0.3753577768802643 0.3753577768802643 1.8600000143051147 -2.829893805291854 1.4213356680126983 1.0275133305070432 7245 1 True
pedestrian -49.36004835674402 -1.1703412103371638 -1.5754468421556507 0.3753577768802643 0.3753577768802643 1.8600000143051147 -2.0500939988589177 -0.032656892929613345 -0.05765578695681422 7247 1 True
pedestrian -48.96255571087062 38.65625316719572 -0.7193942813635321 0.3753577768802643 0.3753577768802643 1.8600000143051147 1.5660886165428798 -1.8264631869031926 0.012503982808840916 7253 0 False