6.577762126922607 -0.6173794269561768
car -38.59346389492242 66.33545668238105 -1.1651010149404861 4.181210041046143 1.994117259979248 1.3805816173553467 -1.4618374986045095 0.0 0.0 20001 0 True
car -48.21004517549363 87.94813644975514 -0.9565591485637341 4.4777727127075195 2.069315195083618 2.0377910137176514 0.1089579008694435 0.0 0.0 20011 0 False
car 30.413562026916225 108.84884410890538 -1.4862938837519337 3.633375883102417 1.845113754272461 1.5012825727462769 1.6791646090814272 -17.396496763672385 -1.883798784518967 7259 0 False
car -39.097755995714124 -4.720087540672182 -1.0213754237272195 4.552699089050293 2.097072124481201 1.7671663761138916 0.10870543341122732 -1.1247098542024079e-09 -3.2809205703513455e-09 7256 16 True
car 18.767851015405313 1.6510459418819394 -1.231992847626246 4.673638820648193 1.8118125200271606 1.441947340965271 0.10820582487774867 13.495640844829332 1.4546437373935786 7244 75 True
car -0.0026010153517290746 1.9062124962943017e-06 -1.2215853480131889 4.673638820648193 1.8118125200271606 1.441947340965271 0.0 6.57776169897341 -0.6173793719378997 -100 1382 False
car -26.723466462222063 102.80778909852572 -1.49457930944277 4.673638820648193 1.8118125200271606 1.441947340965271 1.680302177380191 -8.601834797604555 -0.9509077635818869 7258 0 True
truck -78.9234856412661 -13.116428897697567 0.0291391522703095 8.46804141998291 2.8910882472991943 3.8274123668670654 -3.032572444372654 8.986981255183439 0.9842071552000402 7261 0 False
car -114.19221101537829 -16.975049560227525 -1.026208424492156 4.611005783081055 2.241713285446167 1.6672759056091309 -3.032409459051609 13.56794944517262 1.4889092414615877 7260 0 True
car 41.06369184121462 13.565347979096288 -1.1931147813724037 4.855708599090576 2.0327565670013428 1.6493593454360962 1.6760704179824721 -13.412636780319692 0.4852615694608691 7242 8 True
car 8.91946545716388 -3.464314152347754 -1.116343965220009 5.237514495849609 1.9297595024108887 1.638383150100708 -3.0324131874739857 -1.6318906539328217e-08 -4.355315234462516e-08 7243 574 True
motorcycle -45.63220436266721 -5.438395347471165 -1.1498409833438807 2.0333523750305176 0.8025798797607422 1.4992743730545044 0.10954868793821126 -0.0018587658643757338 -0.0002473056275384878 7257 0 False
pedestrian -22.633876297968357 22.391136513653976 -0.9402497960214005 0.3753577768802643 0.3753577768802643 1.8600000143051147 1.7016631081247857 -1.5260840009517387 -0.23238126871090287 7251 2 True
pedestrian -8.285815471513445 -9.693807572717134 -0.8558120616393545 0.9953577518463135 0.3753577768802643 1.8600000143051147 -3.139366978092035 3.567238620844982 -0.37058794799291167 7249 23 True
pedestrian -9.692195834587153 8.266820596443509 -0.8961782739948752 0.3753577768802643 0.3753577768802643 1.8600000143051147 -2.677621840411133 1.02039230305472 1.4262732716813613 7245 13 True
pedestrian -20.433148093950877 -4.144800258711612 -1.7354126413649595 0.3753577768802643 0.3753577768802643 1.8600000143051147 -1.9385024510581226 0.007138151145035699 0.021569842806016787 7247 0 True
pedestrian -23.786405798796295 30.632836590280334 -0.962422682755312 0.3753577768802643 0.3753577768802643 1.8600000143051147 1.6863190521487659 -1.790254739198996 -0.23762703293754156 7253 2 True