11.144219398498535 -0.033450379967689514
car -47.913986259297985 70.38238816902384 -0.9579293310338779 4.181210041046143 1.994117259979248 1.3805816173553467 -1.5677242452189903 0.0 0.0 20001 0 False
car -55.1923322117695 92.88981225383114 -0.6902173497020323 4.4777727127075195 2.069315195083618 2.0377910137176514 0.003071154254962502 0.0 0.0 20011 0 False
car -55.92529907306823 -0.22203283914989358 -0.9836045236483845 4.552699089050293 2.097072124481201 1.7671663761138916 0.00281868679674632 -3.730973413774837e-11 -3.5407669523239737e-10 7256 12 True
car 23.857067363766987 5.1863519086200505 -1.2218512688851983 4.673638820648193 1.8118125200271606 1.441947340965271 1.2099791876457284 -7.346705878194907 11.116244415727985 7244 58 True
car -0.0025492713142512002 -6.816724562597187e-08 -1.221585450527703 4.673638820648193 1.8118125200271606 1.441947340965271 0.0 11.14421916303899 -0.03345038151694815 -100 1386 False
truck -111.55219237730736 -4.412417954415544 0.0950495163949272 8.46804141998291 2.8910882472991943 3.8274123668670654 -3.138415515182149 9.853959208490073 0.03414234181027296 7261 0 True
car 25.473716449037966 34.82058459086086 -1.1634621489525068 4.855708599090576 2.0327565670013428 1.6493593454360962 1.5753565910999792 -12.527742539916156 -0.07795505363113497 7242 0 False
car -8.044352088826884 -4.047967899481575 -1.1131451748014416 5.237514495849609 1.9297595024108887 1.638383150100708 -3.138299934088467 -9.886897359541123e-08 -7.715862816312707e-08 7243 640 True
motorcycle -62.49217326870138 -0.2453351585114376 -1.106567651368029 2.0333523750305176 0.8025798797607422 1.4992753267288208 0.003591370962908388 -1.5218495150994831e-07 -7.0476061207080016e-09 7257 0 False
pedestrian -36.75315742849557 27.52957111177864 -0.8510784643239121 0.3753577768802643 0.3753577768802643 1.8600000143051147 1.596580901796051 -1.678309868126033 -0.09017654630149981 7251 0 False
pedestrian -31.256779822347823 -7.935519471373593 -0.8480294619278221 0.3753577768802643 0.3753577768802643 1.8600000143051147 3.0703824583998007 0.9701792738284599 -0.14622768124260976 7249 0 True
pedestrian -27.97765144716567 8.708240778497188 -0.9598425494231968 0.3753577768802643 0.3753577768802643 1.8600000143051147 -2.824195528844699 1.415465939111636 1.035596757590225 7245 3 True
pedestrian -37.250231982571904 -1.5142823117876414 -1.7109334686123754 0.3753577768802643 0.3753577768802643 1.8600000143051147 -2.0443915945155604 -0.011292574106117201 -0.021101621481158836 7247 2 True
pedestrian -37.02149709560018 36.21747782388207 -0.8527465683015826 0.3753577768802643 0.3753577768802643 1.8600000143051147 1.615044715195896 -1.8171185967349421 -0.11017578140082714 7253 0 False