0.5281951427459717 -8.999427795410156
car -62.220028324112725 -17.451966889925245 -0.752146267349536 4.181210041046143 1.994117259979248 1.3805816173553467 -0.03937107503594293 0.0 0.0 20001 3 True
car -64.70349364997355 -91.68962606167946 -0.528327758748306 5.357479572296143 2.033203125 1.4147460460662842 -0.0393705424041748 0.0 0.0 20003 0 False
car -85.01504984438074 -23.767973427277013 -0.39844314498572686 4.4777727127075195 2.069315195083618 2.0377910137176514 1.53142432443801 0.0 0.0 20011 0 False
car -62.98816217092822 55.86332116092666 -1.1724315412756692 3.633375883102417 1.845113754272461 1.5012825727462769 3.103142242134094 -0.503228902976954 -13.423588242235432 7259 0 False
car 7.980418881943102 -28.45249173951811 -0.9778864095169437 4.552699089050293 2.097072124481201 1.7671663761138916 1.5311718569797939 -3.4041984539838935e-08 -2.5079442423580886e-08 7256 35 True
car 8.949162398491232 9.544763792818515 -1.2799690069766987 4.673638820648193 1.8118125200271606 1.441947340965271 1.3927305906389553 1.3035041507120637 4.309388176150214 7244 239 True
car -0.002593598896985405 4.544551586604939e-06 -1.2215853981230702 4.673638820648193 1.8118125200271606 1.441947340965271 0.0 0.5281951075268168 -8.999427984942367 -100 1391 False
car -72.56198999748796 -1.2542178251189284 -0.9997729097873922 4.673638820648193 1.8118125200271606 1.441947340965271 3.1028359788674247 -0.5963488932155122 -15.65067028392081 7258 0 True
truck 11.066759329169294 -52.20591543214107 0.10536383984737263 8.46804141998291 2.8910882472991943 3.8274123668670654 -1.6098463628171287 0.30310865591181135 7.779445384207623 7261 44 False
car 10.076571425681035 -77.21010616866067 -0.8879354860290771 4.611005783081055 2.241713285446167 1.6672759056091309 -1.6099339807429844 0.5323484026309786 13.677400621042992 7260 0 False
car 10.088739961219083 25.79576397975086 -1.2453539226815655 4.855708599090576 2.0327565670013428 1.6493593454360962 1.5320235910929514 0.6732944654058208 17.623080495831147 7242 53 True
car 13.834173207461042 19.222534219587715 -1.227437484531699 5.237514495849609 1.9297595024108887 1.638383150100708 -1.609946763905419 -4.162587876755257e-06 -0.00010265754079189498 7243 73 True
motorcycle 7.5337304411815715 -39.932610115361854 -1.068177942775328 2.0333523750305176 0.8025798797607422 1.4992749691009521 1.5320490056645808 0.15181012513635897 3.9832778327026057 7257 4 True
pedestrian -13.330170194209412 -8.221533528016892 -0.8194254863480532 0.3753577768802643 0.3753577768802643 1.8600000143051147 3.1181159858733283 -0.010739533024021858 -1.5225225356620518 7251 4 True
pedestrian 18.35524996743853 8.390316458994846 -0.9675658870964567 0.9953577518463135 0.3753577768802643 1.8600000143051147 -1.635403100315094 0.325572549510808 3.561388007919502 7249 6 True
pedestrian -2.2322069187165785 3.9933846050981856 -0.8830899365224962 0.3753577768802643 0.3753577768802643 1.8600000143051147 -0.05225397276941935 -0.03632791688716914 -1.173232483692866 7245 99 True
pedestrian 10.280853412490496 -9.975099504927869 -1.7516488519647466 0.3753577768802643 0.3753577768802643 1.8600000143051147 -0.5160362938054402 -0.04834068084655083 0.027029245151995212 7247 12 True
pedestrian -21.126749640096993 -8.137491569905706 -0.7962759821875722 0.3753577768802643 0.3753577768802643 1.8600000143051147 -3.1231014192229374 0.137840962611028 -1.7920368258002697 7253 5 True