10.313858032226562 -0.0009133292478509247
car -57.64959828312385 70.53534043874993 -0.907090323084391 4.181210041046143 1.994117259979248 1.3805816173553467 -1.5707053847050136 0.0 0.0 20001 0 False
car -64.86068743463818 93.06431179555648 -0.6318822436730802 4.4777727127075195 2.069315195083618 2.0377910137176514 9.00147689393808e-05 0.0 0.0 20011 0 False
car -65.8713753232584 -0.04487554568046104 -0.9419962591054257 4.552699089050293 2.097072124481201 1.7671663761138916 -0.0001624526892768012 -7.749327899978096e-11 1.6815475123606266e-10 7256 8 True
car 15.352543657391436 15.919214563944646 -1.2467368611753686 4.673638820648193 1.8118125200271606 1.441947340965271 1.5247879989229838 -10.932911479343817 0.9767607205635365 7244 57 True
car -0.002598526847066296 -1.8932630707624298e-07 -1.2215854732875742 4.673638820648193 1.8118125200271606 1.441947340965271 0.0 10.313858273476882 -0.0009133292202829223 -100 1414 False
car 15.619862289451873 43.26920925177039 -1.1503605227566995 4.855708599090576 2.0327565670013428 1.6493593454360962 1.571722578224182 -1.789624012014242 -0.0036676786704560827 7242 0 False
car -18.002111122073643 -4.013509952163006 -1.094412965631132 5.237514495849609 1.9297595024108887 1.638383150100708 -3.14128107357449 -5.3267215193529514e-08 -3.1049051644648224e-08 7243 109 True
motorcycle -72.43834612917993 -0.04857819141318176 -1.0619221869164286 2.0333523750305176 0.8025798797607422 1.4992756843566895 0.0006102314768852667 -2.7158740370519654e-09 2.6391718626792472e-09 7257 0 False
pedestrian -46.65226466310281 29.344216434291955 -0.8132719277740772 0.3753577768802643 0.3753577768802643 1.8600000143051147 1.5927016119910347 -1.685622262959239 -0.0728783206498316 7251 0 False
pedestrian -44.67382597151874 -7.582875401577661 -0.8137977098473035 0.9953577518463135 0.3753577768802643 1.8600000143051147 3.0694892354448107 3.549405586504552 -0.5157745308472402 7249 4 True
pedestrian -39.564984108242925 8.259701766047925 -0.9268730129590296 0.3753577768802643 0.3753577768802643 1.8600000143051147 -2.8271766683307225 1.4185460456566874 1.0313727187115678 7245 0 True
pedestrian -47.16103813503804 -1.3158371668110282 -1.6782982675303413 0.3753577768802643 0.3753577768802643 1.8600000143051147 -2.0473730003174677 -0.02890236846862053 -0.052821322286780756 7247 0 True
pedestrian -46.86639474333367 38.161566252322785 -0.8132732900832287 0.3753577768802643 0.3753577768802643 1.8600000143051147 1.5685632728915744 -1.825382043708704 0.0048552565789438595 7253 0 False