0.008936609141528606 -8.258574485778809
car -46.18399014328463 -19.701141836697957 -1.0712775614497954 4.181210041046143 1.994117259979248 1.3805816173553467 -0.002529867740631103 0.0 0.0 20001 2 True
car -45.93125862595592 -93.98023167860964 -1.089367622652172 5.357479572296143 2.033203125 1.4147460460662842 -0.0025293351088629826 0.0 0.0 20003 0 False
car -68.73217521600996 -26.85359992627798 -0.8438239769952625 4.4777727127075195 2.069315195083618 2.0377910137176514 1.5682655317333218 0.0 0.0 20011 0 False
car -28.786588978213437 53.51102796085257 -1.232850712735011 3.633375883102417 1.845113754272461 1.5012825727462769 3.1401496305410594 -0.0028006018068621897 -8.419717470185372 7259 0 False
car 24.371848734632167 -29.435207991278332 -1.0040460753596543 4.552699089050293 2.097072124481201 1.7671663761138916 1.5688151203980145 0.006716761923940747 4.639004345009427 7256 4 True
car 15.72743009011176 0.07081590353720912 -1.194819753947858 4.673638820648193 1.8118125200271606 1.441947340965271 0.056295982099745005 1.0191475926075004 -7.458836147406698 7244 93 True
car -0.0025938794023332434 3.3176729914430325e-05 -1.2215852520766406 4.673638820648193 1.8118125200271606 1.441947340965271 0.0 0.008936608878450917 -8.258574140466385 -100 1367 False
car -30.10852097905269 -3.94593065984958 -1.2713983824613457 4.673638820648193 1.8118125200271606 1.441947340965271 3.1399541546821594 -0.009723558259382219 -10.946771790055038 7258 24 True
truck 28.358991600801886 -38.50030503554689 0.01969313717210297 8.46804141998291 2.8910882472991943 3.8274123668670654 -1.5736658852301704 0.0166473255031671 5.952455749977524 7261 62 True
car 28.317940101535815 -54.54795715828425 -1.0565564656103101 4.611005783081055 2.241713285446167 1.6672759056091309 -1.5730927734476725 0.020440447694612212 9.35324588050409 7260 8 True
car 24.460322019678273 -4.394832947847931 -1.0951464292341302 4.855708599090576 2.0327565670013428 1.6493593454360962 1.5722464475755393 -0.09201473259156577 12.546738829488316 7242 92 True
car 28.476509607988547 23.348341543582706 -1.077157957114827 5.237514495849609 1.9297595024108887 1.638383150100708 -1.575061114146762 0.014572573823056063 3.3907534625858813 7243 0 False
motorcycle 24.33777091550059 -46.50119706759875 -1.1306306353834654 2.0333523750305176 0.8025798797607422 1.4992748498916626 1.5685150264304755 0.014671507990911157 7.220696603089789 7257 0 False
pedestrian 5.282047359120849 -8.565198547822035 -0.8762376339434916 0.3753577768802643 0.3753577768802643 1.8600000143051147 -3.1389619948560923 0.009427350690776 -1.5062791623094516 7251 21 True
pedestrian 33.53810240193613 15.403265007843459 -0.8298815504986345 0.9953577518463135 0.3753577768802643 1.8600000143051147 -1.589538844551934 0.10069687912562938 3.1533539123456262 7249 2 True
pedestrian 10.356954677255114 4.0402727893290376 -0.8594313768283697 0.3753577768802643 0.3753577768802643 1.8600000143051147 0.15069497615347968 0.38188750450393294 -0.8132625145471661 7245 17 True
pedestrian 25.784726908600913 -10.168609868557098 -1.0415011799697464 0.3753577768802643 0.3753577768802643 1.8600000143051147 2.0495076219966673 -0.04156345084179168 0.7118306329714632 7247 0 True
pedestrian -2.0842655322150314 -8.745374813116541 -0.8885891532294603 0.3753577768802643 0.3753577768802643 1.8600000143051147 -3.0298714187422857 0.39042748380590986 -1.770340887658519 7253 35 True