10.753981590270996 -0.09575699269771576
car -41.96958740693026 70.13134204427709 -1.1182009883624104 4.181210041046143 1.994117259979248 1.3805816173553467 -1.5620495868815811 0.0 0.0 20001 0 False
car -49.37615456441824 92.59728747166189 -0.8855102240849249 4.4777727127075195 2.069315195083618 2.0377910137176514 0.0087458125923718 0.0 0.0 20011 0 False
car -49.579998454585564 -0.5174166798077744 -1.1058712636916042 4.552699089050293 2.097072124481201 1.7671663761138916 0.008493345134155618 1.335110742192187e-10 1.2371187218246487e-12 7256 11 True
car 23.230335530224067 0.7713351396577748 -1.1925602530661772 4.673638820648193 1.8118125200271606 1.441947340965271 0.26187553170612454 12.871614232957656 6.981161047826522 7244 56 True
car -0.002618047639202814 2.1534242300447204e-07 -1.2215855299320433 4.673638820648193 1.8118125200271606 1.441947340965271 0.0 10.753981929762533 -0.09575698482537803 -100 1356 False
car -26.58124773776467 112.93529599008843 -1.3691732879546912 4.673638820648193 1.8118125200271606 1.441947340965271 1.5803044733897877 -7.43385578433183 -0.07628163577264212 7258 0 False
truck -99.35662864958158 -4.97111234876604 -0.1464464605393645 8.46804141998291 2.8910882472991943 3.8274123668670654 -3.1327672221172618 9.561752754299638 0.08518387406853474 7261 0 True
car 31.707710726781897 26.064226338256802 -1.1165050468145168 4.855708599090576 2.0327565670013428 1.6493593454360962 1.5781877947432763 -17.023916514840106 -0.10303697757620511 7242 0 False
car -1.6779365607229124 -4.071570156379176 -1.120797177766185 5.237514495849609 1.9297595024108887 1.638383150100708 -3.1326252757510575 1.0890485223625698e-07 -2.3780112950068185e-07 7243 3440 True
motorcycle -56.14632992437805 -0.5780959214489547 -1.2441159697571342 2.0333523750305176 0.8025798797607422 1.499274730682373 0.009266029300317684 -7.376590280709183e-06 -7.082174015380224e-08 7257 0 False
pedestrian -30.53165292214726 26.37235453388196 -0.9499219726056509 0.3753577768802643 0.3753577768802643 1.8600000143051147 1.5913477941541174 -1.5726917865962067 -0.07140047945402353 7251 0 False
pedestrian -22.974104519257367 -8.222153622283404 -0.9042077642805442 0.9953577518463135 0.3753577768802643 1.8600000143051147 3.07501422373523 3.444517432560979 -0.5611158529216966 7249 11 True
pedestrian -20.685825787798308 8.905434162882768 -1.0233025219143972 0.3753577768802643 0.3753577768802643 1.8600000143051147 -2.818518473664333 1.4095483644783158 1.0436635066112094 7245 7 True
pedestrian -30.917549568205857 -1.7464702985425142 -1.78866570645032 0.3753577768802643 0.3753577768802643 1.8600000143051147 -2.038715604598731 -0.002822390938831137 -0.002829881735925623 7247 0 True
pedestrian -30.853385216432855 34.93727237971447 -0.9590691165664396 0.3753577768802643 0.3753577768802643 1.8600000143051147 1.6036425332576467 -1.8133915255777653 -0.07991267015851888 7253 0 False