0.19474975764751434 -9.178786277770996
car -28.190252148292416 -18.983591265705286 -0.9295904188679884 4.181210041046143 1.994117259979248 1.3805816173553467 -0.028876498150719535 0.0 0.0 20001 0 False
car -29.89452421527737 -93.24323678504396 -1.1498401977199393 5.357479572296143 2.033203125 1.4147460460662842 -0.028875965518951417 0.0 0.0 20003 0 True
car -50.9173157032272 -25.54055228506678 -0.5876170326654204 4.4777727127075195 2.069315195083618 2.0377910137176514 1.5419189013232335 0.0 0.0 20011 0 False
car 2.3324008441327493 53.43359583602552 -1.0441375402799729 3.633375883102417 1.845113754272461 1.5012825727462769 3.1138721091028847 -0.07590440014367589 -2.857237744749407 7259 0 False
car 41.629394607714666 -46.598992288681075 -1.346001590515145 4.552699089050293 2.097072124481201 1.7671663761138916 1.5423649299095126 0.21408888220905595 7.666278843125048 7256 0 False
car 14.871415971732073 -0.4063651473883283 -1.2848888272764025 4.673638820648193 1.8118125200271606 1.441947340965271 -0.027985405202653673 -0.26037393420857197 -9.554902730777572 7244 111 True
car -0.002592859523680602 -2.13675854183748e-05 -1.2215853652328335 4.673638820648193 1.8118125200271606 1.441947340965271 0.0 0.19474976589146653 -9.178786922172536 -100 1383 False
car 3.11848935012069 -4.075357610211142 -1.2457225734440414 4.673638820648193 1.8118125200271606 1.441947340965271 3.113462914747026 -0.18997468994671504 -6.920100467011707 7258 1961 True
truck 46.12389255263312 -29.575981649164532 -0.3046092567611538 8.46804141998291 2.8910882472991943 3.8274123668670654 -1.5990401963475545 0.09305414536889779 3.3689964121113474 7261 53 True
car 45.75508210030822 -42.187224505370864 -1.4162035628518672 4.611005783081055 2.241713285446167 1.6672759056091309 -1.599289201699151 0.09737396081512062 3.457453440684396 7260 0 False
car 42.05027264496669 -31.742592043479874 -1.3942548190161697 4.855708599090576 2.0327565670013428 1.6493593454360962 1.5425747769433362 0.26685513370760394 9.619286757798157 7242 0 True
car 47.609822591248346 23.212239253256087 -1.2595705394629038 5.237514495849609 1.9297595024108887 1.638383150100708 -1.6027217471288047 4.156187927664957e-06 -0.00028749914060914985 7243 0 False
motorcycle 41.162862156075754 -62.837720231908406 -1.5179576759824407 2.0333523750305176 0.8025798797607422 1.4992748498916626 1.5419758613558008 0.18964507825445168 6.628440379014765 7257 0 False
pedestrian 26.74672463465157 -9.056465065330485 -1.0229429297453105 0.3753577768802643 0.3753577768802643 1.8600000143051147 3.120285528222826 -0.01917795158634743 -1.376803294117937 7251 2 True
pedestrian 52.62911132834691 20.58524643115794 -1.049563630562691 0.9953577518463135 0.3753577768802643 1.8600000143051147 -1.5927388962148032 0.03741659075108679 3.3226233434639765 7249 0 False
pedestrian 26.2801790082162 2.7094857665186396 -0.9795321875506833 0.3753577768802643 0.3753577768802643 1.8600000143051147 0.072774676899804 0.4117511638083026 -1.7046403788895628 7245 6 True
pedestrian 47.624793428199524 -12.53148823267611 -1.2229724260717088 0.9953577518463135 0.3753577768802643 1.8600000143051147 3.0529681964191857 -0.36267802493861817 -3.6756812385718796 7247 2 True
pedestrian 19.98741043343049 -8.999803267647508 -0.9944882434886875 0.3753577768802643 0.3753577768802643 1.8600000143051147 3.136898446228451 0.03202580892640726 -1.6663730536057657 7253 10 True