-0.00010616985673550516 -9.657418251037598
car -34.51300185391763 -19.785776086496014 -0.9016192202209794 4.181210041046143 1.994117259979248 1.3805816173553467 -0.0011936277923583984 0.0 0.0 20001 0 True
car -34.16113583549995 -94.06444865192529 -0.9502187667095456 5.357479572296143 2.033203125 1.4147460460662842 -0.0011930951605902778 0.0 0.0 20003 0 True
car -57.05033431108984 -26.9684755582648 -0.573692259813936 4.4777727127075195 2.069315195083618 2.0377910137176514 1.5696017716815946 0.0 0.0 20011 0 False
car -8.885873314868128 53.44828772683593 -1.1380030895930249 3.633375883102417 1.845113754272461 1.5012825727462769 3.1414702910101147 0.004198906602692241 -4.376825469544009 7259 0 False
car 36.04903667943119 -39.00199171164991 -1.1637655556852815 4.552699089050293 2.097072124481201 1.7671663761138916 1.5701160415675528 0.0010450329980400477 6.576831965361102 7256 0 True
car 16.754161820065786 -0.02909041313881744 -1.2706061990266146 4.673638820648193 1.8118125200271606 1.441947340965271 -0.0007350318400065105 -0.002240920861824012 -10.247049635453122 7244 85 True
car -0.0025945189933835877 -2.119226883223746e-05 -1.2215854365713552 4.673638820648193 1.8118125200271606 1.441947340965271 0.0 -0.0001061709758591056 -9.657417814829861 -100 1381 False
car -8.44600284586729 -4.013655566404054 -1.1988378753833366 4.673638820648193 1.8118125200271606 1.441947340965271 3.139742699870215 -0.008188943025142871 -4.948292436748647 7258 464 True
truck 40.063071349139065 -31.592206076618254 -0.15817173504125615 8.46804141998291 2.8910882472991943 3.8274123668670654 -1.5714276333825854 0.00030843901236417027 5.012870521408933 7261 53 True
car 40.04425294183694 -44.62535457229052 -1.2379316860587397 4.611005783081055 2.241713285446167 1.6672759056091309 -1.5718430861617194 0.0019048453469181273 5.132370853176786 7260 0 False
car 36.06073005030782 -21.01820483834672 -1.2423631645684527 4.855708599090576 2.0327565670013428 1.6493593454360962 1.5701426765044129 0.0019588795856015956 14.14983611757292 7242 8 True
car 40.090615096524644 24.49115511330814 -1.2323347643385758 5.237514495849609 1.9297595024108887 1.638383150100708 -1.5750388767704433 1.5415742293531202e-08 -3.362558331785761e-06 7243 0 False
motorcycle 36.034281399630636 -55.675347618002036 -1.2987908175990672 2.0333523750305176 0.8025798797607422 1.499274730682373 1.569763484167331 0.005277066736376814 5.968637437083611 7257 0 False
pedestrian 18.964132396779288 -8.422968369523403 -0.9437997678501349 0.3753577768802643 0.3753577768802643 1.8600000143051147 -3.0068501416185165 0.3652433425160448 -1.4846307618186865 7251 3 True
pedestrian 45.178251734872596 19.479045157800158 -1.0104365261558335 0.9953577518463135 0.3753577768802643 1.8600000143051147 -1.5619196236898634 -0.03220757664699103 2.9631117891421703 7249 0 False
pedestrian 20.396134607462702 3.5243067164879562 -0.934935082484802 0.3753577768802643 0.3753577768802643 1.8600000143051147 0.2143263629637824 0.36523714919325484 -1.0057538154728085 7245 5 True
pedestrian 38.14735402551649 -11.029421126838713 -1.1034265164773063 0.9953577518463135 0.3753577768802643 1.8600000143051147 3.070324934688992 -0.5195107472247847 -3.656799722738313 7247 3 True
pedestrian 11.92912217412443 -8.601454267283714 -0.9234317851981433 0.3753577768802643 0.3753577768802643 1.8600000143051147 -3.050359499176873 0.30867409640406906 -1.7361781732959276 7253 19 True