10.089712142944336 -0.06383557617664337
car -43.90336323382121 70.22173166629948 -1.1274111849794726 4.181210041046143 1.994117259979248 1.3805816173553467 -1.5641779834269913 0.0 0.0 20001 0 False
car -51.26232538262627 92.70327389377277 -0.8908162519013434 4.4777727127075195 2.069315195083618 2.0377910137176514 0.006617416046961643 0.0 0.0 20011 0 False
car -51.664067386663646 -0.41066837143073 -1.1553261924485512 4.552699089050293 2.097072124481201 1.7671663761138916 0.006364948588745462 3.571870199170533e-10 2.0058390061551414e-10 7256 8 True
car 23.89097502922931 1.6865384944057613 -1.1402741630598026 4.673638820648193 1.8118125200271606 1.441947340965271 0.4891792679632538 8.808464547763302 11.523744770918587 7244 54 True
car -0.0025903196972194564 -5.573595274199761e-08 -1.2215853706943733 4.673638820648193 1.8118125200271606 1.441947340965271 0.0 10.08971108388866 -0.06383557647496454 -100 1398 False
car -28.433959132147834 114.41629707264462 -1.3451786867108497 4.673638820648193 1.8118125200271606 1.441947340965271 1.578124544720812 -6.776485312154308 -0.05463587574960271 7258 0 False
truck -103.37404507782014 -4.771783583516848 -0.24711143044700368 8.46804141998291 2.8910882472991943 3.8274123668670654 -3.134892156556179 9.660965154586473 0.06550848721488102 7261 0 True
car 29.659021503140877 29.279178219370515 -1.0812511042622968 4.855708599090576 2.0327565670013428 1.6493593454360962 1.5811035541999108 -15.76263337459516 -0.18893938817458147 7242 0 False
car -3.7696846450898533 -4.066736741007157 -1.1285778388571521 5.237514495849609 1.9297595024108887 1.638383150100708 -3.1347536722964677 -3.501383912979067e-09 1.7817602621732664e-07 7243 2228 True
motorcycle -58.2303847006865 -0.45731000489314866 -1.2995385598002818 2.0333523750305176 0.8025798797607422 1.4992784261703491 0.0071376327549075285 -2.655518819666948e-06 -2.7758142982947816e-08 7257 0 False
pedestrian -32.56717315351068 26.75363684046135 -0.9696345559527857 0.3753577768802643 0.3753577768802643 1.8600000143051147 1.5892476270924176 -1.5749350265943651 -0.06813610349348984 7251 0 False
pedestrian -25.774110945985967 -8.121872280678366 -0.9347290463244253 0.9953577518463135 0.3753577768802643 1.8600000143051147 3.068634626732565 3.4654281887536915 -0.5256230226856075 7249 5 True
pedestrian -23.08283323461751 8.839996553612348 -1.0428013590906102 0.3753577768802643 0.3753577768802643 1.8600000143051147 -2.8206492670527004 1.4117822195584346 1.0406116556780791 7245 5 True
pedestrian -32.99667631139397 -1.6654092049728297 -1.8217908321100271 0.3753577768802643 0.3753577768802643 1.8600000143051147 -2.040844400617967 -0.005646697252777216 -0.009079141096668651 7247 2 True
pedestrian -32.87032178476926 35.367333477186115 -0.9750548576841753 0.3753577768802643 0.3753577768802643 1.8600000143051147 1.6014992230227292 -1.8152887034053617 -0.07686059995873844 7253 0 False