0.00785308238118887 -8.039955139160156
car -47.00058513783122 -19.70890186385742 -1.0639140203948239 4.181210041046143 1.994117259979248 1.3805816173553467 -0.002337587672339545 0.0 0.0 20001 1 True
car -46.73357601616378 -93.98794142669891 -1.0850808040466204 5.357479572296143 2.033203125 1.4147460460662842 -0.002337055040571425 0.0 0.0 20003 0 False
car -69.54734893775716 -26.865704534647023 -0.8321658591269485 4.4777727127075195 2.069315195083618 2.0377910137176514 1.5684578118016135 0.0 0.0 20011 0 False
car -30.473916799312683 53.50752017473252 -1.2272845611321075 3.633375883102417 1.845113754272461 1.5012825727462769 3.1404862538185117 0.004063459872640965 -8.685292185954868 7259 0 False
car 23.557862715540782 -29.027549777822173 -1.0120938728360285 4.552699089050293 2.097072124481201 1.7671663761138916 1.5689997859841351 0.004551312906041998 3.6014194713486933 7256 11 True
car 15.664207513715205 0.1608738012192248 -1.1978743887950156 4.673638820648193 1.8118125200271606 1.441947340965271 0.09527464068052503 1.7968089614446108 -7.549339205886048 7244 127 True
car -0.002592846300547791 5.78264854311783e-06 -1.221585435786168 4.673638820648193 1.8118125200271606 1.441947340965271 0.0 0.00785308287160433 -8.03995490799912 -100 1367 False
car -32.024573067007836 -3.948825307253628 -1.2683595094697977 4.673638820648193 1.8118125200271606 1.441947340965271 3.140111547369639 -0.006610109549708823 -10.892549668056551 7258 19 True
truck 27.545442987006773 -39.09570507182923 0.011199585442728255 8.46804141998291 2.8910882472991943 3.8274123668670654 -1.5740645601086087 0.018700412143108202 6.08255943601921 7261 65 True
car 27.50594493494224 -55.49451526632981 -1.0657053937274035 4.611005783081055 2.241713285446167 1.6672759056091309 -1.572910613382975 0.01927020872344017 9.612314145012471 7260 4 True
car 23.636100678330084 -3.1053031671650047 -1.0977315139874138 4.855708599090576 2.0327565670013428 1.6493593454360962 1.5729475787558902 -0.09846859189487567 13.084999894040708 7242 86 True
car 27.65076906453683 22.98088349632843 -1.0831953397274572 5.237514495849609 1.9297595024108887 1.638383150100708 -1.5744682949888442 0.014399109426999603 4.014934501199989 7243 0 True
motorcycle 23.527872362778133 -45.74716648429933 -1.138481337865749 2.0333523750305176 0.8025798797607422 1.4992748498916626 1.5687078333926503 0.014189673311440491 7.682293368483949 7257 0 False
pedestrian 4.3162201122351895 -8.561445813844614 -0.87910502451343 0.3753577768802643 0.3753577768802643 1.8600000143051147 3.1362434423116046 -0.001028083922830418 -1.5073890069167863 7251 14 True
pedestrian 32.70881966291515 15.095559179792303 -0.8372941247276953 0.9953577518463135 0.3753577768802643 1.8600000143051147 -1.589697835134718 0.10778936554410144 3.1532132062050238 7249 2 True
pedestrian 9.634898206209701 4.031303009404496 -0.8624534029388384 0.3753577768802643 0.3753577768802643 1.8600000143051147 0.042295356600867376 0.21314880805906145 -0.8792493186616507 7245 23 True
pedestrian 25.01055289265023 -10.07105559193917 -1.092456314816161 0.3753577768802643 0.3753577768802643 1.8600000143051147 2.017093882984373 -0.06352208469691907 0.6500805676780417 7247 2 True
pedestrian -3.079815932373428 -8.760424545582396 -0.8900086907752512 0.3753577768802643 0.3753577768802643 1.8600000143051147 -3.043643811528524 0.3753004344302424 -1.7662471738007008 7253 40 True