11.069318771362305 -0.026060763746500015
car -48.9871194269308 70.41232425184846 -0.9686514274163116 4.181210041046143 1.994117259979248 1.3805816173553467 -1.5683463586040072 0.0 0.0 20001 0 False
car -56.251539126532066 92.92426439668398 -0.7023928649850024 4.4777727127075195 2.069315195083618 2.0377910137176514 0.0024490408699457825 0.0 0.0 20011 0 False
car -57.04234275463483 -0.1870992063282806 -0.9985182390435501 4.552699089050293 2.097072124481201 1.7671663761138916 0.0021965734117296008 -3.0936200308324643e-10 5.067491630289823e-10 7256 10 True
car 23.354866456444142 6.29407734720197 -1.2385207719886657 4.673638820648193 1.8118125200271606 1.441947340965271 1.3727454643961587 -9.971727137653573 7.076240608275098 7244 51 True
car -0.0025740946860537406 -2.109590364618441e-07 -1.221585171812686 4.673638820648193 1.8118125200271606 1.441947340965271 0.0 11.069319194642466 -0.026060766057751653 -100 1380 False
truck -113.66030812473903 -4.345497261033492 0.06507146165521505 8.46804141998291 2.8910882472991943 3.8274123668670654 -3.1390096653993393 9.901079509403502 0.026915791229834965 7261 0 True
car 24.373617513990666 36.014601514301866 -1.1546417500040302 4.855708599090576 2.0327565670013428 1.6493593454360962 1.5744632349870469 -11.749821400928257 -0.05954484682046311 7242 0 False
car -9.163748704717307 -4.042814731733869 -1.1145779224011334 5.237514495849609 1.9297595024108887 1.638383150100708 -3.138922047473484 -5.860321027367696e-09 7.0874739149495e-08 7243 531 True
motorcycle -63.609195215982254 -0.20631323035885618 -1.1233451706686515 2.0333523750305176 0.8025798797607422 1.4992754459381104 0.0029692575778916684 -1.7746745816769085e-07 -1.1145052372000489e-08 7257 0 False
pedestrian -37.856873130420695 27.721614746856964 -0.8598288772154818 0.3753577768802643 0.3753577768802643 1.8600000143051147 1.5945148236876592 -1.6839622203289613 -0.08058694325299266 7251 0 False
pedestrian -32.73651548013146 -7.890939485222651 -0.8558581206763376 0.3753577768802643 0.3753577768802643 1.8600000143051147 3.071013893881056 1.4944917014023922 -0.21949660498887708 7249 1 True
pedestrian -29.255828131986505 8.671161018430814 -0.9664332973759988 0.3753577768802643 0.3753577768802643 1.8600000143051147 -2.824817642229716 1.416110360542063 1.0347161101438989 7245 1 True
pedestrian -38.3640498320961 -1.483568870217358 -1.7206238964019986 0.3753577768802643 0.3753577768802643 1.8600000143051147 -2.045013308426751 -0.014429646139113359 -0.02438396457004218 7247 1 True
pedestrian -38.12261689617708 36.42267088852202 -0.8613372544048143 0.3753577768802643 0.3753577768802643 1.8600000143051147 1.6103575561565822 -1.8252106247886182 -0.13323274896361106 7253 0 False