-0.011371917091310024 -9.656927108764648
car -40.66506433274057 -19.865255209513748 -0.8965117584764231 4.181210041046143 1.994117259979248 1.3805816173553467 0.0011213230298360189 0.0 0.0 20001 1 True
car -40.141238089314044 -94.1429252436103 -0.9228327043791644 5.357479572296143 2.033203125 1.4147460460662842 0.0011218556616041395 0.0 0.0 20003 0 True
car -63.18585932490848 -27.100009863368825 -0.5768568248245898 4.4777727127075195 2.069315195083618 2.0377910137176514 1.571916722503789 0.0 0.0 20011 0 False
car -18.9818883545843 53.419990166843434 -1.134092630619286 3.633375883102417 1.845113754272461 1.5012825727462769 -3.1393633328933714 0.022206434927679413 -6.671707066641213 7259 0 False
car 29.93252736723254 -33.48700531641981 -1.1187532497216344 4.552699089050293 2.097072124481201 1.7671663761138916 1.5725772869999401 -0.020302286883730553 8.620857365160763 7256 0 True
car 16.21448036977199 0.01908211299831919 -1.2612854740784256 4.673638820648193 1.8118125200271606 1.441947340965271 0.0017025574467976886 0.018463733078267427 -8.089869528812883 7244 95 True
car -0.002594839958383943 2.6024524686363293e-06 -1.2215851548240417 4.673638820648193 1.8118125200271606 1.441947340965271 0.0 -0.011371916934700032 -9.656926642342908 -100 1359 False
car -18.95557995352374 -4.040342485985889 -1.1751848013853046 4.673638820648193 1.8118125200271606 1.441947340965271 -3.139613669824388 0.023543455605671164 -8.070810873920337 7258 83 True
truck 33.94368100832603 -35.06333529628546 -0.1136489589027243 8.46804141998291 2.8910882472991943 3.8274123668670654 -1.5690271951616075 -0.010262247991343575 5.192375680221987 7261 60 True
car 33.95650611753976 -49.27372220698987 -1.192143579017977 4.611005783081055 2.241713285446167 1.6672759056091309 -1.5693270668470596 -0.011377577194780563 7.748652147578739 7260 0 True
car 29.86798497900799 -11.188327808807287 -1.1363009476432244 4.855708599090576 2.0327565670013428 1.6493593454360962 1.582457926514821 0.01705522504647672 12.115461688112802 7242 64 True
car 33.836003775194676 24.537557990777884 -1.2059135102073328 5.237514495849609 1.9297595024108887 1.638383150100708 -1.5728706660003664 0.0011434379158672145 0.4731605191433766 7243 0 False
motorcycle 29.95890850331484 -50.631243216946416 -1.2488430742417995 2.0333523750305176 0.8025798797607422 1.499274730682373 1.5720804693867063 -0.012033611676928069 8.24200235823735 7257 0 False
pedestrian 11.662799456499691 -8.539625800760746 -0.9146315072350617 0.3753577768802643 0.3753577768802643 1.8600000143051147 -3.0213198825471665 0.4298102638313841 -1.6290709414983606 7251 7 True
pedestrian 38.944980773238925 17.41976105705885 -0.9802174717850283 0.9953577518463135 0.3753577768802643 1.8600000143051147 -1.5642659997863768 -0.03138985017446633 3.12876793195585 7249 1 True
pedestrian 15.161878144640085 3.920796060298869 -0.9137784800033919 0.3753577768802643 0.3753577768802643 1.8600000143051147 0.35831364094543455 1.078040409586128 -1.2592334260197902 7245 8 True
pedestrian 30.999202313184668 -10.44505150483917 -1.0965019805055918 0.3753577768802643 0.3753577768802643 1.8600000143051147 2.42409033385192 0.12128338602787773 0.6930906740788725 7247 0 True
pedestrian 4.512458400185029 -8.626335836925193 -0.8971782844882377 0.3753577768802643 0.3753577768802643 1.8600000143051147 -3.0660506979077655 0.18395619414968242 -1.7370179535263481 7253 30 True