-0.013529183343052864 -8.52711009979248
car -38.846460277762645 -19.87611691610141 -1.014219433590342 4.181210041046143 1.994117259979248 1.3805816173553467 0.0013929652315775552 0.0 0.0 20001 0 True
car -38.30237904383722 -94.15364363070367 -1.0434785784264582 5.357479572296143 2.033203125 1.4147460460662842 0.0013934978633456758 0.0 0.0 20003 0 True
car -61.366119309257684 -27.117005960053973 -0.7600980599106997 4.4777727127075195 2.069315195083618 2.0377910137176514 1.5721883647055306 0.0 0.0 20011 0 False
car -15.91391126101302 53.418327202467935 -1.184158071489244 3.633375883102417 1.845113754272461 1.5012825727462769 -3.1392191228421527 0.020064359844303787 -5.959864869662347 7259 0 False
car 31.758447073077075 -35.206159893201914 -1.0332209677021587 4.552699089050293 2.097072124481201 1.7671663761138916 1.572762832319232 -0.019127608662106013 7.945773852319983 7256 3 True
car 16.500017606873072 0.020790937712035884 -1.21432723913629 4.673638820648193 1.8118125200271606 1.441947340965271 0.001856221711900499 0.017348213491914167 -7.340419336305783 7244 98 True
car -0.002594291968904372 -1.0431191810766904e-05 -1.2215852532018445 4.673638820648193 1.8118125200271606 1.441947340965271 0.0 -0.0135291833959997 -8.527110465180916 -100 1348 False
car -15.613655272669789 -4.04197156122234 -1.2285146039142298 4.673638820648193 1.8118125200271606 1.441947340965271 -3.139697026696099 0.015895633165858944 -6.929931290642003 7258 112 True
truck 35.76200615775123 -34.03427380876542 -0.016402732803689313 8.46804141998291 2.8910882472991943 3.8274123668670654 -1.5688620793134902 -0.012747449648691947 5.02616607500093 7261 71 True
car 35.78123559643821 -47.75765366589388 -1.0959434479630663 4.611005783081055 2.241713285446167 1.6672759056091309 -1.5689688719829984 -0.014936127044955165 7.206510347364259 7260 5 True
car 31.716979438532814 -13.68992619252083 -1.1143133209326883 4.855708599090576 2.0327565670013428 1.6493593454360962 1.5727229254106556 -0.03292690754391149 13.394960008094868 7242 31 True
car 35.643120604087606 24.590553836159188 -1.1056367215931036 5.237514495849609 1.9297595024108887 1.638383150100708 -1.5724466911129422 -5.277284950987182e-05 -0.019208834392286385 7243 0 False
motorcycle 31.789106080953328 -52.23624805601128 -1.164097762966317 2.0333523750305176 0.8025798797607422 1.499274730682373 1.572351551112496 -0.01324359590048989 7.725404101878671 7257 0 False
pedestrian 13.813372438751124 -8.496473095701958 -0.8802484766895922 0.3753577768802643 0.3753577768802643 1.8600000143051147 -2.99278267083274 0.47226451960867316 -1.532465385485681 7251 7 True
pedestrian 40.7482171974194 18.056856913420404 -0.8655382712359079 0.9953577518463135 0.3753577768802643 1.8600000143051147 -1.5733223377397323 -0.0011517241592538393 3.0218875432819803 7249 0 False
pedestrian 16.670755128690953 3.810840276078636 -0.8688295314494721 0.3753577768802643 0.3753577768802643 1.8600000143051147 0.34921895350477433 0.9326183258588482 -1.17290335096709 7245 12 True
pedestrian 32.49868475278541 -10.635800032066243 -0.9751274721403624 0.9953577518463135 0.3753577768802643 1.8600000143051147 3.0781503606262204 -0.28080289419385634 -2.1282607611600954 7247 2 True
pedestrian 6.694149657320736 -8.599242428461991 -0.8834560267429874 0.3753577768802643 0.3753577768802643 1.8600000143051147 -3.109815585556878 0.11477658607700987 -1.7420571977023522 7253 32 True