0.07305600494146347 -8.330371856689453
car -29.650837395723627 -19.442523941701552 -1.0410739544563141 4.181210041046143 1.994117259979248 1.3805816173553467 -0.012555062880198161 0.0 0.0 20001 0 False
car -30.142806144472587 -93.72025325325816 -1.196536212743635 5.357479572296143 2.033203125 1.4147460460662842 -0.01255453024843004 0.0 0.0 20003 0 True
car -52.269282454806174 -26.369036866450926 -0.7972520336941509 4.4777727127075195 2.069315195083618 2.0377910137176514 1.558240336593755 0.0 0.0 20011 0 False
car -0.9210817461898415 53.46969272916209 -1.0862651345288525 3.633375883102417 1.845113754272461 1.5012825727462769 3.1302424133381312 -0.031311451708779026 -3.207992878440279 7259 0 False
car 40.63091064388165 -44.270077719275776 -1.1065308330495245 4.552699089050293 2.097072124481201 1.7671663761138916 1.5587557826323462 0.10105809681397723 8.77630118304627 7256 0 False
car 15.126617356882463 -0.18949741069172887 -1.2157967130655176 4.673638820648193 1.8118125200271606 1.441947340965271 -0.011784611027611625 -0.11382845612902102 -10.257469756116791 7244 120 True
car -0.002590648557877273 6.211506047293369e-06 -1.2215853286133354 4.673638820648193 1.8118125200271606 1.441947340965271 0.0 0.0730560041270588 -8.33037133505347 -100 1384 False
car -0.04606889523429203 -4.00839437483728 -1.2284102839950006 4.673638820648193 1.8118125200271606 1.441947340965271 3.1288248138872783 -0.08623317750324247 -7.20645108249539 7258 2970 True
truck 44.814356172893454 -29.503249751815474 -0.0655882572837001 8.46804141998291 2.8910882472991943 3.8274123668670654 -1.582722223183526 0.03998283230592055 3.5390982218150837 7261 52 True
car 44.65527782735046 -42.19648122905522 -1.1662211632582475 4.611005783081055 2.241713285446167 1.6672759056091309 -1.5829946643329194 0.04838764514840015 4.083378156094443 7260 0 False
car 40.81449344477286 -29.003320964214367 -1.1663432352535195 4.855708599090576 2.0327565670013428 1.6493593454360962 1.5587606169223287 0.12496068107677075 10.826442274026464 7242 0 True
car 45.45173290560433 23.98389669424199 -1.0635792867395488 5.237514495849609 1.9297595024108887 1.638383150100708 -1.5864003118582832 -8.697606739370055e-07 -0.00010491041888006874 7243 0 False
motorcycle 40.42862291957649 -60.68004649826344 -1.265307191733228 2.0333523750305176 0.8025798797607422 1.499274730682373 1.558306254606622 0.10028337331210538 8.061822392428258 7257 0 False
pedestrian 24.836097256887584 -8.623165010222579 -0.8914982915299345 0.3753577768802643 0.3753577768802643 1.8600000143051147 -3.13086213040034 0.024947294682144194 -1.3786425325774885 7251 1 True
pedestrian 50.505382441203025 20.783533477366177 -0.8290663727019179 0.9953577518463135 0.3753577768802643 1.8600000143051147 -1.5817637523167927 0.014161266772496161 3.287537226622553 7249 0 False
pedestrian 24.808633177429854 3.126239456005635 -0.861511116901988 0.3753577768802643 0.3753577768802643 1.8600000143051147 -0.021212992270999483 0.09021574001340067 -1.7513284282679884 7245 2 True
pedestrian 45.313174189271734 -11.695026979764748 -0.9921401732547483 0.9953577518463135 0.3753577768802643 1.8600000143051147 3.0606178538729347 -0.515480128367094 -3.657371208839904 7247 4 True
pedestrian 17.989832610797848 -8.704589088798912 -0.8942790300956771 0.3753577768802643 0.3753577768802643 1.8600000143051147 -3.070412952088674 0.22949079554238966 -1.8346109505113832 7253 12 True