9.434223175048828 -0.009365135803818703
car -52.91658140055466 70.47911561574821 -1.1025271503899077 4.181210041046143 1.994117259979248 1.3805816173553467 -1.5696774056526148 0.0 0.0 20001 0 False
car -60.1517464863835 93.0006715533526 -0.853601420194134 4.4777727127075195 2.069315195083618 2.0377910137176514 0.0011179938213381486 0.0 0.0 20011 0 False
car -61.06561682942424 -0.10951668585704866 -1.1627984538686276 4.552699089050293 2.097072124481201 1.7671663761138916 0.0008655263631219666 5.551012818691303e-10 1.070568529452895e-10 7256 7 True
car 19.953745627455987 10.462786093098984 -1.182301081953938 4.673638820648193 1.8118125200271606 1.441947340965271 1.5872213634687669 -10.15401285273993 0.008897823765407667 7244 61 True
car -0.0025844616815220434 2.5506751466508604e-07 -1.221585171914509 4.673638820648193 1.8118125200271606 1.441947340965271 0.0 9.434222136900956 -0.009365135449203183 -100 1412 False
car 20.388777667718955 40.08005374852461 -1.0916673118321338 4.855708599090576 2.0327565670013428 1.6493593454360962 1.572869999950582 -8.88903502035564 -0.02854923780869091 7242 0 False
car -13.192060584836668 -4.02893286671459 -1.1477100840476018 5.237514495849609 1.9297595024108887 1.638383150100708 -3.140253094522091 -1.6815606004276676e-08 -3.7303908361211415e-08 7243 227 True
motorcycle -67.63212062961861 -0.11997727521598867 -1.3056766071541057 2.0333523750305176 0.8025798797607422 1.4992756843566895 0.0016382105292840343 2.3367010711564643e-09 -5.7042939544271496e-08 7257 0 False
pedestrian -41.858195382178224 28.453930939751757 -0.9681953228591242 0.3753577768802643 0.3753577768802643 1.8600000143051147 1.5925824353728435 -1.703464921633363 -0.07228502781665441 7251 0 False
pedestrian -38.071979489274725 -7.753064494464533 -0.9567252736755594 0.9953577518463135 0.3753577768802643 1.8600000143051147 3.0704977734376726 3.5498915255547763 -0.5126194493830407 7249 5 True
pedestrian -33.93437527973623 8.494132355597372 -1.054556988716961 0.3753577768802643 0.3753577768802643 1.8600000143051147 -2.8261486892783236 1.4174841760729873 1.0328306953620308 7245 1 True
pedestrian -42.37153114589319 -1.40027910431869 -1.8336596363547135 0.3753577768802643 0.3753577768802643 1.8600000143051147 -2.0463447549491844 -0.020796102847230546 -0.0388956282910241 7247 0 True
pedestrian -42.09541338624473 37.2041186573618 -0.9693874067810355 0.3753577768802643 0.3753577768802643 1.8600000143051147 1.5690383801686638 -1.822995976916223 0.0008582166106004198 7253 0 False