0.015701748430728912 -8.479406356811523
car -48.660447946872694 -19.650497694206706 -0.9780065020448996 4.181210041046143 1.994117259979248 1.3805816173553467 -0.003506314929538303 0.0 0.0 20001 3 True
car -48.48029708298152 -93.9297998701822 -0.9990350384988952 5.357479572296143 2.033203125 1.4147460460662842 -0.0035057822977701825 0.0 0.0 20003 0 False
car -71.21510344983247 -26.780940610690493 -0.7052681106711105 4.4777727127075195 2.069315195083618 2.0377910137176514 1.5672890845444147 0.0 0.0 20011 0 False
car -33.84036284552306 53.5504857323769 -1.1713498129353095 3.633375883102417 1.845113754272461 1.5012825727462769 3.1393730534231397 -0.008462261786093354 -9.204314210535589 7259 0 False
car 21.888712068027587 -28.465125899527834 -1.0537069024522754 4.552699089050293 2.097072124481201 1.7671663761138916 1.5677135200229526 0.00606239603235779 2.4297259125611896 7256 25 True
car 15.628448937633209 0.5181572814185529 -1.2257014318171393 4.673638820648193 1.8118125200271606 1.441947340965271 0.2384648352211846 4.407227037048232 -7.455504415843726 7244 131 True
car -0.0025913243052571033 1.5094379193669738e-05 -1.2215854624449212 4.673638820648193 1.8118125200271606 1.441947340965271 0.0 0.01570174835021948 -8.479406371212333 -100 1354 False
car -35.977139125934855 -3.901580717525917 -1.2089235063139925 4.673638820648193 1.8118125200271606 1.441947340965271 3.138850674816555 -0.025915363432152665 -12.096957289189273 7258 10 True
truck 25.860825029174606 -40.37074544003133 -0.03788830338315119 8.46804141998291 2.8910882472991943 3.8274123668670654 -1.5755265011541577 0.028475667111440884 6.3380494926035595 7261 61 True
car 25.79737660986899 -57.50610266052587 -1.1146070155986436 4.611005783081055 2.241713285446167 1.6672759056091309 -1.574101178542667 0.032345185669644956 10.123081407321218 7260 6 True
car 21.992034920289086 -0.3992807634757014 -1.1368747095262566 4.855708599090576 2.0327565670013428 1.6493593454360962 1.5712959492805112 -0.06194215065724611 14.153493951009237 7242 72 True
car 26.037521356112023 22.030744137390116 -1.1329797086829583 5.237514495849609 1.9297595024108887 1.638383150100708 -1.5749070504078333 0.019793206792216245 5.1283948033054205 7243 0 True
motorcycle 21.841996591249654 -44.15946356735304 -1.1806769855361416 2.0333523750305176 0.8025798797607422 1.4992748498916626 1.567836719337371 0.019200896719236766 8.152811071669802 7257 0 False
pedestrian 2.3560668598654217 -8.565714622361156 -0.8863433978165403 0.3753577768802643 0.3753577768802643 1.8600000143051147 -3.1356608763152227 0.01629718299941502 -1.5627237751959009 7251 22 True
pedestrian 31.078706011753553 14.431384291375537 -0.896337822664854 0.9953577518463135 0.3753577768802643 1.8600000143051147 -1.5878369528948464 0.10348833831639866 3.1479124307486073 7249 2 True
pedestrian 8.303680989040686 3.9704391235350727 -0.8796581647398674 0.3753577768802643 0.3753577768802643 1.8600000143051147 -0.1417387729725308 -0.19802976044849 -1.1886820265618963 7245 11 True
pedestrian 23.464733031864753 -9.879271152874253 -1.2995864984364738 0.3753577768802643 0.3753577768802643 1.8600000143051147 2.0185382804710597 -0.2434797967269105 -0.00013980625809845924 7247 0 True
pedestrian -5.0844622102955555 -8.761905448068774 -0.8838034874857528 0.3753577768802643 0.3753577768802643 1.8600000143051147 -3.1153630785797968 0.19625530872936633 -1.7910748249430462 7253 19 True