11.664118766784668 -0.1637636125087738
car -40.114088665587815 69.91417164733551 -1.0114062097460454 4.181210041046143 1.994117259979248 1.3805816173553467 -1.5567158123556208 0.0 0.0 20001 0 False
car -47.639346208898644 92.34050013153478 -0.7656661922168126 4.4777727127075195 2.069315195083618 2.0377910137176514 0.014079587118332086 0.0 0.0 20011 0 False
car -47.3477431451841 -0.7741013627555908 -0.9218190681309455 4.552699089050293 2.097072124481201 1.7671663761138916 0.013827119660115903 -2.5045969570601413e-10 -7.80458633520968e-10 7256 15 True
car 22.537283233965695 0.3953152552754853 -1.28048818586803 4.673638820648193 1.8118125200271606 1.441947340965271 0.09711216098364525 14.914915662906841 2.682898798087343 7244 52 True
car -0.0025828540540828726 7.697607502521464e-07 -1.2215853870379179 4.673638820648193 1.8118125200271606 1.441947340965271 0.0 11.664119343456733 -0.1637636278628303 -100 1366 False
car -24.933541429181787 111.31927432675425 -1.3480352154928248 4.673638820648193 1.8118125200271606 1.441947340965271 1.5855920421098635 -7.218642158675144 -0.11279484076988094 7258 0 False
truck -95.19286551116983 -5.46521030960187 0.22617569371391477 8.46804141998291 2.8910882472991943 3.8274123668670654 -3.127493634981099 9.460332631635465 0.13352713219009402 7261 0 True
car 33.83690622506316 22.73386315456537 -1.2559842115743631 4.855708599090576 2.0327565670013428 1.6493593454360962 1.5781439857803483 -17.921553419338295 -0.12213545817208084 7242 0 False
car 0.5721743953484975 -4.073031114638877 -1.1177034270007886 5.237514495849609 1.9297595024108887 1.638383150100708 -3.1272915012250975 -4.2814818680013875e-09 -7.51025584014731e-10 7243 3765 True
motorcycle -53.914169228598496 -0.8698569486251246 -1.0348898107355555 2.0333523750305176 0.8025798797607422 1.499274730682373 0.014599803371148285 -4.0389086225970255e-05 -8.108876097244132e-07 7257 0 False
pedestrian -28.43174839079677 25.90214604641433 -0.8565959419551001 0.3753577768802643 0.3753577768802643 1.8600000143051147 1.5968341676816442 -1.5701815271094388 -0.08152724222058749 7251 1 True
pedestrian -20.002419413785958 -8.378698919427883 -0.8185105588089419 0.9953577518463135 0.3753577768802643 1.8600000143051147 3.0487432270362143 3.5155435825642805 -0.7118078072063064 7249 9 True
pedestrian -18.172102277236718 8.915714179854039 -0.9573425493396499 0.3753577768802643 0.3753577768802643 1.8600000143051147 -2.813161795972344 1.4037922180721216 1.0516059359540473 7245 4 True
pedestrian -28.688463814685406 -1.9177039217230432 -1.675173080783996 0.3753577768802643 0.3753577768802643 1.8600000143051147 -2.0333818300727704 -0.000352676596965753 0.002482722041020233 7247 0 True
pedestrian -28.799090443453508 34.41705760659664 -0.8702628925588076 0.3753577768802643 0.3753577768802643 1.8600000143051147 1.6086833603111403 -1.8113226716436253 -0.08585271061791955 7253 0 False