11.141899108886719 -0.27947282791137695
car -38.65540846747501 69.4295780180905 -1.0184604940232127 4.181210041046143 1.994117259979248 1.3805816173553467 -1.5442852511109244 0.0 0.0 20001 0 False
car -46.4585842656611 91.76077629228294 -0.7772712942013911 4.4777727127075195 2.069315195083618 2.0377910137176514 0.026510148363028466 0.0 0.0 20011 0 False
car -45.00986119343145 -1.343083032459063 -0.8859367379993142 4.552699089050293 2.097072124481201 1.7671663761138916 0.026257680904812283 2.577131790890287e-10 3.555640379095853e-10 7256 11 True
car 21.791101257857747 0.47812288160576344 -1.299052346159589 4.673638820648193 1.8118125200271606 1.441947340965271 0.0361408693409827 15.216124464865201 0.7257519174735308 7244 63 True
car -0.0026031507155721556 -1.1253822425061344e-06 -1.2215849694129859 4.673638820648193 1.8118125200271606 1.441947340965271 0.0 11.141899017000226 -0.2794728660228559 -100 1371 False
car -23.9523547995708 109.59649117339141 -1.3873428219996171 4.673638820648193 1.8118125200271606 1.441947340965271 1.5978255296003554 -7.200505076668739 -0.19855093937041898 7258 0 False
truck -90.90968033589337 -6.577894353137262 0.3019490440856293 8.46804141998291 2.8910882472991943 3.8274123668670654 -3.115052953732808 9.355376126637674 0.24854677824313817 7261 0 True
car 35.9873516969098 19.637198047017378 -1.2994430273833482 4.855708599090576 2.0327565670013428 1.6493593454360962 1.5987933215230306 -17.236761919019347 -0.7000914673521028 7242 0 False
car 2.947155008757022 -4.046304851020765 -1.12439438132373 5.237514495849609 1.9297595024108887 1.638383150100708 -3.114860939980401 -4.436038307008359e-09 -1.7111705884102097e-09 7243 2627 True
motorcycle -51.57481287690263 -1.5205022748217125 -0.9929196498647268 2.0333523750305176 0.8025798797607422 1.499274730682373 0.02703042108443483 -0.0001301708391921996 -4.024980839314895e-06 7257 0 False
pedestrian -26.41220540229739 25.252072234985448 -0.8512054898835189 0.3753577768802643 0.3753577768802643 1.8600000143051147 1.6105658151779174 -1.566527630379142 -0.10767091494791556 7251 0 True
pedestrian -16.856990565550575 -8.66481873100476 -0.806361748736024 0.9953577518463135 0.3753577768802643 1.8600000143051147 3.061173788280911 3.524109968908729 -0.6680652566938927 7249 13 True
pedestrian -15.626387193550329 8.82580057268887 -0.9548051446168793 0.3753577768802643 0.3753577768802643 1.8600000143051147 -2.800592484152052 1.3892009451275698 1.0703724785040474 7245 4 True
pedestrian -26.34496477917736 -2.268369277360531 -1.6558862130804015 0.3753577768802643 0.3753577768802643 1.8600000143051147 -2.02095100251219 0.002064222137044892 0.007530334131580777 7247 0 True
pedestrian -26.88463121083805 33.71354710567188 -0.8687931598299965 0.3753577768802643 0.3753577768802643 1.8600000143051147 1.6188967086630925 -1.8091275971742313 -0.0941146447006586 7253 0 True