0.008280555717647076 -9.292601585388184
car -33.58927067384707 -19.732850829294307 -0.9161425529817695 4.181210041046143 1.994117259979248 1.3805816173553467 -0.0027936536237928604 0.0 0.0 20001 0 True
car -33.35624411597128 -94.01199184280651 -0.9688271483708726 5.357479572296143 2.033203125 1.4147460460662842 -0.0027931209920247393 0.0 0.0 20003 0 True
car -56.138171518730346 -26.879497044593222 -0.5957766260784192 4.4777727127075195 2.069315195083618 2.0377910137176514 1.5680017458501603 0.0 0.0 20011 0 False
car -7.416673277721074 53.45936117631874 -1.1413388296809348 3.633375883102417 1.845113754272461 1.5012825727462769 3.139881317287869 -0.002577152430414066 -4.1684847227881 7259 0 False
car 36.94050335651552 -39.72911024071567 -1.1574542921854674 4.552699089050293 2.097072124481201 1.7671663761138916 1.568517387757062 0.011824016803041494 6.751764830827219 7256 0 True
car 16.648860707662802 -0.05573197051069201 -1.2648847840026871 4.673638820648193 1.8118125200271606 1.441947340965271 -0.0022583586968315974 -0.0185852240996184 -10.942268442604794 7244 79 True
car -0.0025963711790168986 6.4852790728764376e-06 -1.2215853633044436 4.673638820648193 1.8118125200271606 1.441947340965271 0.0 0.008280555323133114 -9.29260200280269 -100 1357 False
car -7.021639482803394 -4.003770055522807 -1.2056339834814365 4.673638820648193 1.8118125200271606 1.441947340965271 3.1377019212506614 -0.01766151277602714 -4.559599787074413 7258 671 True
truck 40.96866149287414 -31.166453081123223 -0.14962822027517308 8.46804141998291 2.8910882472991943 3.8274123668670654 -1.5730164739468893 0.007862974692070507 4.802918218485889 7261 51 True
car 40.92933623392372 -44.173066434485236 -1.2305282451925947 4.611005783081055 2.241713285446167 1.6672759056091309 -1.573381593023936 0.01000001424756672 5.152321012122021 7260 0 False
car 36.97936845997855 -22.469418300265318 -1.2350615058459011 4.855708599090576 2.0327565670013428 1.6493593454360962 1.5685389110023966 0.023732846534025673 13.618519544926555 7242 7 True
car 41.085203832477845 24.424668402107216 -1.2206711036782458 5.237514495849609 1.9297595024108887 1.638383150100708 -1.5766389026018777 2.700622354385537e-07 -6.750973521101392e-06 7243 0 False
motorcycle 36.898929820723815 -56.38236388307382 -1.2929588633717497 2.0333523750305176 0.8025798797607422 1.4992749691009521 1.5681637337868835 0.016986688118687126 6.825400481694273 7257 0 False
pedestrian 20.05861454444092 -8.433712244786932 -0.9410896779164508 0.3753577768802643 0.3753577768802643 1.8600000143051147 -3.022745205158657 0.28803093035469435 -1.4896870694416093 7251 6 True
pedestrian 46.16197946601897 19.720185634335962 -0.9973209096789875 0.9953577518463135 0.3753577768802643 1.8600000143051147 -1.5692963073624504 0.004642739891049424 2.970322597316058 7249 0 False
pedestrian 21.253574917647164 3.459663569960469 -0.9304517365384664 0.3753577768802643 0.3753577768802643 1.8600000143051147 0.16233417870839437 0.30396946416139187 -1.1067798735984442 7245 4 True
pedestrian 39.45344018082069 -11.119607460135228 -1.0953483613292274 0.9953577518463135 0.3753577768802643 1.8600000143051147 3.0687339635976154 -0.525328592778004 -3.6559714095810905 7247 1 True
pedestrian 13.045683597478373 -8.606894419571006 -0.9230251919661425 0.3753577768802643 0.3753577768802643 1.8600000143051147 -3.053855294628991 0.30009517114097767 -1.7800627632092902 7253 19 True