-0.002205054508522153 -7.19490909576416
car -57.540567955291294 -19.821956901463693 -1.058251543387135 4.181210041046143 1.994117259979248 1.3805816173553467 -3.2890011681450734e-05 0.0 0.0 20001 2 True
car -57.10238068327115 -94.10018372092367 -1.0834802797939536 5.357479572296143 2.033203125 1.4147460460662842 -3.235737991333008e-05 0.0 0.0 20003 0 False
car -80.07068611412754 -27.030715641268216 -0.818128027387782 4.4777727127075195 2.069315195083618 2.0377910137176514 1.5707625094622715 0.0 0.0 20011 0 False
car -54.75386016213049 53.4140124107592 -1.2388826213599793 3.633375883102417 1.845113754272461 1.5012825727462769 -3.14053072857115 0.0270390805300482 -12.27063385004221 7259 0 False
car 13.038651916721271 -28.052309818025492 -1.0322085895471362 4.552699089050293 2.097072124481201 1.7671663761138916 1.5705100420040554 -1.0942348768952e-07 -3.003292998572336e-06 7256 27 True
car 12.085986915964924 7.34908667572995 -1.2071980754649694 4.673638820648193 1.8118125200271606 1.441947340965271 1.3152278081125153 3.599284649345694 6.828709700980996 7244 197 True
car -0.002593906349515507 -3.1444226351595717e-06 -1.2215850200563283 4.673638820648193 1.8118125200271606 1.441947340965271 0.0 -0.0022050544831917623 -7.194909102423304 -100 1356 False
car -60.52914520274368 -4.038906719963165 -1.2871836458648735 4.673638820648193 1.8118125200271606 1.441947340965271 -3.1411645603752136 0.01381575965682754 -16.003882508655792 7258 6 True
truck 17.05179023122243 -47.87360071800316 -0.012796979432968314 8.46804141998291 2.8910882472991943 3.8274123668670654 -1.5708330831714206 -0.0017830766783867935 7.358313682491629 7261 54 True
car 17.049687690489712 -70.0656761204358 -1.09071756350174 4.611005783081055 2.241713285446167 1.6672759056091309 -1.570592866243998 -0.0052014726034972 12.72164388321814 7260 0 False
car 13.017442525257447 17.787809442523496 -1.1139334689039952 4.855708599090576 2.0327565670013428 1.6493593454360962 1.571465087109652 -0.02305088392755641 16.64221616238388 7242 112 True
car 17.013225332408723 19.816191552526277 -1.104440405469879 5.237514495849609 1.9297595024108887 1.638383150100708 -1.5706091115129257 1.7815526896256745e-06 -0.001988051294663182 7243 27 True
motorcycle 13.045190746151967 -40.976015815865765 -1.1637099393242365 2.0333523750305176 0.8025798797607422 1.4992748498916626 1.5713868740486188 -0.0028920868142608635 2.3744912744318305 7257 1 True
pedestrian -8.291154118234726 -8.663631614537735 -0.8949996355851861 0.3753577768802643 0.3753577768802643 1.8600000143051147 -3.1225723827192517 0.07648713627516492 -1.5153721496720076 7251 4 True
pedestrian 22.019540750785897 10.954894064700966 -0.8608180828892329 0.9953577518463135 0.3753577768802643 1.8600000143051147 -1.629950948378669 0.23551779944960638 3.1955715320068534 7249 5 True
pedestrian 0.8919677906283656 3.9593501052167426 -0.8755082691275218 0.3753577768802643 0.3753577768802643 1.8600000143051147 0.08022552954610188 0.2135236385046273 -1.232531224344733 7245 132 True
pedestrian 14.642060740992832 -9.51112779101112 -1.7370641735438508 0.3753577768802643 0.3753577768802643 1.8600000143051147 2.664895220167372 -0.052360777088315366 0.026581473842872804 7247 13 True
pedestrian -15.948986296480097 -8.846199440013152 -0.9033265818962026 0.3753577768802643 0.3753577768802643 1.8600000143051147 -3.08328599613444 0.20104040820806074 -1.7817422410427979 7253 18 True