9.243937492370605 -0.005491796415299177
car -54.72348293973937 70.50061059068956 -1.0585019682156473 4.181210041046143 1.994117259979248 1.3805816173553467 -1.570081672839526 0.0 0.0 20001 0 False
car -61.949331649846215 93.02508386374875 -0.80291578110928 4.4777727127075195 2.069315195083618 2.0377910137176514 0.0007137266344271996 0.0 0.0 20011 0 False
car -62.90110718345284 -0.08472253284029607 -1.1139707819897375 4.552699089050293 2.097072124481201 1.7671663761138916 0.0004612591762110177 -1.5495226114215156e-10 2.4964008050456546e-10 7256 9 True
car 18.171703037359066 12.553207465696321 -1.2020798223772742 4.673638820648193 1.8118125200271606 1.441947340965271 1.5368169548392392 -10.875294040612129 0.7795396654674033 7244 50 True
car -0.002623164886529139 -2.0939258416063922e-07 -1.2215852887677392 4.673638820648193 1.8118125200271606 1.441947340965271 0.0 9.243937492174593 -0.005491796764520678 -100 1380 False
car 18.566494425184374 41.72032783560224 -1.109895204664768 4.855708599090576 2.0327565670013428 1.6493593454360962 1.5725303143655556 -7.661834218303901 -0.024122429261984744 7242 0 False
car -15.02914102782239 -4.023494955934057 -1.1388718926052699 5.237514495849609 1.9297595024108887 1.638383150100708 -3.1406573617090023 -6.588629135394536e-08 -4.822551845359421e-08 7243 153 True
motorcycle -69.46773177701743 -0.09252412307674085 -1.2513792086854147 2.0333523750305176 0.8025798797607422 1.4992756843566895 0.0012339433423730855 -1.2075308617601277e-08 5.6665931760156e-08 7257 0 False
pedestrian -43.68936556981106 28.810310533992364 -0.9345914637030468 0.3753577768802643 0.3753577768802643 1.8600000143051147 1.5925177209381094 -1.6977113976647813 -0.07204939108230182 7251 0 False
pedestrian -40.62594893368396 -7.686339897744361 -0.9280390729873726 0.9953577518463135 0.3753577768802643 1.8600000143051147 3.0701108167832256 3.5497234195191303 -0.5136286734397773 7249 0 True
pedestrian -36.09978605170579 8.399278192451037 -1.0284403774615183 0.3753577768802643 0.3753577768802643 1.8600000143051147 -2.8265529564652345 1.4179034394414578 1.0322574723833464 7245 3 True
pedestrian -44.200063786947226 -1.3673465960118643 -1.800446562344359 0.3753577768802643 0.3753577768802643 1.8600000143051147 -2.046749554767864 -0.024699999622094914 -0.04502984909557892 7247 0 True
pedestrian -43.921630270163064 37.58594736144226 -0.9353397073103416 0.3753577768802643 0.3753577768802643 1.8600000143051147 1.5772423744601771 -1.8235353164065786 -0.03597653160438736 7253 0 False