-0.0019845711067318916 -7.425199508666992
car -53.80495256600483 -19.820889700713337 -1.1637037940483466 4.181210041046143 1.994117259979248 1.3805816173553467 -8.775108379787868e-05 0.0 0.0 20001 1 True
car -53.37078874461169 -94.09913921481214 -1.1925381681053313 5.357479572296143 2.033203125 1.4147460460662842 -8.721845202975803e-05 0.0 0.0 20003 0 False
car -76.33590424859555 -27.028424643833205 -0.9694385678007869 4.4777727127075195 2.069315195083618 2.0377910137176514 1.5707076483901552 0.0 0.0 20011 0 False
car -45.20138514240431 53.42231473224865 -1.316517257804353 3.633375883102417 1.845113754272461 1.5012825727462769 -3.140399301682366 0.02738418894841595 -10.894177159918367 7259 0 False
car 16.773618884886695 -28.055367490726383 -0.9960555005675221 4.552699089050293 2.097072124481201 1.7671663761138916 1.5704551809644482 -1.9252576684775807e-06 -0.00029938026755106916 7256 27 True
car 14.199024462950597 3.3423548450367093 -1.175153452594602 4.673638820648193 1.8118125200271606 1.441947340965271 0.8856939927272797 7.883725757607538 2.2626118285777443 7244 194 True
car -0.0025935325515504815 3.117735798241483e-05 -1.2215853103173027 4.673638820648193 1.8118125200271606 1.441947340965271 0.0 -0.0019845710416615658 -7.425199591587461 -100 1360 False
car -49.15826107862681 -4.034345960049222 -1.3739848008642443 4.673638820648193 1.8118125200271606 1.441947340965271 -3.1409041034406027 0.02116753188073501 -14.386560792747737 7258 6 True
truck 20.782555189115516 -44.27934517018525 0.03061075724408946 8.46804141998291 2.8910882472991943 3.8274123668670654 -1.5706498578431871 -0.0030473298457893597 6.976245553972013 7261 68 True
car 20.78204628137675 -63.966625278170966 -1.0485590934572464 4.611005783081055 2.241713285446167 1.6672759056091309 -1.5707563841968113 -0.0013946726923844467 11.598590645256616 7260 7 True
car 16.76201493761526 9.077573634324438 -1.0784399848470714 4.855708599090576 2.0327565670013428 1.6493593454360962 1.5717340961260937 -0.035712547480151735 17.070833450377023 7242 169 True
car 20.750938856128204 19.934532417760863 -1.0572662541024052 5.237514495849609 1.9297595024108887 1.638383150100708 -1.5706637062691582 -0.0006745131979998282 2.3281043873620115 7243 20 True
motorcycle 16.78039855413359 -42.311707710779274 -1.1267599796488939 2.0333523750305176 0.8025798797607422 1.4992746114730835 1.5713076750466513 -0.0028315865050983846 1.697891581830016 7257 0 False
pedestrian -3.7800336080667662 -8.635348498181429 -0.8980797747013649 0.3753577768802643 0.3753577768802643 1.8600000143051147 -3.030107241457621 0.33332964706821366 -1.6503585909016831 7251 12 True
pedestrian 25.80024543294588 12.629093656298153 -0.8037716425078152 0.9953577518463135 0.3753577768802643 1.8600000143051147 -1.5777732751100328 0.049536678762804924 3.1364493604197796 7249 0 True
pedestrian 3.8835757170180703 3.8846265288386235 -0.8640361585676106 0.3753577768802643 0.3753577768802643 1.8600000143051147 -0.025220913168165417 -0.04369607204765118 -0.21417612171915393 7245 33 True
pedestrian 18.406524522479554 -9.527935751312327 -1.6962799135158608 0.3753577768802643 0.3753577768802643 1.8600000143051147 2.6648404922531976 -0.05129106468820963 0.026321463656815074 7247 9 True
pedestrian -11.321521060063155 -8.801727277766645 -0.9214944044731535 0.3753577768802643 0.3753577768802643 1.8600000143051147 -3.124401040737152 0.0614678578054917 -1.7575526787041533 7253 24 True