3.428487777709961 -6.920705318450928
car -68.37494727472446 5.715951039465722 -1.134585023998035 4.181210041046143 1.994117259979248 1.3805816173553467 -0.3922059324565464 0.0 0.0 20001 0 True
car -96.35898862965017 -63.08479163960715 -0.24055588084445745 5.357479572296143 2.033203125 1.4147460460662842 -0.3922053998247782 0.0 0.0 20003 0 False
car -91.94973490181818 7.668494467562368 -0.9176035344086202 4.4777727127075195 2.069315195083618 2.0377910137176514 1.1785894670174066 0.0 0.0 20011 0 False
car -50.20106377523055 77.42783716439845 -2.2862467173649783 3.633375883102417 1.845113754272461 1.5012825727462769 2.750478359511057 -5.460538192177439 -13.282875194000034 7259 0 False
car -6.299673817240873 -28.861455017928677 -0.655682006051066 4.552699089050293 2.097072124481201 1.7671663761138916 1.1783369995591906 -2.817675255581064e-09 -1.6561230540518611e-09 7256 31 True
car 9.056847375926651 8.97831268879338 -1.336161693879312 4.673638820648193 1.8118125200271606 1.441947340965271 1.0980267565948432 3.7648504320186724 6.319175988067531 7244 234 True
car -0.002590990558346107 -6.497487788692524e-06 -1.2215854218143178 4.673638820648193 1.8118125200271606 1.441947340965271 0.0 3.4284879043860896 -6.92070582850962 -100 1375 False
car -79.27146338050835 27.28899630814999 -1.6664367705673406 4.673638820648193 1.8118125200271606 1.441947340965271 2.749836005598704 -5.2253292989864795 -12.66598487182988 7258 0 False
truck -13.136701117902192 -55.881814626196785 0.7243684587349826 8.46804141998291 2.8910882472991943 3.8274123668670654 -1.9627744307971529 3.099501189446612 7.502622109766747 7261 19 True
car -23.805397288495854 -81.68460875514862 -0.007590688727102446 4.611005783081055 2.241713285446167 1.6672759056091309 -1.9627720339541965 5.2020622018286895 12.591612665365128 7260 0 True
car 17.67784486433996 29.18670147986967 -1.5135540027877212 4.855708599090576 2.0327565670013428 1.6493593454360962 1.1791421783268659 6.385921613633831 15.484685667631032 7242 24 True
car 15.668544330223995 13.849471902268249 -1.2990973082702197 5.237514495849609 1.9297595024108887 1.638383150100708 -1.9627816213260225 -2.7761551487209357e-06 -6.842472397798535e-06 7243 35 True
motorcycle -10.193233913807987 -38.28900424557128 -0.6597550150733031 2.0333523750305176 0.8025798797607422 1.4992746114730835 1.179213809757529 1.0604855180358312 2.572549656935853 7257 6 True
pedestrian -20.017268858817346 -2.232801904686937 -0.8729638561353212 0.3753577768802643 0.3753577768802643 1.8600000143051147 2.7649357167510984 -0.5393973688010686 -1.4294205777653017 7251 2 True
pedestrian 15.392110954361385 0.5167466565313248 -0.8781607920332775 0.9953577518463135 0.3753577768802643 1.8600000143051147 -2.054620387628343 1.8623787730473316 3.064915866713706 7249 12 True
pedestrian -4.51911540905283 5.041525906080551 -0.9496048198895082 0.3753577768802643 0.3753577768802643 1.8600000143051147 -0.40613744898351034 0.0 0.0 7245 127 True
pedestrian 2.226671680661525 -12.302166231868341 -1.5821307790715764 0.3753577768802643 0.3753577768802643 1.8600000143051147 -0.8688714175419278 -0.031893875434097135 0.0363911412296767 7247 26 True
pedestrian -27.44484920478547 0.5556200182138582 -0.9178162050885774 0.3753577768802643 0.3753577768802643 1.8600000143051147 2.8054423627166747 -0.4967490986213253 -1.7317992447854418 7253 3 True