2.0297701358795166 -7.368768692016602
car -66.861813932627 -5.729554786066615 -1.079626343057516 4.181210041046143 1.994117259979248 1.3805816173553467 -0.2216836055768331 0.0 0.0 20001 0 True
car -82.76364356873344 -78.28354746672676 -0.3742588381690375 5.357479572296143 2.033203125 1.4147460460662842 -0.22168307294506498 0.0 0.0 20003 0 False
car -90.4257777125106 -7.806615237222957 -0.8440093304927103 4.4777727127075195 2.069315195083618 2.0377910137176514 1.34911179389712 0.0 0.0 20011 0 False
car -58.35549725100156 67.40900615349074 -2.016366543301114 3.633375883102417 1.845113754272461 1.5012825727462769 2.9210311795594954 -3.0666054056306224 -13.748459435626682 7259 0 False
car 0.18131841390918169 -29.272422260835242 -0.7370399328234374 4.552699089050293 2.097072124481201 1.7671663761138916 1.3488593264389037 -1.770261098426934e-08 -1.703774305929169e-08 7256 40 True
car 8.524525004101278 9.419912727507096 -1.3019719075564864 4.673638820648193 1.8118125200271606 1.441947340965271 1.2443201470402876 2.2385939784740874 5.096902883951269 7244 249 True
car -0.002591804647508411 3.0874436447447806e-06 -1.2215850751703532 4.673638820648193 1.8118125200271606 1.441947340965271 0.0 2.029770015839715 -7.368768578945828 -100 1331 False
car -78.51434227320833 13.065288927117422 -1.5291191159202384 4.673638820648193 1.8118125200271606 1.441947340965271 2.920471117255317 -3.172988042664383 -14.154596821338536 7258 0 True
truck -1.6158135144338672 -55.49242885173925 0.5507996088170453 8.46804141998291 2.8910882472991943 3.8274123668670654 -1.7922206786431205 1.751316240191462 7.78931907942054 7261 23 True
car -7.50466703342925 -81.63191965992726 -0.263191547101544 4.611005783081055 2.241713285446167 1.6672759056091309 -1.7922502397062514 3.0145798431655257 13.402765928258011 7260 0 True
car 13.229637275695026 28.758494172015617 -1.4032104701265764 4.855708599090576 2.0327565670013428 1.6493593454360962 1.3496741863351203 3.6600947603198195 16.322959152965996 7242 49 True
car 14.582239324686569 16.548649376667584 -1.2658404994341548 5.237514495849609 1.9297595024108887 1.638383150100708 -1.7922592944463092 -2.007567715302128e-06 -9.760606291957006e-06 7243 28 True
motorcycle -2.178608298003212 -39.76979121528717 -0.7617674158547962 2.0333523750305176 0.8025798797607422 1.4992748498916626 1.3497360462614907 0.5698610205351521 2.543012053540895 7257 7 True
pedestrian -17.557155697603804 -5.419933844834702 -0.8666156518219177 0.3753577768802643 0.3753577768802643 1.8600000143051147 2.9355706952497695 -0.2883746111333078 -1.4982017186241954 7251 8 True
pedestrian 16.794194116994376 4.043383483209084 -0.8909864628381445 0.9953577518463135 0.3753577768802643 1.8600000143051147 -1.826953862558153 1.007836404036985 3.4209535774640867 7249 10 True
pedestrian -3.909456544087554 4.4537195830897645 -0.9317766562044785 0.3753577768802643 0.3753577768802643 1.8600000143051147 -0.2975763088472154 0.0 0.0 7245 69 True
pedestrian 5.7828686874021855 -11.512171990959757 -1.6189435095002809 0.3753577768802643 0.3753577768802643 1.8600000143051147 -0.6983488243463304 -0.0398284997494934 0.03318433708908287 7247 23 True
pedestrian -25.293966852285756 -3.929223009892894 -0.8990659400250518 0.3753577768802643 0.3753577768802643 1.8600000143051147 2.976719029337989 -0.19320950697859035 -1.7894831750581275 7253 8 True