8.688302993774414 -3.842305898666382
car -52.07876591933592 51.393026191623306 -2.0958793068246067 4.181210041046143 1.994117259979248 1.3805816173553467 -1.1250900347265667 0.0 0.0 20001 0 True
car -68.29613760551098 68.61556784070058 -2.2008157750892607 4.4777727127075195 2.069315195083618 2.0377910137176514 0.4457053647473863 0.0 0.0 20011 0 False
car 5.482006274815092 100.73552541613859 -3.4143092083171496 3.633375883102417 1.845113754272461 1.5012825727462769 2.0163206015255186 -14.300971679096603 -6.82848423106272 7259 0 False
car -29.076597608058307 -15.82338519219482 -0.6746297088733186 4.552699089050293 2.097072124481201 1.7671663761138916 0.44545289728917015 7.55459853510373e-09 3.130676231887158e-09 7256 26 True
car 12.779723322677569 4.268147878830945 -1.3248729935681562 4.673638820648193 1.8118125200271606 1.441947340965271 0.4299431907526718 9.932245892976677 4.3783338187630125 7244 156 True
car -0.002564963229076511 1.3858877423444937e-07 -1.2215851970436398 4.673638820648193 1.8118125200271606 1.441947340965271 0.0 8.688303109751665 -3.8423059919297677 -100 1383 False
car -49.01120676332232 81.54495404353162 -2.9919704155472395 4.673638820648193 1.8118125200271606 1.441947340965271 2.0168905175174077 -10.707949794108009 -5.124952169031954 7258 0 True
truck -56.75112182242532 -33.471334767346136 0.7517440096560688 8.46804141998291 2.8910882472991943 3.8274123668670654 -2.6958465520813197 7.686078882438219 3.6719291635635622 7261 24 False
car -84.81328195095904 -46.89718669579756 -0.007608887381728824 4.611005783081055 2.241713285446167 1.6672759056091309 -2.6959104678934946 12.329068066941261 5.886865072309776 7260 0 False
car 36.55005521365132 16.297181785917786 -1.5095917275232122 4.855708599090576 2.0327565670013428 1.6493593454360962 0.7322699112624061 8.755002397795176 13.577313477352066 7242 29 True
car 15.828643511883456 1.2213211566069901 -1.1614304796976191 5.237514495849609 1.9297595024108887 1.638383150100708 -2.695665723596043 -3.299608834655162e-07 9.756598806642202e-08 7243 169 True
motorcycle -36.67445952011337 -19.45984711262608 -0.7196079614713913 2.0333523750305176 0.8025798797607422 1.4992748498916626 0.4462605077497322 1.8721874615604013 0.8970039750557135 7257 0 True
pedestrian -21.870224323734647 13.963347111017981 -1.1791783231068678 0.3753577768802643 0.3753577768802643 1.8600000143051147 2.035166977692816 -1.3556633129524174 -0.7181826774262725 7251 2 True
pedestrian 4.674521784479225 -9.224277672668109 -0.6837588790945182 0.9953577518463135 0.3753577768802643 1.8600000143051147 -2.7983451442749234 3.482994971316059 0.855919017366514 7249 44 True
pedestrian -5.0224621659422155 7.485586603774777 -1.0384871133740425 0.3753577768802643 0.3753577768802643 1.8600000143051147 -1.6044848581497404 -0.8904905578836358 0.38638367410334623 7245 63 True
pedestrian -11.653225786076291 -9.189596376780372 -1.5410730689018668 0.3753577768802643 0.3753577768802643 1.8600000143051147 -1.6017540550745857 -6.965915846466635e-05 0.03942257895533429 7247 10 True
pedestrian -25.596445333773943 21.143085908280995 -1.3354809080626424 0.3753577768802643 0.3753577768802643 1.8600000143051147 2.038976626414299 -1.597729665300106 -0.8243473453216766 7253 2 True