10.373557090759277 -0.0756157636642456
car -42.93257171323734 70.19309553178172 -1.1199460232897769 4.181210041046143 1.994117259979248 1.3805816173553467 -1.56351006266962 0.0 0.0 20001 0 False
car -50.306430244614546 92.66977166122696 -0.8846452250770902 4.4777727127075195 2.069315195083618 2.0377910137176514 0.0072853368043331625 0.0 0.0 20011 0 False
car -50.64612862405346 -0.44447921312993355 -1.1292235074841819 4.552699089050293 2.097072124481201 1.7671663761138916 0.0070328693461169794 4.834345916472221e-10 7.847697301981228e-10 7256 6 True
car 23.559068406097765 1.153517747690783 -1.1604308109589812 4.673638820648193 1.8118125200271606 1.441947340965271 0.3734228390810506 11.24082508322276 9.272259067570486 7244 56 True
car -0.00257004401322547 4.1211540668939506e-07 -1.2215851716848298 4.673638820648193 1.8118125200271606 1.441947340965271 0.0 10.37355730430674 -0.07561577530653862 -100 1332 False
car -27.48735590259679 113.70368801943171 -1.353778986086394 4.673638820648193 1.8118125200271606 1.441947340965271 1.5788278854907636 -7.149512920193595 -0.06281623059524571 7258 0 False
truck -101.38866830286162 -4.832808297971953 -0.19410621657385407 8.46804141998291 2.8910882472991943 3.8274123668670654 -3.1342234368511552 9.611615142041918 0.07160593680077394 7261 0 True
car 30.670006526134387 27.690578640680044 -1.0988697775618772 4.855708599090576 2.0327565670013428 1.6493593454360962 1.5798510711173233 -16.4440940229516 -0.16102420653457808 7242 0 False
car -2.749305257627441 -4.068569001849723 -1.1242996829099854 5.237514495849609 1.9297595024108887 1.638383150100708 -3.134085751539096 -5.0120098372916614e-09 1.2745147951026785e-07 7243 2823 True
motorcycle -57.21248103799337 -0.49553486114745127 -1.2703311309238985 2.0333523750305176 0.8025798797607422 1.499274730682373 0.007805553512279047 -5.3009034264959495e-06 -4.4683099393985886e-08 7257 0 False
pedestrian -31.56604737467603 26.57487247333931 -0.9581795821929178 0.3753577768802643 0.3753577768802643 1.8600000143051147 1.6067132890789524 -1.5732305938397533 -0.08155017366798473 7251 0 False
pedestrian -24.401334805880595 -8.164057143074361 -0.9186135116811287 0.9953577518463135 0.3753577768802643 1.8600000143051147 3.0730629277728676 3.466020412157758 -0.5236997153333676 7249 6 True
pedestrian -21.904677138143995 8.880718930448431 -1.0319154402867499 0.3753577768802643 0.3753577768802643 1.8600000143051147 -2.8199813462953287 1.4110881999855156 1.0415544379754589 7245 4 True
pedestrian -31.981739774195205 -1.6937813409241156 -1.804222575297719 0.3753577768802643 0.3753577768802643 1.8600000143051147 -2.0401770124923635 -0.0029567508444639993 -0.006308698203343693 7247 1 True
pedestrian -31.868458139154882 35.16448122299547 -0.9652541521753992 0.3753577768802643 0.3753577768802643 1.8600000143051147 1.5854287909930829 -1.8149396397565112 -0.0632863243341123 7253 0 False