6.212327003479004 -0.9618585705757141
car -40.494565663928995 63.70261078349887 -1.6908931012785473 4.181210041046143 1.994117259979248 1.3805816173553467 -1.3936609984694057 0.0 0.0 20001 0 True
car -51.56225594933534 84.61036527447487 -1.6445741244596448 4.4777727127075195 2.069315195083618 2.0377910137176514 0.17713440100454736 0.0 0.0 20011 0 False
car 26.662521732982498 104.06187594056914 -1.89959458412579 3.633375883102417 1.845113754272461 1.5012825727462769 1.7473569550116328 -16.536690477786845 -2.944032580057935 7259 0 False
car -36.156908454132974 -7.220287454422085 -1.1496305650022443 4.552699089050293 2.097072124481201 1.7671663761138916 0.1768819335463312 7.864109892902376e-09 1.8153309825494887e-09 7256 16 True
car 15.613457776404516 2.098397552531665 -1.1679425796413432 4.673638820648193 1.8118125200271606 1.441947340965271 0.1745005371711378 13.420888711655358 2.325894953364143 7244 101 True
car -0.0025529394790169135 3.1818217891554923e-06 -1.2215852574190984 4.673638820648193 1.8118125200271606 1.441947340965271 0.0 6.212327525722523 -0.9618586769002434 -100 1348 False
car -30.46138022170902 97.14478536127845 -2.1419214021078723 4.673638820648193 1.8118125200271606 1.441947340965271 1.7486187596703102 -9.881787651318165 -1.7829364912256627 7258 0 True
truck -71.80426213775684 -17.675715004620912 -0.20962013881879393 8.46804141998291 2.8910882472991943 3.8274123668670654 -2.964373041071521 8.681281989929966 1.5557944097761665 7261 17 False
car -104.8647459062986 -23.602343429904572 -1.3866417719980002 4.611005783081055 2.241713285446167 1.6672759056091309 -2.96456452219216 13.427257489496483 2.400645263390509 7260 0 True
car 41.18300642413391 11.313331335911727 -0.9639593628385703 4.855708599090576 2.0327565670013428 1.6493593454360962 1.2315690673470496 -7.172815326551981 11.992407620167953 7242 28 True
car 11.663091193063735 -2.6951007580671913 -1.0486827229624949 5.237514495849609 1.9297595024108887 1.638383150100708 -2.964236687338882 -2.5569719076824154e-08 -3.9055156450042414e-08 7243 306 True
motorcycle -43.16757092296092 -8.480131253997627 -1.3016044572985281 2.0333523750305176 0.8025798797607422 1.4992749691009521 0.17768976676036458 2.1646796179781926 0.3901090986658599 7257 0 True
pedestrian -21.457034796955384 20.345061501055767 -1.1459751344160676 0.3753577768802643 0.3753577768802643 1.8600000143051147 1.7696926018918884 -1.502625900279161 -0.3347983246422245 7251 1 True
pedestrian -3.647688932149265 -9.979699867262113 -0.8202611920002796 0.9953577518463135 0.3753577768802643 1.8600000143051147 -3.0638042069125175 3.5867216342839 -0.011605361601286853 7249 29 True
pedestrian -7.135617124530654 8.138977582924909 -0.9738426362372472 0.3753577768802643 0.3753577768802643 1.8600000143051147 -2.084629677036656 -0.8069494437186977 1.5570040852785079 7245 26 True
pedestrian -17.579879218429994 -5.404105296990551 -1.7878107290976146 0.3753577768802643 0.3753577768802643 1.8600000143051147 -1.8703259509230188 0.008366482259114712 0.029544216641306537 7247 6 True
pedestrian -23.156424280862495 28.38663714044681 -1.2184991713601434 0.3753577768802643 0.3753577768802643 1.8600000143051147 1.7544034069879848 -1.7663706396017693 -0.35826560706636984 7253 1 False