11.016961097717285 0.018319521099328995
car -58.63801485945913 70.59676565183803 -0.8533667675145011 4.181210041046143 1.994117259979248 1.3805816173553467 -1.5717707970036432 0.0 0.0 20001 0 False
car -65.8248042515375 93.13344445407752 -0.573599447927414 4.4777727127075195 2.069315195083618 2.0377910137176514 -0.0009753975296903005 0.0 0.0 20011 0 False
car -66.935018948773 0.025346328158785347 -0.8702930536137785 4.552699089050293 2.097072124481201 1.7671663761138916 -0.0012278649879064825 -1.87610305961967e-10 5.52342393803949e-10 7256 6 True
car 14.349596774888425 16.969150158331548 -1.2625729252162259 4.673638820648193 1.8118125200271606 1.441947340965271 1.5285182699065705 -10.370500843118716 0.8400515426171344 7244 71 True
car -0.0025989351220800927 7.870496920858727e-08 -1.2215854596871196 4.673638820648193 1.8118125200271606 1.441947340965271 0.0 11.016961298973477 0.01831952138763578 -100 1317 False
car 14.602121382072312 43.31400165329327 -1.1685084117857798 4.855708599090576 2.0327565670013428 1.6493593454360962 1.5706445159210596 -0.000326334179209769 9.372687170548033e-05 7242 0 False
car -19.07019628272326 -3.994314817866091 -1.0723053317812692 5.237514495849609 1.9297595024108887 1.638383150100708 3.1408335141268804 1.5439811976469355e-07 -7.673245726227545e-08 7243 89 True
motorcycle -73.50211194261385 0.028625584213436417 -0.9833423342970793 2.0333523750305176 0.8025798797607422 1.4992756843566895 -0.0004551808217444146 -6.569074209737148e-09 -3.430565390809039e-08 7257 0 False
pedestrian -47.688072574064904 29.561900650343986 -0.7656134318005741 0.3753577768802643 0.3753577768802643 1.8600000143051147 1.5919817445519733 -1.68191172236335 -0.0715844507860241 7251 0 False
pedestrian -46.103151914794125 -7.508999616884682 -0.7623511441188882 0.9953577518463135 0.3753577768802643 1.8600000143051147 3.0684238231461807 3.5488462070509272 -0.5195571814166168 7249 1 True
pedestrian -40.7865933674384 8.247833209405044 -0.8833685797940305 0.3753577768802643 0.3753577768802643 1.8600000143051147 -2.828242080629352 1.4196409357138462 1.0298602429712402 7245 2 True
pedestrian -48.22285305603339 -1.2579299134309623 -1.6260072771145548 0.3753577768802643 0.3753577768802643 1.8600000143051147 -2.0484390784058073 -0.029358635367279524 -0.05556449503408724 7247 0 True
pedestrian -47.888612759183104 38.39418282683189 -0.7665747864976211 0.3753577768802643 0.3753577768802643 1.8600000143051147 1.5675018553312055 -1.8259012400942836 0.009138849007534406 7253 0 False