6.029303550720215 -0.8356596827507019
car -39.926559366687854 64.43091084228901 -1.5033215855193376 4.181210041046143 1.994117259979248 1.3805816173553467 -1.4121327181220584 0.0 0.0 20001 0 True
car -50.60598314261739 85.53940627413604 -1.396702375276277 4.4777727127075195 2.069315195083618 2.0377910137176514 0.15866268135189462 0.0 0.0 20011 0 False
car 27.698393467773826 105.21127738708483 -1.6847553670561268 3.633375883102417 1.845113754272461 1.5012825727462769 1.7288225179682837 -16.76486482076577 -2.6635626900305547 7259 0 False
car -36.89969948544848 -6.561124990317516 -1.1371006904658714 4.552699089050293 2.097072124481201 1.7671663761138916 0.15841021389367846 4.535672524389798e-09 1.1390507494297855e-08 7256 28 True
car 16.406790485477927 2.0157436250383824 -1.1754042726337772 4.673638820648193 1.8118125200271606 1.441947340965271 0.1568091226686707 13.953967216071488 2.1762601061017603 7244 96 True
car -0.002574245323842206 2.073023665616347e-06 -1.2215849757813135 4.673638820648193 1.8118125200271606 1.441947340965271 0.0 6.029303107377714 -0.835659648017524 -100 1356 False
car -29.436730405838034 98.67310980345883 -1.8887286784294766 4.673638820648193 1.8118125200271606 1.441947340965271 1.7301381184355418 -9.866839809442064 -1.5926477878848717 7258 0 True
truck -73.60746907772716 -16.49837279852943 -0.19288663776740567 8.46804141998291 2.8910882472991943 3.8274123668670654 -2.9828548807277677 8.764297530695721 1.4038722556605492 7261 0 False
car -107.24657970926435 -21.88593208727871 -1.3560655252657607 4.611005783081055 2.241713285446167 1.6672759056091309 -2.982953950236638 13.470919790396344 2.1558426257044574 7260 0 False
car 41.41278391811562 11.793884180515235 -0.988310352141081 4.855708599090576 2.0327565670013428 1.6493593454360962 1.3561745577212438 -9.529058647030157 9.518489709178514 7242 24 True
car 10.995816470581588 -2.920485730276134 -1.0677283007017655 5.237514495849609 1.9297595024108887 1.638383150100708 -2.982708406991535 -5.266145316874531e-08 -3.532235229496233e-08 7243 367 True
motorcycle -43.79712417730127 -7.669109677911301 -1.28688271593859 2.0333523750305176 0.8025798797607422 1.4992748498916626 0.15921775094832416 1.499387441787148 0.24176559304092066 7257 0 False
pedestrian -21.720953820402485 20.87943589466073 -1.0809403576414738 0.3753577768802643 0.3753577768802643 1.8600000143051147 1.7524394105667538 -1.5089095864738997 -0.310528091252999 7251 0 True
pedestrian -4.804917191903144 -9.94063916882822 -0.8444214581486946 0.9953577518463135 0.3753577768802643 1.8600000143051147 -3.0868240692331526 3.5840757298381134 -0.13932254146182535 7249 30 True
pedestrian -7.720777769853385 8.132290667572747 -0.9497303777146762 0.3753577768802643 0.3753577768802643 1.8600000143051147 -2.242421621960746 -0.4224159118308364 1.7020181058853545 7245 18 True
pedestrian -18.2907082692999 -5.080488917598821 -1.7874173961422402 0.3753577768802643 0.3753577768802643 1.8600000143051147 -1.8887963389962512 0.009524153077269245 0.027643688792439874 7247 5 True
pedestrian -23.27380628350329 28.975124189240333 -1.132689115850816 0.3753577768802643 0.3753577768802643 1.8600000143051147 1.7392169600811003 -1.7747678189654132 -0.3192348821518789 7253 1 False