0.003910535015165806 -8.308155059814453
car -45.34787996477526 -19.715070162446636 -1.097296049812455 4.181210041046143 1.994117259979248 1.3805816173553467 -0.0022544971165127225 0.0 0.0 20001 3 True
car -45.0746790161305 -93.99408703560721 -1.1162958558162388 5.357479572296143 2.033203125 1.4147460460662842 -0.002253964484744602 0.0 0.0 20003 0 False
car -67.89422624201525 -26.873741484865718 -0.8834565384920199 4.4777727127075195 2.069315195083618 2.0377910137176514 1.5685409023574404 0.0 0.0 20011 0 False
car -27.140688646741857 53.50081532608522 -1.2455360456016282 3.633375883102417 1.845113754272461 1.5012825727462769 3.140451100121816 -0.00016754634276323947 -8.149165446801524 7259 0 False
car 25.209679504496894 -29.958206987538915 -0.9873390025889717 4.552699089050293 2.097072124481201 1.7671663761138916 1.5691036235941285 0.006909051329399751 5.981898921009738 7256 5 True
car 15.807077272844884 0.02268335341813099 -1.1853147896175695 4.673638820648193 1.8118125200271606 1.441947340965271 0.03136814956198798 0.6423284519867615 -7.580108223047255 7244 81 True
car -0.002596111478144536 -5.690193347618333e-06 -1.221585283376911 4.673638820648193 1.8118125200271606 1.441947340965271 0.0 0.003910533651886144 -8.308154650975771 -100 1348 False
car -28.204170065973372 -3.9571117437205885 -1.2851171350816266 4.673638820648193 1.8118125200271606 1.441947340965271 3.1403102190191476 -0.0036223452288304064 -10.444958453537653 7258 34 True
truck 29.200326478645948 -37.905460942861964 0.03803238191742575 8.46804141998291 2.8910882472991943 3.8274123668670654 -1.5728411049372355 0.009429448047652736 5.81926961362718 7261 49 True
car 29.165588606343245 -53.61418188890519 -1.0385083511410576 4.611005783081055 2.241713285446167 1.6672759056091309 -1.5728072828199597 0.01726795375991805 9.09172871201133 7260 8 False
car 25.297352311176684 -5.618476085077475 -1.0825323699326166 4.855708599090576 2.0327565670013428 1.6493593454360962 1.571270517674028 -0.07022510908117723 12.015532735796834 7242 95 True
car 29.30148107145644 23.6637505588007 -1.0578580311618353 5.237514495849609 1.9297595024108887 1.638383150100708 -1.5751244973271687 0.012641420347355978 2.7505579999700758 7243 0 False
motorcycle 25.17988851720219 -47.200227711967614 -1.1151657565335684 2.0333523750305176 0.8025798797607422 1.499274730682373 1.5687905929229047 0.012034212425289587 6.802136201490464 7257 0 False
pedestrian 6.26569729543802 -8.564287666561142 -0.8709129837872811 0.3753577768802643 0.3753577768802643 1.8600000143051147 -3.141419025202433 0.009632359270753343 -1.5048811656915484 7251 16 True
pedestrian 34.37033757922771 15.726705934992424 -0.8076372685789306 0.9953577518463135 0.3753577768802643 1.8600000143051147 -1.5876402786144679 0.08482169832778187 3.1521434992972823 7249 1 True
pedestrian 11.095926362292959 4.042818576418199 -0.8514351359343373 0.3753577768802643 0.3753577768802643 1.8600000143051147 0.24218273812060886 0.5345934233995281 -0.8317084592191952 7245 19 True
pedestrian 26.57744126533968 -10.242182929189653 -0.9950136998525887 0.3753577768802643 0.3753577768802643 1.8600000143051147 2.09523202863121 -0.032240873735522375 0.7085940665571151 7247 1 True
pedestrian -1.0718962237849041 -8.726629091953782 -0.8876175692742556 0.3753577768802643 0.3753577768802643 1.8600000143051147 -3.032674926053789 0.3934962270225573 -1.8520877603581325 7253 36 True