10.254264831542969 -0.05401710420846939
car -44.854528874691596 70.26132096034796 -1.072196984489271 4.181210041046143 1.994117259979248 1.3805816173553467 -1.5650823906088156 0.0 0.0 20001 0 False
car -52.19288441144346 92.74948164557406 -0.8247486514523512 4.4777727127075195 2.069315195083618 2.0377910137176514 0.005713008865137396 0.0 0.0 20011 0 False
car -52.67917836066698 -0.3640245858989535 -1.101065861069775 4.552699089050293 2.097072124481201 1.7671663761138916 0.005460541406921214 6.098899820542249e-12 -2.7062292230812246e-10 7256 9 True
car 24.13586224727817 2.3641094682577366 -1.1511768444800943 4.673638820648193 1.8118125200271606 1.441947340965271 0.6365241915926122 5.207072076853293 13.125927729106799 7244 43 True
car -0.002601674535071652 -4.427366384618381e-07 -1.2215852877617654 4.673638820648193 1.8118125200271606 1.441947340965271 0.0 10.254264955275799 -0.05401709627934925 -100 1405 False
car -29.3495970604194 115.11094622934479 -1.3010466811277692 4.673638820648193 1.8118125200271606 1.441947340965271 1.5771931064767557 -6.675862244668454 -0.047411510249543626 7258 0 False
truck -105.3611185887666 -4.684090574332506 -0.13892843191564497 8.46804141998291 2.8910882472991943 3.8274123668670654 -3.135799493212728 9.709906256242604 0.05700855979155081 7261 0 True
car 28.659215733917563 30.784998574775422 -1.1105633472172385 4.855708599090576 2.0327565670013428 1.6493593454360962 1.580240292822174 -14.957449944082157 -0.16800489730147605 7242 0 False
car -4.788120059882317 -4.063432775196065 -1.1262047353813087 5.237514495849609 1.9297595024108887 1.638383150100708 -3.135658079478292 -4.1355693753543626e-08 -2.0981196120071444e-08 7243 1682 True
motorcycle -59.24568656862215 -0.40470550307108377 -1.2382378575001967 2.0333523750305176 0.8025798797607422 1.4992748498916626 0.0062332255730832824 -1.2967444422349264e-06 -2.678383688279213e-08 7257 0 False
pedestrian -33.56470665598749 26.940647110320437 -0.932375704841518 0.3753577768802643 0.3753577768802643 1.8600000143051147 1.605169590097293 -1.5754053898547449 -0.07919084292034774 7251 0 False
pedestrian -27.145338008683495 -8.070243545035737 -0.9096470025956591 0.9953577518463135 0.3753577768802643 1.8600000143051147 3.0620531638502264 3.461516671832307 -0.5532279740924627 7249 6 True
pedestrian -24.255974463326368 8.805589823537028 -1.0181524721180066 0.3753577768802643 0.3753577768802643 1.8600000143051147 -2.8215536742345244 1.4127252537865653 1.039333451295617 7245 7 True
pedestrian -34.01015519452284 -1.6285772605229378 -1.787785493282065 0.3753577768802643 0.3753577768802643 1.8600000143051147 -2.041748807799791 -0.008125546917224318 -0.011376188689154763 7247 2 True
pedestrian -33.85321502614181 35.57880760568423 -0.9363415976723426 0.3753577768802643 0.3753577768802643 1.8600000143051147 1.5838182467245245 -1.8168471659114835 -0.060385163485242956 7253 0 False