0.557774543762207 -5.689582824707031
car -26.3010868845885 -16.058243813067804 -0.9542446229594042 4.181210041046143 1.994117259979248 1.3805816173553467 -0.1411831048804389 0.0 0.0 20001 0 True
car -36.316931603924246 -89.65909386762152 -1.1683577765747977 5.357479572296143 2.033203125 1.4147460460662842 -0.14118257224867078 0.0 0.0 20003 0 False
car -49.6199625672447 -20.02679060454608 -0.6213863716402699 4.4777727127075195 2.069315195083618 2.0377910137176514 1.4296122945935141 0.0 0.0 20011 0 False
car 13.359534276570606 52.31141879289703 -1.0672500316417644 3.633375883102417 1.845113754272461 1.5012825727462769 3.0016001234380933 -0.2820133481210564 -2.0175142928354197 7259 0 False
car 39.557329430952535 -54.33567458669478 -1.3460683133212954 4.552699089050293 2.097072124481201 1.7671663761138916 1.429869379358382 0.7435097895690249 5.257209570155651 7256 0 False
car 14.786693990137504 -1.889118362892816 -1.2782284023113082 4.673638820648193 1.8118125200271606 1.441947340965271 -0.14066551995976767 -0.7840564940480247 -5.561667472213473 7244 118 True
car -0.0025906605531158533 2.0070842651875864e-05 -1.2215853148527298 4.673638820648193 1.8118125200271606 1.441947340965271 0.0 0.557774576413737 -5.689583344660879 -100 1359 False
car 9.25527242086157 -5.14504309638869 -1.269274276823122 4.673638820648193 1.8118125200271606 1.441947340965271 3.0009416574147543 -0.6804366068018355 -4.8240917903403036 7258 317 True
truck 46.58990865278101 -33.2709174327141 -0.29334927871255045 8.46804141998291 2.8910882472991943 3.8274123668670654 -1.7112746314726937 0.484285621621593 3.442249607610846 7261 59 True
car 44.7720693892556 -46.03444468906474 -1.403418769184324 4.611005783081055 2.241713285446167 1.6672759056091309 -1.7116037979053922 0.2900961930195585 2.0506384101046935 7260 0 False
car 41.50026392353043 -40.61511579621015 -1.3967468552201687 4.855708599090576 2.0327565670013428 1.6493593454360962 1.4300265772015928 0.8930903385150398 6.327103775409245 7242 0 False
car 53.750334275240505 17.374888296291033 -1.2558338109579004 5.237514495849609 1.9297595024108887 1.638383150100708 -1.7150291528061758 -0.000448910067729821 -0.004287667188721514 7243 0 False
motorcycle 37.41329461314547 -69.43064767562402 -1.515985263672695 2.0333523750305176 0.8025798797607422 1.4992749691009521 1.4297131211466598 0.06967645556923079 0.4903512477349938 7257 0 False
pedestrian 30.084218738792796 -12.442236428753517 -1.0276401137793592 0.3753577768802643 0.3753577768802643 1.8600000143051147 3.0077774535268147 -0.17376403823011188 -1.3610752287040204 7251 4 True
pedestrian 58.660764203748364 15.843101931930505 -1.0390856491460678 0.9953577518463135 0.3753577768802643 1.8600000143051147 -1.6999399611312016 0.3628178397248711 3.2246478310231144 7249 0 False
pedestrian 29.382194785002817 -0.6217423626933396 -0.9799275741662257 0.3753577768802643 0.3753577768802643 1.8600000143051147 0.14025312981330024 0.42604708793863005 -0.905278689928351 7245 5 True
pedestrian 51.53977431840656 -18.4004738275583 -1.118715663097367 0.9953577518463135 0.3753577768802643 1.8600000143051147 -2.424213438369327 2.3637661857887213 0.8307928674707495 7247 1 True
pedestrian 23.51923026468036 -11.634084160414261 -1.0025994714844613 0.3753577768802643 0.3753577768802643 1.8600000143051147 3.024106079326206 -0.1560797146058535 -1.655661112571885 7253 4 True