11.085602760314941 -0.03979591280221939
car -46.86495132679909 70.34718131936594 -0.9405912816277053 4.181210041046143 1.994117259979248 1.3805816173553467 -1.5669758970646328 0.0 0.0 20001 0 False
car -54.160008051791635 92.84916531933845 -0.6705877784943892 4.4777727127075195 2.069315195083618 2.0377910137176514 0.0038195024093202403 0.0 0.0 20011 0 False
car -54.82344423899093 -0.2632090239803144 -0.9587781471039344 4.552699089050293 2.097072124481201 1.7671663761138916 0.003567034951104058 -3.0957438027948806e-10 1.0720233390496187e-09 7256 13 True
car 24.126651597144246 4.139804955689788 -1.20941228540367 4.673638820648193 1.8118125200271606 1.441947340965271 1.0038258599469927 -3.404997236946947 13.309319719271215 7244 45 True
car -0.0025618770181949913 1.631387820388852e-07 -1.2215852212223224 4.673638820648193 1.8118125200271606 1.441947340965271 0.0 11.085602721789725 -0.03979590643510253 -100 1349 False
truck -109.46324763042077 -4.491234315900729 0.144988899568405 8.46804141998291 2.8910882472991943 3.8274123668670654 -3.137701255460951 9.806395845406877 0.038847296725699205 7261 0 True
car 26.556630216309372 33.551803360010496 -1.17884993680107 4.855708599090576 2.0327565670013428 1.6493593454360962 1.576630247335646 -13.325336512819257 -0.10248871877616643 7242 0 False
car -6.9397145760312355 -4.0533242091803015 -1.1109039155979816 5.237514495849609 1.9297595024108887 1.638383150100708 -3.1375515859341094 -8.613319097535338e-08 -7.212267247443062e-08 7243 894 True
motorcycle -61.39035698311278 -0.29143121503618596 -1.0786152948758738 2.0333523750305176 0.8025798797607422 1.4992752075195312 0.004339719117266125 -5.102075904062261e-07 2.5357373459899646e-09 7257 0 False
pedestrian -35.667949662157355 27.334194556346006 -0.8367794400825251 0.3753577768802643 0.3753577768802643 1.8600000143051147 1.6009273107020061 -1.6083090289848603 -0.10006207222340725 7251 0 False
pedestrian -29.791245055861737 -7.982731882370433 -0.8351055523123468 0.3753577768802643 0.3753577768802643 1.8600000143051147 3.0679941380716955 0.4460194385716469 -0.07054781071410751 7249 0 True
pedestrian -26.715938612396485 8.742826535567033 -0.9490618544039685 0.3753577768802643 0.3753577768802643 1.8600000143051147 -2.823447180690341 1.4146896518115564 1.036655350621277 7245 0 True
pedestrian -36.151458747028585 -1.5488469814947479 -1.6949697206462533 0.3753577768802643 0.3753577768802643 1.8600000143051147 -2.0436428468873764 -0.011301078600093861 -0.017686309763540756 7247 4 True
pedestrian -35.93623628161885 36.00774289546649 -0.8387787174385346 0.3753577768802643 0.3753577768802643 1.8600000143051147 1.5961619874305726 -1.8188429124181964 -0.05396268955496992 7253 0 False