12.24100112915039 0.2149912565946579
car -60.1606511642799 71.27848332254818 -0.8718791178432195 4.181210041046143 1.994117259979248 1.3805816173553467 -1.5832589745254781 0.0 0.0 20001 0 False
car -67.08772079196626 93.89660829644511 -0.6145835222022455 4.4777727127075195 2.069315195083618 2.0377910137176514 -0.012463575051525072 0.0 0.0 20011 0 False
car -69.26784997556962 0.8070967223690775 -0.7817747969921234 4.552699089050293 2.097072124481201 1.7671663761138916 -0.012716042509741253 -4.5610135218340974e-10 -4.748949748404067e-10 7256 5 True
car 12.293510505231154 18.69167098924603 -1.29745366675745 4.673638820648193 1.8118125200271606 1.441947340965271 1.5255844248966375 -8.523557391728664 0.6535763234282714 7244 74 True
car -0.002588338513760391 -1.3168964141385686e-08 -1.2215852600877863 4.673638820648193 1.8118125200271606 1.441947340965271 0.0 12.24100032065984 0.21499124475066644 -100 1331 False
car 12.760672430246586 43.147422083855155 -1.2406092464833733 4.855708599090576 2.0327565670013428 1.6493593454360962 1.5591659257710508 0.015534710640068948 -0.00020154417524153274 7242 0 False
car -21.452644454295125 -3.76252279410018 -1.0352275816419254 5.237514495849609 1.9297595024108887 1.638383150100708 3.1293453366050454 -2.6048519016246327e-09 6.806257393356149e-09 7243 82 True
motorcycle -75.83460322671488 0.885675578136335 -0.8870114316875208 2.0333523750305176 0.8025798797607422 1.4992756843566895 -0.011943358343579185 1.1021532129206314e-08 -5.229465826850967e-08 7257 0 False
pedestrian -49.68626238110568 30.45555973505024 -0.7411572327550098 0.3753577768802643 0.3753577768802643 1.8600000143051147 1.5813047652129861 -1.6753309547862287 -0.05510041572337132 7251 0 False
pedestrian -49.23112447863832 -6.917042567410359 -0.6856132114592461 0.9953577518463135 0.3753577768802643 1.8600000143051147 3.0813397679760985 3.555246538969485 -0.4736960866500791 7249 1 True
pedestrian -43.36160544111931 8.624308120958025 -0.8358519803966051 0.3753577768802643 0.3753577768802643 1.8600000143051147 -2.83972786130823 1.4313700523768607 1.0134780932019294 7245 1 True
pedestrian -50.564461965500584 -0.6768690901422598 -1.558069606677694 0.3753577768802643 0.3753577768802643 1.8600000143051147 -2.0599287206650043 -0.03309660936944598 -0.05902962123109663 7247 3 True
pedestrian -49.7766119340597 39.320109555097716 -0.7541184826771259 0.3753577768802643 0.3753577768802643 1.8600000143051147 1.556596776437521 -1.8268464305753267 0.029857181205841955 7253 0 False