8.400735855102539 -2.9421913623809814
car -48.05737245887644 55.969396041192084 -2.1736134308870163 4.181210041046143 1.994117259979248 1.3805816173553467 -1.2170763067391712 0.0 0.0 20001 0 True
car -62.62489076844486 74.60811101324549 -2.299333620097528 4.4777727127075195 2.069315195083618 2.0377910137176514 0.3537190927347817 0.0 0.0 20011 0 False
car 13.241542966071165 101.31912338246724 -3.1761839156876164 3.633375883102417 1.845113754272461 1.5012825727462769 1.9242842621267104 -15.056766318258026 -5.5542446460529575 7259 0 False
car -31.328009572645385 -13.07757711842845 -0.8284652951868949 4.552699089050293 2.097072124481201 1.7671663761138916 0.3534666252765655 -1.6919800780684761e-09 1.6828741850054808e-08 7256 15 True
car 13.255621216693726 3.463895521084538 -1.2718452984480204 4.673638820648193 1.8118125200271606 1.441947340965271 0.34226377921709084 10.88066358837784 3.744349889430909 7244 162 True
car -0.00262613126898259 -1.554383918289659e-05 -1.2215850916283042 4.673638820648193 1.8118125200271606 1.441947340965271 0.0 8.400736074523639 -2.9421914327398935 -100 1358 False
car -42.6323907055351 86.79850119862357 -3.0054910334227287 4.673638820648193 1.8118125200271606 1.441947340965271 1.9248600370680489 -10.451225492443323 -3.8673157175376023 7258 0 True
truck -61.31358759400888 -28.409891821387035 0.4511839737403114 8.46804141998291 2.8910882472991943 3.8274123668670654 -2.7877974040813447 8.049056248580671 2.9749415004638537 7261 19 False
car -90.96638674555851 -39.378477809049855 -0.4478758694741707 4.611005783081055 2.241713285446167 1.6672759056091309 -2.787966248351839 12.814984355419377 4.729197206251384 7260 0 False
car 38.21685426584128 13.840819440929693 -1.32534928581252 4.855708599090576 2.0327565670013428 1.6493593454360962 0.7947457867412567 5.872503112188084 14.248946376770943 7242 19 True
car 14.953788369249366 -0.22603165284917281 -1.098000347321681 5.237514495849609 1.9297595024108887 1.638383150100708 -2.787651995608648 -1.9039715095682292e-07 -1.1286943240488714e-07 7243 190 True
motorcycle -39.10677291521699 -15.956556431871931 -0.9139170064349165 2.0333523750305176 0.8025798797607422 1.4992746114730835 0.35427397923904097 1.354754556631061 0.5022706201766427 7257 0 True
pedestrian -21.472587545790475 16.0656509965834 -1.2343187032897553 0.3753577768802643 0.3753577768802643 1.8600000143051147 1.9461246946205564 -1.4169820865277336 -0.5909722533733088 7251 1 True
pedestrian 2.5386687443548226 -9.693748310312813 -0.6883226613143503 0.9953577518463135 0.3753577768802643 1.8600000143051147 -2.8903588468235863 3.5470891498341968 0.5318952524611168 7249 27 True
pedestrian -5.271474379629581 7.785027598237832 -1.0382131722848467 0.3753577768802643 0.3753577768802643 1.8600000143051147 -1.7723931281799739 -0.9323145918896389 0.7086855951755148 7245 37 True
pedestrian -13.365053769162785 -8.062818192350065 -1.6106507572652435 0.3753577768802643 0.3753577768802643 1.8600000143051147 -1.6937393949815962 0.00432277881147272 0.037130851100812774 7247 9 True
pedestrian -24.52846139714137 23.58368323161335 -1.3879733882034486 0.3753577768802643 0.3753577768802643 1.8600000143051147 1.9311379014030032 -1.671730155954807 -0.6640429071290285 7253 4 True