-0.005985926371067762 -9.384023666381836
car -35.44378340035493 -19.82835932823565 -0.9541907991200498 4.181210041046143 1.994117259979248 1.3805816173553467 5.113264973958333e-05 0.0 0.0 20001 0 True
car -34.99941488034649 -94.1065430277452 -0.9978274885765535 5.357479572296143 2.033203125 1.4147460460662842 5.166528150770399e-05 0.0 0.0 20003 0 True
car -57.972656844481875 -27.039080315140836 -0.66182502363149 4.4777727127075195 2.069315195083618 2.0377910137176514 1.5708465321236924 0.0 0.0 20011 0 False
car -10.356512682089281 53.43713790471111 -1.1534151769200318 3.633375883102417 1.845113754272461 1.5012825727462769 -3.140476799604628 0.009953365947724519 -4.564263786299531 7259 0 False
car 35.14205920703139 -38.291332889111004 -1.1018201050666416 4.552699089050293 2.097072124481201 1.7671663761138916 1.5713638568400943 -0.007308303812902458 6.682320989429938 7256 0 True
car 16.764469392505084 -0.0074632666496654565 -1.2438965983459207 4.673638820648193 1.8118125200271606 1.441947340965271 0.0004297006789313422 0.008173700594199935 -9.19098504602539 7244 82 True
car -0.002591113402509393 -6.895109720517212e-06 -1.2215853583305423 4.673638820648193 1.8118125200271606 1.441947340965271 0.0 -0.005985926599869071 -9.384024214599508 -100 1369 False
car -9.915155182318578 -4.0238880974564495 -1.209552114995951 4.673638820648193 1.8118125200271606 1.441947340965271 3.1413581720229256 0.00019099371802245405 -5.340676830698713 7258 355 True
truck 39.14596376325479 -32.05283044616618 -0.09075237868188779 8.46804141998291 2.8910882472991943 3.8274123668670654 -1.5701919276805454 -0.005981589321611243 5.1617354551625425 7261 46 True
car 39.14506973632519 -45.11913554229221 -1.170901096681775 4.611005783081055 2.241713285446167 1.6672759056091309 -1.5703149656189812 -0.007481511673372913 5.775191653821777 7260 0 True
car 35.13102929382666 -19.52925909240014 -1.1818041855555168 4.855708599090576 2.0327565670013428 1.6493593454360962 1.5713893412416209 -0.01648411343569036 14.66874662561308 7242 2 True
car 39.10511799099487 24.54135773782133 -1.1684064057024603 5.237514495849609 1.9297595024108887 1.638383150100708 -1.5737941163283453 -4.4460330454356596e-10 -2.6223693181336025e-06 7243 0 False
motorcycle 35.14851670328066 -55.030742781076185 -1.2361516964098485 2.0333523750305176 0.8025798797607422 1.4992748498916626 1.5710083130576826 -0.0022579504633640154 6.111199452097556 7257 0 False
pedestrian 17.86374192623087 -8.423773368050888 -0.9114580436937183 0.3753577768802643 0.3753577768802643 1.8600000143051147 -2.992557633910709 0.4194867053606531 -1.4837260525464164 7251 3 True
pedestrian 44.200910065003015 19.22001302855722 -0.9381651443201939 0.9953577518463135 0.3753577768802643 1.8600000143051147 -1.562972636695438 -0.04857782086253649 3.1575290106847125 7249 0 False
pedestrian 19.549261406612175 3.588430922102816 -0.9013503620953343 0.3753577768802643 0.3753577768802643 1.8600000143051147 0.26908969715076025 0.47699975867000904 -0.9656022009038266 7245 5 True
pedestrian 36.8632286504814 -10.953332302375998 -1.040042486000066 0.9953577518463135 0.3753577768802643 1.8600000143051147 3.0620628838598463 -0.5497069038883995 -3.6523809569339543 7247 3 True
pedestrian 10.8100077200722 -8.59160419096554 -0.9022833314301717 0.3753577768802643 0.3753577768802643 1.8600000143051147 -3.086045295009189 0.254722360216178 -1.7385398977536854 7253 19 True