0.016656026244163513 -9.050643920898438
car -49.53499346685186 -19.660163308924155 -0.9076428767721274 4.181210041046143 1.994117259979248 1.3805816173553467 -0.003279546954260932 0.0 0.0 20001 2 True
car -49.33803758231453 -93.9394225204561 -0.9309364241298175 5.357479572296143 2.033203125 1.4147460460662842 -0.003279014322492811 0.0 0.0 20003 0 False
car -72.08762050223118 -26.79572617816484 -0.6029079392391552 4.4777727127075195 2.069315195083618 2.0377910137176514 1.5675158525196922 0.0 0.0 20011 0 False
car -35.66625504533684 53.546055382615805 -1.118493910571983 3.633375883102417 1.845113754272461 1.5012825727462769 3.139573722441779 -0.006933794117088984 -9.45875716471533 7259 0 False
car 21.016567149642107 -28.240505306294835 -1.0839351147516505 4.552699089050293 2.097072124481201 1.7671663761138916 1.5679348927284016 0.004521189697508132 1.9820513912959064 7256 28 True
car 15.565172426278751 0.823590044654054 -1.2478312910329048 4.673638820648193 1.8118125200271606 1.441947340965271 0.32975432501263086 5.700181021321275 -6.491334496107402 7244 149 True
car -0.002596373560528775 2.9650901353761583e-05 -1.2215853533908678 4.673638820648193 1.8118125200271606 1.441947340965271 0.0 0.01665602771178222 -9.050644026387536 -100 1356 False
car -38.0899085095294 -3.9051138712172815 -1.154055727353228 4.673638820648193 1.8118125200271606 1.441947340965271 3.1390500122557747 -0.022362610072392895 -12.534943163537221 7258 15 True
truck 24.990069047213467 -41.004469318296174 -0.07434984936829436 8.46804141998291 2.8910882472991943 3.8274123668670654 -1.5750616467785306 0.026076619953742386 6.441395804224378 7261 45 True
car 24.927889810249393 -58.528146541619435 -1.1514783964528836 4.611005783081055 2.241713285446167 1.6672759056091309 -1.57388559583452 0.030901124477421108 10.374874482765787 7260 3 True
car 21.112446771760414 1.0513267580415686 -1.1669733751941016 4.855708599090576 2.0327565670013428 1.6493593454360962 1.57080429114742 -0.04552751517459295 14.672024622332147 7242 68 True
car 25.151686282767063 21.51653263816877 -1.167926095556802 5.237514495849609 1.9297595024108887 1.638383150100708 -1.5743774812723794 0.015395747411179312 4.752231404792971 7243 3 True
motorcycle 20.97471800926258 -43.430427065448896 -1.2137056491881684 2.0333523750305176 0.8025798797607422 1.4992749691009521 1.5680420128637178 0.014047926131275996 6.108037817126804 7257 0 False
pedestrian 1.3323906035034128 -8.568555996573139 -0.888230677679622 0.3753577768802643 0.3753577768802643 1.8600000143051147 -3.120145978699578 0.04621754299587473 -1.5719778394779875 7251 23 True
pedestrian 30.192393943034702 14.125838334416017 -0.9388369270194399 0.9953577518463135 0.3753577768802643 1.8600000143051147 -1.5845512806752522 0.08807584941614005 3.1436171716732577 7249 4 True
pedestrian 7.593848761144438 3.940350226987732 -0.8902533650911248 0.3753577768802643 0.3753577768802643 1.8600000143051147 -0.17269732870483398 -0.3932972762208873 -1.3863383376931289 7245 32 True
pedestrian 22.685875948906446 -9.828224837275116 -1.370958007481539 0.9953577518463135 0.3753577768802643 1.8600000143051147 2.0983230239395567 -0.4825285499403121 -0.7721358451501278 7247 4 True
pedestrian -6.136975694111264 -8.764202620765104 -0.875026126761846 0.3753577768802643 0.3753577768802643 1.8600000143051147 -3.1224464153060913 0.13552981494848865 -1.7731698939919542 7253 29 True