-0.010341336950659752 -8.82687759399414
car -36.33807445827149 -19.85645114790458 -1.026312130824429 4.181210041046143 1.994117259979248 1.3805816173553467 0.0008491481963263617 0.0 0.0 20001 1 True
car -35.834380508991316 -94.13425827733232 -1.065384510849307 5.357479572296143 2.033203125 1.4147460460662842 0.0008496808280944824 0.0 0.0 20003 0 False
car -58.86174072182922 -27.08512498200986 -0.7797216036684165 4.4777727127075195 2.069315195083618 2.0377910137176514 1.5716445476702796 0.0 0.0 20011 0 False
car -11.765593427090174 53.428236735928806 -1.1778601758617655 3.633375883102417 1.845113754272461 1.5012825727462769 -3.1396823793224757 0.013616504097173304 -4.590027947444296 7259 0 False
car 34.26166974222984 -37.57107975948554 -1.0277646182758693 4.552699089050293 2.097072124481201 1.7671663761138916 1.5721670451956213 -0.013422013875606589 7.0634741579227125 7256 2 True
car 16.727565641112434 0.007206048363457285 -1.209502569933629 4.673638820648193 1.8118125200271606 1.441947340965271 0.0012283820152282714 0.013388447300189378 -8.376163996966765 7244 80 True
car -0.00259699503310884 -2.1313000331701915e-05 -1.2215854128087646 4.673638820648193 1.8118125200271606 1.441947340965271 0.0 -0.010341336170665419 -8.826877989637126 -100 1335 False
car -11.354243481485412 -4.032211147830026 -1.2305391823965106 4.673638820648193 1.8118125200271606 1.441947340965271 -3.140737389697181 0.006693981905860981 -5.374930434086258 7258 276 True
truck 38.26015896386326 -32.52825032834966 -0.00914584765736981 8.46804141998291 2.8910882472991943 3.8274123668670654 -1.5693723405473496 -0.009935844225732706 5.055336180296167 7261 63 True
car 38.27212284231891 -45.7074872886929 -1.0904808223557332 4.611005783081055 2.241713285446167 1.6672759056091309 -1.5695390542907715 -0.011100361698453827 6.42207746320485 7260 5 True
car 34.234721266664216 -18.01199766569863 -1.1090191656793427 4.855708599090576 2.0327565670013428 1.6493593454360962 1.5721870223979264 -0.02902476261162305 14.992034899895263 7242 3 True
car 38.17569770060807 24.57270171544451 -1.0900663248591083 5.237514495849609 1.9297595024108887 1.638383150100708 -1.5729961007817586 -1.1778343140514572e-07 -1.5924479873157763e-06 7243 0 False
motorcycle 34.28206728278844 -54.37371761680413 -1.1612330126804613 2.0333523750305176 0.8025798797607422 1.4992748498916626 1.571806592238139 -0.007496467296794483 6.401708121970859 7257 0 False
pedestrian 16.803584000026824 -8.433804443418637 -0.8751104673603289 0.3753577768802643 0.3753577768802643 1.8600000143051147 -2.9885108308944703 0.4576207050130343 -1.50583784671725 7251 4 True
pedestrian 43.2757048462075 18.939852109384844 -0.8491884564585674 0.9953577518463135 0.3753577768802643 1.8600000143051147 -1.5678937547590468 -0.03346121298179081 3.156166268552546 7249 0 False
pedestrian 18.760782914178773 3.645043811444907 -0.8619218263546702 0.3753577768802643 0.3753577768802643 1.8600000143051147 0.29441087824927437 0.6125522242865119 -1.023976243880024 7245 6 True
pedestrian 35.59492069384748 -10.897154732622369 -0.9648138890184883 0.9953577518463135 0.3753577768802643 1.8600000143051147 3.0676817495396933 -0.5087111567213217 -3.400173590845883 7247 5 True
pedestrian 9.73213226152901 -8.588263598759625 -0.8803801908286077 0.3753577768802643 0.3753577768802643 1.8600000143051147 -3.1002294121521845 0.1999497401254995 -1.7329115611955828 7253 23 True