0.013216502033174038 -9.409107208251953
car -50.4528066256687 -19.691497007307987 -0.8769342558728925 4.181210041046143 1.994117259979248 1.3805816173553467 -0.002628937249501546 0.0 0.0 20001 5 True
car -50.20753701744613 -93.97061009192453 -0.9039745707777624 5.357479572296143 2.033203125 1.4147460460662842 -0.0026284046177334256 0.0 0.0 20003 0 False
car -73.00059997893987 -26.841746906421974 -0.5591111842938399 4.4777727127075195 2.069315195083618 2.0377910137176514 1.5681664622244516 0.0 0.0 20011 0 True
car -37.581590383217254 53.52492115354244 -1.0899612302514325 3.633375883102417 1.845113754272461 1.5012825727462769 3.140305691649119 0.0022650982946030435 -9.492861980582104 7259 0 False
car 20.104460594360688 -28.10708892784851 -1.0962602166532465 4.552699089050293 2.097072124481201 1.7671663761138916 1.5678948200550924 0.0015627321945909873 0.1455874251404088 7256 26 True
car 15.383695622391 1.2057043085303576 -1.2565845439418393 4.673638820648193 1.8118125200271606 1.441947340965271 0.4365443313619825 6.5380463079507924 -4.76918640343003 7244 148 True
car -0.0025920941081274407 1.6210694695928396e-05 -1.2215849471120799 4.673638820648193 1.8118125200271606 1.441947340965271 0.0 0.01321650349831719 -9.409107054906539 -100 1354 False
car -40.2935661324229 -3.926527691272838 -1.126395537299505 4.673638820648193 1.8118125200271606 1.441947340965271 3.139762806719462 -0.013706442242899634 -12.929158733318484 7258 9 True
truck 24.08465301334049 -41.63804171006183 -0.08902157491340668 8.46804141998291 2.8910882472991943 3.8274123668670654 -1.573925543217129 0.018409800189736317 6.544737235002514 7261 61 True
car 24.03254168911633 -59.56523670977873 -1.1670296572273735 4.611005783081055 2.241713285446167 1.6672759056091309 -1.5732464377127753 0.024868650676497468 10.62431908541656 7260 2 True
car 20.1806592938366 2.5613045055532098 -1.1779301836326224 4.855708599090576 2.0327565670013428 1.6493593454360962 1.5706866900581602 -0.03522622911996637 15.177618120990655 7242 78 True
car 24.20607671253601 21.16984540343043 -1.1802446102276591 5.237514495849609 1.9297595024108887 1.638383150100708 -1.5735439125552708 0.00788772360544711 3.4397724905348253 7243 13 True
motorcycle 20.073121291058225 -42.982087524889835 -1.2292673523345572 2.0333523750305176 0.8025798797607422 1.499274730682373 1.5686476385907406 0.005470315629303462 3.07047396068966 7257 0 False
pedestrian 0.259566713222533 -8.57150458451946 -0.8869378026044439 0.3753577768802643 0.3753577768802643 1.8600000143051147 -3.113807793816884 0.06419570964649197 -1.4663606540086305 7251 18 True
pedestrian 29.248918288557274 13.832477784314108 -0.9539742679794236 0.9953577518463135 0.3753577768802643 1.8600000143051147 -1.582666296847873 0.0738789573724784 3.1391878470468577 7249 7 True
pedestrian 6.832280705872908 3.9131986682777438 -0.8928347773055161 0.3753577768802643 0.3753577768802643 1.8600000143051147 -0.18285155389022828 -0.5530454772236232 -1.6030160727324527 7245 21 True
pedestrian 21.815061000933472 -9.680851359380085 -1.5599979354960505 0.9953577518463135 0.3753577768802643 1.8600000143051147 2.3438578800928327 -0.8306515189107297 -1.7709876544846084 7247 3 True
pedestrian -7.237552674986109 -8.769924330858146 -0.86922664776492 0.3753577768802643 0.3753577768802643 1.8600000143051147 -3.124732737170749 0.1006605283880806 -1.7531909928527123 7253 28 True