6.585727214813232 -0.6772240400314331
car -38.89090867450909 65.78574356990907 -1.2354854457537865 4.181210041046143 1.994117259979248 1.3805816173553467 -1.447313687229024 0.0 0.0 20001 0 True
car -48.82044719716191 87.25664562886365 -1.0489958200260503 4.4777727127075195 2.069315195083618 2.0377910137176514 0.12348171224492903 0.0 0.0 20011 0 False
car 29.705249304843903 107.56774579850858 -1.5677600980937658 3.633375883102417 1.845113754272461 1.5012825727462769 1.6936553972872892 -17.196150700475634 -2.113831255578018 7259 0 False
car -38.363166408751795 -5.269481458169622 -1.0287694764585913 4.552699089050293 2.097072124481201 1.7671663761138916 0.12322924478671285 -1.2565500117867486e-09 -1.6340195793953075e-09 7256 12 True
car 18.042421977670983 1.7735545636423566 -1.227223705787008 4.673638820648193 1.8118125200271606 1.441947340965271 0.12255173730770041 13.871057717959506 1.6932811087970256 7244 79 True
car -0.0025692527527212405 6.155007568509063e-06 -1.2215852226155985 4.673638820648193 1.8118125200271606 1.441947340965271 0.0 6.585727566233534 -0.6772241308911103 -100 1385 False
car -27.44239906176142 101.54816871898092 -1.5906276738227323 4.673638820648193 1.8118125200271606 1.441947340965271 1.6948847114081116 -9.061066498034574 -1.1361037718683287 7258 0 True
truck -77.16818029312282 -14.131320334930447 0.01704312114914175 8.46804141998291 2.8910882472991943 3.8274123668670654 -3.018043572995371 8.91765973968403 1.1080032754911402 7261 0 False
car -111.91632653044425 -18.44547544169657 -1.0455049884201268 4.611005783081055 2.241713285446167 1.6672759056091309 -3.017963678230153 13.54365795098767 1.6852645846816028 7260 0 True
car 41.38962908050456 12.857244355212124 -1.158000088168259 4.855708599090576 2.0327565670013428 1.6493593454360962 1.576175338193814 -12.300706995518768 3.8932344133909718 7242 13 True
car 9.630780865114389 -3.316500022055422 -1.1106373327250922 5.237514495849609 1.9297595024108887 1.638383150100708 -3.0178893760985 -9.683078995674631e-09 1.411858509602905e-07 7243 479 True
motorcycle -44.89532767631192 -6.083824054476317 -1.157033398008455 2.0333523750305176 0.8025798797607422 1.4992746114730835 0.1240368511511077 1.0535858352698202 0.1319692943196382 7257 0 False
pedestrian -22.272100803769717 21.92527682865392 -0.9663059869903186 0.3753577768802643 0.3753577768802643 1.8600000143051147 1.7132374710843032 -1.5214667918616924 -0.25450310410822247 7251 1 True
pedestrian -7.123664044251939 -9.789028236155595 -0.8496721025057119 0.9953577518463135 0.3753577768802643 1.8600000143051147 -3.124551817139387 3.573022682036192 -0.31205586336681274 7249 26 True
pedestrian -8.990509961749979 8.217613800918855 -0.9066696867010693 0.3753577768802643 0.3753577768802643 1.8600000143051147 -2.6020616241996284 0.6696516613429482 1.6204907862454754 7245 8 True
pedestrian -19.711057534637973 -4.430260133870128 -1.7377433559074102 0.3753577768802643 0.3753577768802643 1.8600000143051147 -1.923977441261159 0.008396136102806623 0.023230127755075616 7247 3 True
pedestrian -23.54533358059132 30.122751609004013 -0.9960473530163503 0.3753577768802643 0.3753577768802643 1.8600000143051147 1.7163071611219247 -1.7847721948709043 -0.2694494148574622 7253 1 True