9.67520523071289 -0.004061975982040167
car -55.653290848302106 70.51293469529621 -0.9725191549505027 4.181210041046143 1.994117259979248 1.3805816173553467 -1.5703069761749686 0.0 0.0 20001 0 False
car -62.873656543631625 93.03903332040109 -0.7055130520924262 4.4777727127075195 2.069315195083618 2.0377910137176514 0.0004884232989843711 0.0 0.0 20011 0 False
car -63.846900564123814 -0.07055187018558273 -1.0158718360097359 4.552699089050293 2.097072124481201 1.7671663761138916 0.00023595584076818905 9.65579298893379e-11 6.645326575467605e-10 7256 4 True
car 17.273140388019613 13.662949311092111 -1.23031382674677 4.673638820648193 1.8118125200271606 1.441947340965271 1.5247033104393433 -11.286974386580274 1.0217164105472574 7244 71 True
car -0.002566999131374814 6.578645450616705e-08 -1.2215853511556598 4.673638820648193 1.8118125200271606 1.441947340965271 0.0 9.675205164115859 -0.004061976144019524 -100 1366 False
car 17.628756062185914 42.44506650925928 -1.1380739693096351 4.855708599090576 2.0327565670013428 1.6493593454360962 1.5722861026023445 -6.7545732398360485 -0.017998031133446384 7242 0 False
car -15.975920080041362 -4.020113229174629 -1.115210539321966 5.237514495849609 1.9297595024108887 1.638383150100708 -3.140882665044445 -1.0118895996625506e-07 -1.1417632229701587e-07 7243 132 True
motorcycle -70.4137323606978 -0.07687227838442201 -1.1430740595271227 2.0333523750305176 0.8025798797607422 1.4992756843566895 0.0010086400069302568 -4.072813043566272e-09 5.299862133087618e-08 7257 0 False
pedestrian -44.63210573041539 28.989219778229433 -0.8661156602392905 0.3753577768802643 0.3753577768802643 1.8600000143051147 1.5925223813685525 -1.6935624820058715 -0.07196697251691671 7251 0 False
pedestrian -41.930994915244526 -7.651495119444603 -0.8644551397971499 0.9953577518463135 0.3753577768802643 1.8600000143051147 3.0698876439748557 3.549613051641473 -0.5143846103312725 7249 4 True
pedestrian -37.21031934279557 8.353106247007807 -0.9718433253811862 0.3753577768802643 0.3753577768802643 1.8600000143051147 -2.8267782598006774 1.4181366270699773 1.0319378502727028 7245 2 True
pedestrian -45.14321183093165 -1.3495814086760443 -1.731403896417342 0.3753577768802643 0.3753577768802643 1.8600000143051147 -2.0469743254715382 -0.02534832673758984 -0.04821063601113293 7247 0 True
pedestrian -44.85812746634758 37.778321248011835 -0.8664317612802632 0.3753577768802643 0.3753577768802643 1.8600000143051147 1.5715135202226853 -1.824305077818741 -0.01615452296400361 7253 0 False