0.11797579377889633 -7.998442649841309
car -59.89544702114728 -19.42667575156787 -0.8890790331753982 4.181210041046143 1.994117259979248 1.3805816173553467 -0.006759629769219293 0.0 0.0 20001 3 True
car -59.956981987768785 -93.70616188133903 -0.8482748356529646 5.357479572296143 2.033203125 1.4147460460662842 -0.0067590971374511715 0.0 0.0 20003 0 False
car -82.47285152845069 -26.483450564923828 -0.584437652803544 4.4777727127075195 2.069315195083618 2.0377910137176514 1.5640357697047338 0.0 0.0 20011 0 False
car -60.409428424529096 53.809902659862246 -1.1373681670876268 3.633375883102417 1.845113754272461 1.5012825727462769 3.135821198477427 -0.061352552308701666 -12.98202429796506 7259 0 False
car 10.626644136728444 -28.13174253350138 -1.0372898251510079 4.552699089050293 2.097072124481201 1.7671663761138916 1.5637833022465175 -2.2714083744146956e-08 -2.5021624126772445e-07 7256 36 True
car 10.255134190873266 9.094314418726526 -1.2454982709428513 4.673638820648193 1.8118125200271606 1.441947340965271 1.406275882555061 1.0952036915943415 3.346293120205463 7244 226 True
car -0.002593534812628917 1.4988377188274171e-05 -1.2215854651578948 4.673638820648193 1.8118125200271606 1.441947340965271 0.0 0.11797578735547075 -7.99844249371182 -100 1404 False
car -67.59327324557218 -3.593921042256511 -1.1175607090817943 4.673638820648193 1.8118125200271606 1.441947340965271 3.135322388826582 -0.09230076725178618 -15.965317946239262 7258 2 True
truck 14.494349055627184 -50.23430493893062 -0.008229317419024884 8.46804141998291 2.8910882472991943 3.8274123668670654 -1.5771907091136508 0.046119537817272994 7.612603480234758 7261 51 False
car 14.329229186882728 -74.08726583594239 -1.06453056946857 4.611005783081055 2.241713285446167 1.6672759056091309 -1.5773182744221157 0.08383282313786526 13.329627656183975 7260 0 False
car 10.943891612217191 22.69200705235977 -1.1662044753743168 4.855708599090576 2.0327565670013428 1.6493593454360962 1.5646672109074922 0.09306513279657992 16.947569513048897 7242 71 True
car 14.922926839089834 19.709243629361197 -1.1629975680521514 5.237514495849609 1.9297595024108887 1.638383150100708 -1.5773353186386956 -1.8152968813047438e-06 -0.0002945659254256034 7243 87 True
motorcycle 10.550763352187118 -40.26003798936165 -1.1575712875543696 2.0333523750305176 0.8025798797607422 1.4992748498916626 1.5646596086813136 0.01210110947005389 2.1909973908154954 7257 3 True
pedestrian -11.027946352301118 -8.60407265504466 -0.8620181751406926 0.3753577768802643 0.3753577768802643 1.8600000143051147 -3.1321407129597136 0.04092606648522629 -1.5198953859780617 7251 7 True
pedestrian 19.816713979764298 9.745619014428485 -0.923257735492758 0.9953577518463135 0.3753577768802643 1.8600000143051147 -1.6026278707796733 0.3004651892268514 3.5414480124659202 7249 7 True
pedestrian -0.8619279578861985 3.970273199889675 -0.8789338690377124 0.3753577768802643 0.3753577768802643 1.8600000143051147 0.011251313469780816 0.09770221494825693 -1.4617369476686393 7245 176 True
pedestrian 12.33586916613582 -9.593406190464691 -1.7630497533664977 0.3753577768802643 0.3753577768802643 1.8600000143051147 2.658162088828617 -0.052472753825902996 0.02606986706152268 7247 14 True
pedestrian -18.768667702289726 -8.758823119116357 -0.8503226345975319 0.3753577768802643 0.3753577768802643 1.8600000143051147 -3.0898915621647305 0.19717726320544218 -1.7847240569923943 7253 10 True