0.02184038795530796 -8.120508193969727
car -31.912432287124332 -19.630472292465868 -1.0151754104830792 4.181210041046143 1.994117259979248 1.3805816173553467 -0.006065477417416042 0.0 0.0 20001 0 True
car -31.922361806596484 -93.90996317553132 -1.0871540996071265 5.357479572296143 2.033203125 1.4147460460662842 -0.006064944785647922 0.0 0.0 20003 0 False
car -54.485413556268426 -26.703348073378095 -0.7600543558876591 4.4777727127075195 2.069315195083618 2.0377910137176514 1.564729922056537 0.0 0.0 20011 0 False
car -4.704595498719115 53.47169857613898 -1.1469973760512002 3.633375883102417 1.845113754272461 1.5012825727462769 3.1366394540312026 -0.015785399253267683 -3.7685285998421674 7259 0 False
car 38.54356673148233 -41.366791292693165 -1.0636295334685408 4.552699089050293 2.097072124481201 1.7671663761138916 1.5652472265846862 0.041787915671928036 8.319518156319164 7256 0 False
car 16.096304753487928 -0.10547202097575337 -1.2177400891970716 4.673638820648193 1.8118125200271606 1.441947340965271 -0.005366664537641737 -0.05621474067811146 -11.889442760478957 7244 80 True
car -0.0025931511808110486 1.1941440618556953e-05 -1.2215852965547898 4.673638820648193 1.8118125200271606 1.441947340965271 0.0 0.021840390588937754 -8.120508821632054 -100 1324 False
car -4.349516245343608 -3.9939688090100844 -1.2252479583638982 4.673638820648193 1.8118125200271606 1.441947340965271 3.133645930336422 -0.04202263914746794 -5.483925023908065 7258 1443 True
truck 42.610225235507286 -30.391638644816567 -0.04168885112048537 8.46804141998291 2.8910882472991943 3.8274123668670654 -1.576264861942715 0.02107423891041885 4.333139577933968 7261 56 True
car 42.532093156103564 -43.27243871754047 -1.127214503513978 4.611005783081055 2.241713285446167 1.6672759056091309 -1.576423586209615 0.026112741075118757 5.013211455723812 7260 0 True
car 38.632983642365275 -25.21867060580945 -1.1383499370208678 4.855708599090576 2.0327565670013428 1.6493593454360962 1.5652495577589312 0.06292174650798732 12.528139734725475 7242 6 True
car 42.906724192603356 24.282376374601768 -1.098134988831001 5.237514495849609 1.9297595024108887 1.638383150100708 -1.579910726395501 -7.057320415699323e-08 -2.1838250051924062e-05 7243 0 False
motorcycle 38.44838742070074 -57.827797098752 -1.2045988650546966 2.0333523750305176 0.8025798797607422 1.4992746114730835 1.5649141742222306 0.04298303697131668 7.538699463654486 7257 0 False
pedestrian 22.073935077223084 -8.46666196860724 -0.8863346471198772 0.3753577768802643 0.3753577768802643 1.8600000143051147 -3.1215298891910974 0.06775058193268241 -1.4295191718446374 7251 2 True
pedestrian 47.96805352821228 20.15460214534204 -0.8614207276702519 0.9953577518463135 0.3753577768802643 1.8600000143051147 -1.5910930640513101 0.06837120737800424 3.2367784688302232 7249 0 False
pedestrian 22.787611359527133 3.3444668593425035 -0.869313215360306 0.3753577768802643 0.3753577768802643 1.8600000143051147 0.09991492864439223 0.2369658817047993 -1.2751050002655717 7245 8 True
pedestrian 41.89486237358004 -11.312562900523915 -0.9868095624111954 0.9953577518463135 0.3753577768802643 1.8600000143051147 3.0655560161531232 -0.534622945235916 -3.6546385347441097 7247 3 True
pedestrian 15.114263863129693 -8.629607303392902 -0.8880070092552415 0.3753577768802643 0.3753577768802643 1.8600000143051147 -3.0583906541345383 0.30233233823704964 -1.7922560061497343 7253 8 True