7.371324062347412 -1.6523516178131104
car -43.030276087519496 61.1140549744857 -2.005032003346031 4.181210041046143 1.994117259979248 1.3805816173553467 -1.3308342851027912 0.0 0.0 20001 0 True
car -55.38860899077173 81.28576561598416 -2.0666412828118155 4.4777727127075195 2.069315195083618 2.0377910137176514 0.2399611143711618 0.0 0.0 20011 0 False
car 22.24942006910726 102.37756902789948 -2.512850553702961 3.633375883102417 1.845113754272461 1.5012825727462769 1.8104510495258437 -15.96222650239056 -3.897650612990141 7259 0 False
car -34.248175692930715 -9.392115705085914 -1.0457255633212768 4.552699089050293 2.097072124481201 1.7671663761138916 0.2397086469129456 1.0826321948671256e-09 -1.1419552247837054e-08 7256 25 True
car 14.279758493488941 2.5430010754123913 -1.2019611898273452 4.673638820648193 1.8118125200271606 1.441947340965271 0.23446808294640645 12.273686383973603 2.860652546346912 7244 122 True
car -0.0025587030731344385 3.877215092984443e-06 -1.2215853303557038 4.673638820648193 1.8118125200271606 1.441947340965271 0.0 7.371324287015801 -1.6523516950896018 -100 1377 False
car -34.63874472394525 93.16960531287702 -2.6434413163618657 4.673638820648193 1.8118125200271606 1.441947340965271 1.811269171921677 -9.806620734746799 -2.411637807632619 7258 0 True
truck -67.46485373570692 -21.641696809419273 0.01332477504058005 8.46804141998291 2.8910882472991943 3.8274123668670654 -2.9015372729648483 8.453218450126027 2.070150713214206 7261 23 False
car -99.14037371657383 -29.407140515660842 -1.0760503279996323 4.611005783081055 2.241713285446167 1.6672759056091309 -2.9017359446143574 13.254853391216793 3.2404719780635736 7260 0 False
car 40.164489425290526 11.49392884481567 -1.0781720959235388 4.855708599090576 2.0327565670013428 1.6493593454360962 0.9899581760084892 -0.8139167931666702 14.739561276298472 7242 17 True
car 13.19350619706205 -1.8737007335000726 -1.0466924751367679 5.237514495849609 1.9297595024108887 1.638383150100708 -2.9014099739722674 -7.882430384936294e-08 6.043935982289966e-08 7243 241 True
motorcycle -41.82713746655628 -11.252558207151495 -1.1779637997491355 2.0333523750305176 0.8025798797607422 1.4992748498916626 0.24051666133361208 3.1079331329003765 0.7637901387701859 7257 0 True
pedestrian -21.228672061800637 18.743458376566736 -1.2257636941620405 0.3753577768802643 0.3753577768802643 1.8600000143051147 1.8340848531829514 -1.4750877733591146 -0.43324675470266083 7251 0 True
pedestrian -0.9193127236268879 -10.003177587860506 -0.7493859645388667 0.9953577518463135 0.3753577768802643 1.8600000143051147 -2.961183775201956 3.556372974285067 0.3601816956249354 7249 27 True
pedestrian -6.096209800019096 8.074454627213271 -1.0111345111634868 0.3753577768802643 0.3753577768802643 1.8600000143051147 -1.8747832798745367 -0.9369640076810738 1.148597557728652 7245 24 True
pedestrian -15.825702801218199 -6.430382620609336 -1.7236540992840315 0.3753577768802643 0.3753577768802643 1.8600000143051147 -1.8074979059769842 0.007588946057726812 0.03326145410281607 7247 5 True
pedestrian -23.417529390177265 26.610822468266576 -1.3430446303774985 0.3753577768802643 0.3753577768802643 1.8600000143051147 1.8123915602150493 -1.7216976820595375 -0.4428002600121935 7253 2 True