-0.002520540961995721 -7.511330604553223
car -56.80814004260455 -19.823051663554963 -1.008375102104821 4.181210041046143 1.994117259979248 1.3805816173553467 -1.9574217478434244e-05 0.0 0.0 20001 1 True
car -56.36898293402378 -94.10127249847653 -1.0342855908437043 5.357479572296143 2.033203125 1.4147460460662842 -1.9041585710313583e-05 0.0 0.0 20003 0 False
car -79.33794605449364 -27.032112302075063 -0.7487579133923892 4.4777727127075195 2.069315195083618 2.0377910137176514 1.5707758252564747 0.0 0.0 20011 0 False
car -52.80667865748916 53.414491294343634 -1.1908993932732055 3.633375883102417 1.845113754272461 1.5012825727462769 -3.140481726448483 0.027496520681932795 -12.019752981747517 7259 0 False
car 13.771187585935143 -28.052492495016224 -1.0435275885287782 4.552699089050293 2.097072124481201 1.7671663761138916 1.5705233577982582 -4.67739283870739e-08 -6.092437667584855e-06 7256 35 True
car 12.619820709766175 6.571490550817941 -1.2172941949090679 4.673638820648193 1.8118125200271606 1.441947340965271 1.2590204925574195 4.726499289351423 6.917744509537979 7244 207 True
car -0.0025934781883645286 -1.111224156602475e-05 -1.221585135728549 4.673638820648193 1.8118125200271606 1.441947340965271 0.0 -0.0025205410916119084 -7.511330607001837 -100 1408 False
car -58.20599225780123 -4.039304594679663 -1.2342841725090272 4.673638820648193 1.8118125200271606 1.441947340965271 -3.1411949203859963 0.01321461707990198 -15.768983111116148 7258 4 True
truck 17.785296439955005 -47.13987771386485 -0.02772493031613732 8.46804141998291 2.8910882472991943 3.8274123668670654 -1.570866638972812 -0.0021590770061005278 7.302795222590139 7261 53 True
car 17.78250225442504 -68.8013701504193 -1.105701984759019 4.611005783081055 2.241713285446167 1.6672759056091309 -1.5705894041375055 -0.004965777029952119 12.50935550622448 7260 5 False
car 13.750524019304855 16.102537668672312 -1.1260373258845502 4.855708599090576 2.0327565670013428 1.6493593454360962 1.5715218646028335 -0.025621752080811785 17.131094253180912 7242 118 True
car 17.745058429222965 19.815360332527746 -1.1190507204275493 5.237514495849609 1.9297595024108887 1.638383150100708 -1.5705952630869546 3.723931985535044e-06 -0.0035585169950466764 7243 0 True
motorcycle 13.777891654399191 -41.19851843518131 -1.1735216123978647 2.0333523750305176 0.8025798797607422 1.4992748498916626 1.571407759169626 -0.0033735202949338244 2.9829392721273025 7257 0 True
pedestrian -7.406935361950655 -8.661569373879558 -0.8877205046536853 0.3753577768802643 0.3753577768802643 1.8600000143051147 -3.118360996486664 0.11015483042367367 -1.5122536969688547 7251 17 True
pedestrian 22.77785797141221 11.312343615238206 -0.8797499919075773 0.9953577518463135 0.3753577768802643 1.8600000143051147 -1.5842823016323513 0.09555407352093892 3.3208881879809056 7249 4 True
pedestrian 1.4496068422050215 3.9465563378126944 -0.8762075180578104 0.3753577768802643 0.3753577768802643 1.8600000143051147 0.09348126951726278 0.18073603665099602 -0.9987447948882637 7245 125 True
pedestrian 15.379278060434832 -9.514093912113253 -1.7497331886102583 0.3753577768802643 0.3753577768802643 1.8600000143051147 2.6649076038559807 -0.05379932846756046 0.02626690810409274 7247 12 True
pedestrian -15.03751351253954 -8.836122236527558 -0.8894063597803985 0.3753577768802643 0.3753577768802643 1.8600000143051147 -3.0846531287252636 0.18611090932822152 -1.782483072829874 7253 16 True