9.105548858642578 -0.007363819517195225
car -53.82337037613348 70.48932479614493 -1.1117211810683012 4.181210041046143 1.994117259979248 1.3805816173553467 -1.5698712834211552 0.0 0.0 20001 0 False
car -61.05420988128566 93.01227936802987 -0.863561917780215 4.4777727127075195 2.069315195083618 2.0377910137176514 0.0009241160527978075 0.0 0.0 20011 0 False
car -61.98608089198075 -0.09772798780036629 -1.1745808667921536 4.552699089050293 2.097072124481201 1.7671663761138916 0.0006716485945816255 2.6219251349780763e-10 3.0709109296133644e-10 7256 6 True
car 19.05281705701475 11.488783629925113 -1.1815384713178334 4.673638820648193 1.8118125200271606 1.441947340965271 1.5591386200055448 -10.447330806212658 0.37232876785089447 7244 63 True
car -0.002607244672901743 1.494569259463674e-07 -1.2215853585828254 4.673638820648193 1.8118125200271606 1.441947340965271 0.0 9.105549023495982 -0.007363819802420866 -100 1394 False
car 19.474480454619652 40.93096515353652 -1.089733246272607 4.855708599090576 2.0327565670013428 1.6493593454360962 1.5726646705990268 -8.27362085251484 -0.024856544023934245 7242 0 False
car -14.113285382959646 -4.026425607245558 -1.1518122718110306 5.237514495849609 1.9297595024108887 1.638383150100708 -3.1404469722906314 -3.7648021036927994e-08 -2.3225059315636912e-08 7243 186 True
motorcycle -68.55256379904807 -0.10691298642786418 -1.3185223210316117 2.0333523750305176 0.8025798797607422 1.4992756843566895 0.0014443327607436933 0.0 0.0 7257 0 False
pedestrian -42.77688082257151 28.631881006687973 -0.9763736670688381 0.3753577768802643 0.3753577768802643 1.8600000143051147 1.592546216607667 -1.7020025943759025 -0.07219132198257243 7251 0 False
pedestrian -39.35176911666031 -7.7201961004013535 -0.9656649455675732 0.9953577518463135 0.3753577768802643 1.8600000143051147 3.0703166788315674 3.549815835529825 -0.5130072371545948 7249 4 True
pedestrian -35.019915975094705 8.446286664121514 -1.0621337260292676 0.3753577768802643 0.3753577768802643 1.8600000143051147 -2.8263425670468636 1.417684026387432 1.0325558656908074 7245 1 True
pedestrian -43.28808455094253 -1.3842505972055092 -1.8424868416211475 0.3753577768802643 0.3753577768802643 1.8600000143051147 -2.0465391653494933 -0.02425490494844424 -0.04232649974857502 7247 0 True
pedestrian -43.01525189659759 37.39449859444838 -0.9774535740489863 0.3753577768802643 0.3753577768802643 1.8600000143051147 1.5917424752695726 -1.8230990230170825 -0.03506958488896125 7253 0 False