10.296984672546387 -0.0021684840321540833
car -56.63612926785862 70.52610050987555 -0.8848321980397845 4.181210041046143 1.994117259979248 1.3805816173553467 -1.5705429320807553 0.0 0.0 20001 0 False
car -63.85075844397596 93.05390138388367 -0.6066677234298831 4.4777727127075195 2.069315195083618 2.0377910137176514 0.0002524673931976556 0.0 0.0 20011 0 False
car -64.84645547327386 -0.0554480615036117 -0.9157323257657988 4.552699089050293 2.097072124481201 1.7671663761138916 -6.501852638191648e-11 -3.8684555047195916e-10 -1.3504062360929872e-10 7256 5 True
car 16.326307691045145 14.80125118695706 -1.2552740953144217 4.673638820648193 1.8118125200271606 1.441947340965271 1.5224461501314808 -11.375311084891871 1.0571404635806159 7244 81 True
car -0.0025934324942795683 6.975840793899124e-09 -1.2215853617974148 4.673638820648193 1.8118125200271606 1.441947340965271 0.0 10.29698428941373 -0.0021684837391586073 -100 1336 False
car 16.63814299149584 42.979881936052344 -1.1615220747031807 4.855708599090576 2.0327565670013428 1.6493593454360962 1.571923779809571 -4.2422131015033715 -0.009744886894714465 7242 0 False
car -16.97661877306922 -4.016307767771177 -1.0887349256363617 5.237514495849609 1.9297595024108887 1.638383150100708 -3.1411186209502318 -2.0953564055221423e-08 -8.207303505393925e-09 7243 136 True
motorcycle -71.41347642231489 -0.060218198214666785 -1.0328305380489602 2.0333523750305176 0.8025798797607422 1.4992756843566895 0.0007726841011435414 5.305751321158261e-09 4.452604185789274e-08 7257 0 False
pedestrian -45.62829985406404 29.168463708499974 -0.7954773397220538 0.3753577768802643 0.3753577768802643 1.8600000143051147 1.5925566029271454 -1.689553798029245 -0.0719378040604117 7251 0 False
pedestrian -43.28986595860431 -7.615783774235026 -0.7973321502812328 0.9953577518463135 0.3753577768802643 1.8600000143051147 3.0696516880690687 3.54948646656231 -0.5151980053709457 7249 2 True
pedestrian -38.37461535860365 8.307662746995996 -0.9123301580272059 0.3753577768802643 0.3753577768802643 1.8600000143051147 -2.827014215706464 1.4183773341560435 1.031603076118011 7245 3 True
pedestrian -46.140227335713575 -1.3311120501434734 -1.6601148036897877 0.3753577768802643 0.3753577768802643 1.8600000143051147 -2.0472112134829192 -0.028811431618528546 -0.05065459853241053 7247 0 True
pedestrian -45.848039418729684 37.97148552694228 -0.79543558049693 0.3753577768802643 0.3753577768802643 1.8600000143051147 1.5692948425600697 -1.8249035079990927 -0.0019497562762586008 7253 0 False