6.654555320739746 -5.958047866821289
car -64.33831600819025 29.907739235785698 -1.5415440210497238 4.181210041046143 1.994117259979248 1.3805816173553467 -0.756254086754481 0.0 0.0 20001 1 True
car -114.98764223691764 -24.411021522737656 -0.29022243952112703 5.357479572296143 2.033203125 1.4147460460662842 -0.7562535541227129 0.0 0.0 20003 0 False
car -85.67329469134796 40.12747140750281 -1.464494790170015 4.4777727127075195 2.069315195083618 2.0377910137176514 0.814541312719472 0.0 0.0 20011 0 False
car -25.052749074971047 93.48172530634764 -3.1857799045826987 3.633375883102417 1.845113754272461 1.5012825727462769 2.385610751237869 -10.413827594261118 -11.051071798944433 7259 0 False
car -18.64425915654536 -24.498944698768042 -0.477579651290057 4.552699089050293 2.097072124481201 1.7671663761138916 0.814288845261256 8.229220565435306e-09 -2.973863749368351e-09 7256 36 True
car 11.022700058405348 7.170176351993234 -1.396924458610969 4.673638820648193 1.8118125200271606 1.441947340965271 0.7754354841427405 6.983794783346389 6.415386001545974 7244 198 True
car -0.002587981903133141 1.1554785402267953e-05 -1.2215858608037102 4.673638820648193 1.8118125200271606 1.441947340965271 0.0 6.654556617700197 -5.958047936133513 -100 1333 False
car -69.70461428246287 56.642431506049036 -2.3444974671294645 4.673638820648193 1.8118125200271606 1.441947340965271 2.3856424428280723 -8.650684797207166 -9.179759142090342 7258 0 True
truck -36.34988680394278 -49.09580533574032 1.1070972608898604 8.46804141998291 2.8910882472991943 3.8274123668670654 -2.326869456690682 5.709609811554657 6.0525132377794755 7261 24 False
car -56.61525524710356 -70.59213379314417 0.5357436131954234 4.611005783081055 2.241713285446167 1.6672759056091309 -2.326819389304479 9.344408302030272 9.911917370372462 7260 0 True
car 27.947830214498026 24.997512303547467 -1.7255195280089586 4.855708599090576 2.0327565670013428 1.6493593454360962 0.8469025084399515 11.231272333502258 13.68845231461045 7242 23 True
car 17.093367061547184 7.584618789526189 -1.3183186570995362 5.237514495849609 1.9297595024108887 1.638383150100708 -2.326829775623957 -9.081775825882215e-07 -7.815604895688089e-07 7243 115 True
motorcycle -25.07236165152443 -31.320624228667214 -0.44747734892719215 2.0333523750305176 0.8025798797607422 1.499274730682373 0.8150966748342519 1.8774459798866425 1.9939537432274523 7257 0 True
pedestrian -22.32147922641434 5.573843849596358 -0.9700655076483287 0.3753577768802643 0.3753577768802643 1.8600000143051147 2.4074679616324106 -1.004148647860469 -1.1556253351222119 7251 1 True
pedestrian 11.273067111501803 -5.475680551078028 -0.7839305042268272 0.9953577518463135 0.3753577768802643 1.8600000143051147 -2.428856988702774 2.9310690900789846 2.0668953091492868 7249 19 True
pedestrian -4.737780785357074 6.2759596192049685 -1.005930477610125 0.3753577768802643 0.3753577768802643 1.8600000143051147 -1.003395094004525 -0.3931311197459232 -0.19212031003811517 7245 82 True
pedestrian -4.784858106448411 -12.050666029462747 -1.4808516343579958 0.3753577768802643 0.3753577768802643 1.8600000143051147 -1.232917707628674 -0.015008428812093633 0.04171750678125225 7247 11 True
pedestrian -28.33157359449183 10.8738652524479 -1.0759939888921721 0.3753577768802643 0.3753577768802643 1.8600000143051147 2.400368779111014 -1.1480411979170686 -1.3799831701167824 7253 4 True