-0.013486497104167938 -8.267868041992188
car -38.007760313794336 -19.87735297597885 -1.0622390296091484 4.181210041046143 1.994117259979248 1.3805816173553467 0.001424923137664795 0.0 0.0 20001 2 True
car -37.46127472071632 -94.1548602293717 -1.0937844413630886 5.357479572296143 2.033203125 1.4147460460662842 0.0014254557694329156 0.0 0.0 20003 0 False
car -60.52749024767424 -27.11896891898732 -0.8366676228670784 4.4777727127075195 2.069315195083618 2.0377910137176514 1.572220322611618 0.0 0.0 20011 0 False
car -14.499447125053102 53.41920109814703 -1.1993233542070938 3.633375883102417 1.845113754272461 1.5012825727462769 -3.1391576038729347 0.019188868608414362 -5.552952797317821 7259 0 False
car 32.59918187469911 -36.01477751967656 -0.9929630053199203 4.552699089050293 2.097072124481201 1.7671663761138916 1.5728402641826709 -0.020595201850318726 8.082319731678993 7256 3 True
car 16.604293559872293 0.019880007460926663 -1.1934405031714888 4.673638820648193 1.8118125200271606 1.441947340965271 0.0018708690855238172 0.017523848000397694 -7.425518633905859 7244 90 True
car -0.0025956496386498884 -8.318507525473251e-06 -1.2215852768925957 4.673638820648193 1.8118125200271606 1.441947340965271 0.0 -0.013486498776773105 -8.26786820155216 -100 1402 False
car -14.130534514473744 -4.041142838681651 -1.2458284325016138 4.673638820648193 1.8118125200271606 1.441947340965271 -3.139741634606679 0.014306291361404495 -5.748575937715041 7258 142 True
truck 36.598751966046464 -33.52868968712818 0.028510587970070667 8.46804141998291 2.8910882472991943 3.8274123668670654 -1.5687433024291992 -0.013754207530562536 5.14045796915168 7261 83 True
car 36.619689929213884 -47.042888486818015 -1.0516775200443913 4.611005783081055 2.241713285446167 1.6672759056091309 -1.5688876456383598 -0.01391322341602649 6.951207415613311 7260 9 True
car 32.55825134095607 -15.062597411961065 -1.074813725410256 4.855708599090576 2.0327565670013428 1.6493593454360962 1.5727575117231811 -0.03518918289250429 14.107616982335637 7242 10 True
car 36.48045655558786 24.59474369329405 -1.0584023039407848 5.237514495849609 1.9297595024108887 1.638383150100708 -1.5724211247880724 -1.7935827218393516e-05 -0.01313391041849836 7243 0 False
motorcycle 32.63016580322691 -52.98657111085595 -1.1250045097366557 2.0333523750305176 0.8025798797607422 1.4992746114730835 1.5723830687131228 -0.012591987699011969 7.242989191724074 7257 0 False
pedestrian 14.811000079475086 -8.472373267598641 -0.8614553518012305 0.3753577768802643 0.3753577768802643 1.8600000143051147 -2.9903623920783997 0.4745847368586916 -1.5222188175380258 7251 11 True
pedestrian 41.586650366095384 18.360762307777236 -0.8121266286519286 0.9953577518463135 0.3753577768802643 1.8600000143051147 -1.5672423461066352 -0.024725824424967822 3.018681159738401 7249 0 False
pedestrian 17.35452822789275 3.753345182788678 -0.8465006910661472 0.3753577768802643 0.3753577768802643 1.8600000143051147 0.3321088237436083 0.8554124370277784 -1.1576002106754044 7245 7 True
pedestrian 33.35226100678076 -10.841288161187833 -0.9332385829948647 0.9953577518463135 0.3753577768802643 1.8600000143051147 3.078182318532308 -0.47179604210980614 -3.5099873742763297 7247 6 True
pedestrian 7.706836449280814 -8.593627655684259 -0.8735771009880584 0.3753577768802643 0.3753577768802643 1.8600000143051147 -3.1085232877294753 0.12715232051054765 -1.7407907276693904 7253 24 True