7.915088176727295 -2.238009214401245
car -45.15555854650779 58.99549024627618 -2.111350047662846 4.181210041046143 1.994117259979248 1.3805816173553467 -1.2823925742794673 0.0 0.0 20001 0 True
car -58.47590318381526 78.54512937132193 -2.21177455820974 4.4777727127075195 2.069315195083618 2.0377910137176514 0.2884028251944858 0.0 0.0 20011 0 False
car 18.513947844618315 101.80139288870635 -2.8283580473878125 3.633375883102417 1.845113754272461 1.5012825727462769 1.8589281803617477 -15.573545065956134 -4.613637311250652 7259 0 False
car -32.96937098397797 -10.999713316266693 -0.9566002240654399 4.552699089050293 2.097072124481201 1.7671663761138916 0.2881503577362696 3.0961750892019223e-09 7.026985927487992e-09 7256 24 True
car 13.735800722810893 2.92551666309015 -1.230415188326642 4.673638820648193 1.8118125200271606 1.441947340965271 0.28031907336973977 11.62778148595113 3.249744847977704 7244 171 True
car -0.0025982670527469054 4.9746140717843446e-06 -1.2215854473488577 4.673638820648193 1.8118125200271606 1.441947340965271 0.0 7.91508820118137 -2.2380091217482336 -100 1341 False
car -38.034711950879284 90.43655639965428 -2.842904767357677 4.673638820648193 1.8118125200271606 1.441947340965271 1.8595855811215507 -10.024799528256057 -2.9844920707500724 7258 0 True
truck -64.72059676681539 -24.592450090678227 0.1949967784978064 8.46804141998291 2.8910882472991943 3.8274123668670654 -2.853105682145119 8.28540822084326 2.459694561190118 7261 19 False
car -95.50724095556268 -33.74373612385391 -0.8171557068609019 4.611005783081055 2.241713285446167 1.6672759056091309 -2.853292635895729 13.089475193490111 3.8806652331303173 7260 0 False
car 39.341445740582685 12.33105965367021 -1.1801790439680993 4.855708599090576 2.0327565670013428 1.6493593454360962 0.8866321237183676 2.65365216490238 14.858217421526527 7242 16 True
car 14.052705849196457 -1.1939628728342484 -1.0624415830573994 5.237514495849609 1.9297595024108887 1.638383150100708 -2.8529682631489433 2.076836122125309e-08 -2.524190387286135e-07 7243 235 True
motorcycle -40.7245620383888 -13.30695798581118 -1.0705615698900797 2.0333523750305176 0.8025798797607422 1.499274730682373 0.28895800909348474 2.2634900315968216 0.6742527080852455 7257 0 False
pedestrian -21.28011605458022 17.585956599181685 -1.240750258016675 0.3753577768802643 0.3753577768802643 1.8600000143051147 1.8820254906704161 -1.4521859424717791 -0.501616266041675 7251 2 True
pedestrian 0.697428409825875 -9.914137030755882 -0.716703403019217 0.9953577518463135 0.3753577768802643 1.8600000143051147 -2.9222785698709486 3.562304746546261 0.41828059585465993 7249 25 False
pedestrian -5.658988954576216 7.980375581219562 -1.0258678884076744 0.3753577768802643 0.3753577768802643 1.8600000143051147 -1.8916250464482836 -0.9196988551966978 1.0331985727324684 7245 20 True
pedestrian -14.714196841911928 -7.1584497120688155 -1.675307937707279 0.3753577768802643 0.3753577768802643 1.8600000143051147 -1.7590563283116023 0.005646702570771219 0.03613649169046846 7247 12 True
pedestrian -23.844044080063952 25.311281887729635 -1.3772871359712724 0.3753577768802643 0.3753577768802643 1.8600000143051147 1.8689732160346773 -1.7149124250514984 -0.5458700869961427 7253 4 True