0.6366614103317261 -5.519135475158691
car -26.211755708459897 -15.272316717862225 -0.925025357220207 4.181210041046143 1.994117259979248 1.3805816173553467 -0.17230917330381604 0.0 0.0 20001 0 True
car -38.51325822883797 -88.52583731804407 -1.129725622994453 5.357479572296143 2.033203125 1.4147460460662842 -0.17230864067204793 0.0 0.0 20003 0 False
car -49.64239657104737 -18.513352772809412 -0.5632755020500255 4.4777727127075195 2.069315195083618 2.0377910137176514 1.398486226170137 0.0 0.0 20011 0 False
car 15.750469318774577 51.79684587711682 -1.0857258881417948 3.633375883102417 1.845113754272461 1.5012825727462769 2.970481112385644 -0.31533704539287205 -1.8429515841369448 7259 0 False
car 38.33656648055979 -56.07904649055746 -1.401916326233854 4.552699089050293 2.097072124481201 1.7671663761138916 1.3986948567722233 0.8098711204463952 4.670971425899523 7256 0 False
car 14.741649800022628 -2.292391848569423 -1.2966148885012814 4.673638820648193 1.8118125200271606 1.441947340965271 -0.17188360052108764 -0.9463377751374893 -5.470093362388388 7244 137 True
car -0.002592523512301881 4.945629154917697e-05 -1.2215851356332479 4.673638820648193 1.8118125200271606 1.441947340965271 0.0 0.6366614240827715 -5.519134980217925 -100 1366 False
car 10.121979814086973 -5.549636660323756 -1.2862454769319243 4.673638820648193 1.8118125200271606 1.441947340965271 2.9697865605600144 -0.735064819896796 -4.248873631773581 7258 260 True
truck 46.16960334820296 -34.39572603133013 -0.3552678646499583 8.46804141998291 2.8910882472991943 3.8274123668670654 -1.7424014988437229 0.6067750316968916 3.5174434415331013 7261 57 True
car 43.92723115018854 -47.25188810529812 -1.4635297291207747 4.611005783081055 2.241713285446167 1.6672759056091309 -1.7427208115887114 0.31093291524257716 1.7934446911074162 7260 0 False
car 40.68667494782343 -42.53430105257752 -1.4545710053078493 4.855708599090576 2.0327565670013428 1.6493593454360962 1.398941562353523 1.0051201062626534 5.807968519911593 7242 0 False
car 54.84066231729639 15.652713767420096 -1.3250395955561514 5.237514495849609 1.9297595024108887 1.638383150100708 -1.7461552212295532 -0.0003323969515789179 -0.0022660798391362837 7243 0 False
motorcycle 35.8083276349761 -70.61228172905521 -1.5686832546276155 2.0333523750305176 0.8025798797607422 1.4992752075195312 1.3985957175716202 1.6212254368353161e-09 5.57317626535169e-09 7257 0 False
pedestrian 30.3940716725552 -13.43514827751278 -1.0692250394762581 0.3753577768802643 0.3753577768802643 1.8600000143051147 2.9766171635123357 -0.21592691419620016 -1.3540619606317104 7251 2 True
pedestrian 59.75319055102304 14.288173060166287 -1.1136197837230704 0.9953577518463135 0.3753577768802643 1.8600000143051147 -1.7279565252922906 0.4500356658219682 3.2342559009844276 7249 0 False
pedestrian 29.75026716920847 -1.5928532063178977 -1.0187040911096332 0.3753577768802643 0.3753577768802643 1.8600000143051147 0.12861033199395072 0.3055880440696946 -0.6756802276315282 7245 4 True
pedestrian 51.74207063486622 -19.94129820046885 -1.1873141083915684 0.3753577768802643 0.3753577768802643 1.8600000143051147 -2.1739147236819796 1.4837893699861562 1.2993370447816814 7247 4 True
pedestrian 23.886549083765217 -12.425134983704083 -1.0361102849565 0.3753577768802643 0.3753577768802643 1.8600000143051147 2.992880941393958 -0.20835660650579652 -1.6491414233390742 7253 3 True