7.87790060043335 -0.6148790717124939
car -38.29867798199973 66.91158542769512 -1.0635150843207963 4.181210041046143 1.994117259979248 1.3805816173553467 -1.4771554722686342 0.0 0.0 20001 0 True
car -47.582324452809644 88.66910454801433 -0.8305063489049829 4.4777727127075195 2.069315195083618 2.0377910137176514 0.0936399272053187 0.0 0.0 20011 0 False
car 31.186957494037415 110.11404323699554 -1.5777641400322473 3.633375883102417 1.845113754272461 1.5012825727462769 1.6639229349180857 -17.593504638671966 -1.634683462485283 7259 0 False
car -39.89142898117399 -4.127880420226862 -0.9136987331907163 4.552699089050293 2.097072124481201 1.7671663761138916 0.09338745974710252 -7.524601457125792e-10 4.315622932908422e-10 7256 17 True
car 19.41555339526485 1.4816756774542412 -1.2850913105217738 4.673638820648193 1.8118125200271606 1.441947340965271 0.09303858600400201 13.560001487615825 1.25667367999159 7244 53 True
car -0.0025805147026289887 3.6209546721011066e-06 -1.2215852956400288 4.673638820648193 1.8118125200271606 1.441947340965271 0.0 7.877899931774168 -0.6148790365772854 -100 1397 False
car -25.951560542604625 104.03979897202868 -1.4294698478455885 4.673638820648193 1.8118125200271606 1.441947340965271 1.6649402615951963 -8.291880470103388 -0.7874284620216105 7258 0 False
truck -80.74138934916175 -11.997763638758045 0.2476500020197876 8.46804141998291 2.8910882472991943 3.8274123668670654 -3.047896010670344 9.054794170211968 0.8513272358937711 7261 0 True
car -116.52449146522343 -15.35848412571741 -0.7109099780515689 4.611005783081055 2.241713285446167 1.6672759056091309 -3.047706926392661 13.589009008472656 1.2815564014351122 7260 0 True
car 40.520197676471696 14.323976670211536 -1.313978438257468 4.855708599090576 2.0327565670013428 1.6493593454360962 1.7277499307452309 -14.115489719725808 -1.822739720263526 7242 2 True
car 8.13896740710561 -3.6081143539582463 -1.1381093990088686 5.237514495849609 1.9297595024108887 1.638383150100708 -3.0477311611381106 4.6526436791048645e-08 2.2028648111174478e-07 7243 691 True
motorcycle -46.433795928219865 -4.74570070417235 -1.0237045617797806 2.0333523750305176 0.8025798797607422 1.4992748498916626 0.09418864124079442 -0.004376289653860526 -0.00037267613587312043 7257 0 False
pedestrian -23.030734719641202 22.881510437669974 -0.8791047622773167 0.3753577768802643 0.3753577768802643 1.8600000143051147 1.6828115221530064 -1.531079126589188 -0.20523388228579595 7251 5 True
pedestrian -9.517666364291301 -9.568449780380284 -0.8297323739382509 0.9953577518463135 0.3753577768802643 1.8600000143051147 3.1283789345183903 3.561044781231171 -0.42812755298617616 7249 24 True
pedestrian -10.451017771432475 8.337298193675032 -0.8679037860654162 0.3753577768802643 0.3753577768802643 1.8600000143051147 -2.7173537901147204 1.1961858974564161 1.282257566882337 7245 9 True
pedestrian -21.219577595379747 -3.832245405556222 -1.678055358842441 0.3753577768802643 0.3753577768802643 1.8600000143051147 -1.9538200252484215 0.00722228470658433 0.01890684564815013 7247 2 True
pedestrian -24.06327348983382 31.16552469879032 -0.898772678011067 0.3753577768802643 0.3753577768802643 1.8600000143051147 1.6883567514909108 -1.7922914621909374 -0.22897329192092514 7253 0 True