5.5752739906311035 -6.4395952224731445
car -67.01206864528115 20.824397512924293 -1.3222832758013467 4.181210041046143 1.994117259979248 1.3805816173553467 -0.6167134850889842 0.0 0.0 20001 0 True
car -109.61200000466484 -40.012832789219885 -0.08746206943914814 5.357479572296143 2.033203125 1.4147460460662842 -0.616712952457216 0.0 0.0 20003 0 False
car -89.56065739209703 27.977591329047243 -1.1703980911499343 4.4777727127075195 2.069315195083618 2.0377910137176514 0.9540819143849689 0.0 0.0 20011 0 False
car -35.72314103223013 88.37641388003652 -2.8850419649769563 3.633375883102417 1.845113754272461 1.5012825727462769 2.5256167399107614 -8.622111302551366 -12.193590072854837 7259 0 False
car -14.193358762224932 -26.701087432833987 -0.49895186781066414 4.552699089050293 2.097072124481201 1.7671663761138916 0.9538294469267528 8.403341270423419e-10 6.024079229632277e-09 7256 38 True
car 10.218520695469323 8.054949915607267 -1.3937170836164956 4.673638820648193 1.8118125200271606 1.441947340965271 0.9027724225758712 5.795231359904613 6.745211132217151 7244 229 True
car -0.0025758117002681047 -1.0886288293932012e-05 -1.2215857106772283 4.673638820648193 1.8118125200271606 1.441947340965271 0.0 5.575274188092198 -6.439595041313713 -100 1397 False
car -75.00407404893744 45.81647092076929 -2.033418553054041 4.673638820648193 1.8118125200271606 1.441947340965271 2.5252284513518015 -7.489922054256022 -10.57927577353656 7258 0 True
truck -27.82266131653489 -52.84820681681711 1.0520766794502157 8.46804141998291 2.8910882472991943 3.8274123668670654 -2.187305951859156 4.770671035432307 6.73367888593361 7261 25 True
car -44.5950057600528 -76.51765832866022 0.4657904708713172 4.611005783081055 2.241713285446167 1.6672759056091309 -2.187278787638982 7.864127928814962 11.100898120096227 7260 0 True
car 24.072321563576452 27.33919381201065 -1.7028264317624133 4.855708599090576 2.0327565670013428 1.6493593454360962 0.9630272537502547 9.786561495829803 14.42955909470896 7242 18 True
car 16.73301053480887 10.042430749801895 -1.3434741492766493 5.237514495849609 1.9297595024108887 1.638383150100708 -2.1872891739584603 -5.817651663173941e-07 -5.681865789107089e-07 7243 104 True
motorcycle -19.768823399983518 -34.574352635610694 -0.466079232026817 2.0333523750305176 0.8025798797607422 1.4992746114730835 0.9546358971317115 1.5897780735514757 2.2479889149550627 7257 1 True
pedestrian -21.891126377232894 2.4834206875935934 -0.9070511037264151 0.3753577768802643 0.3753577768802643 1.8600000143051147 2.5451275742087893 -0.8393276851691462 -1.2790459808378658 7251 3 True
pedestrian 13.023088380951862 -3.431638882644961 -0.8334821486907131 0.9953577518463135 0.3753577768802643 1.8600000143051147 -2.2882710971923403 2.5995586250208227 2.4705848111415354 7249 19 True
pedestrian -4.766695760242328 5.807284225234866 -0.98543297816492 0.3753577768802643 0.3753577768802643 1.8600000143051147 -0.7514083360860612 -0.20043860655022733 -0.1996277622488205 7245 96 True
pedestrian -2.199457456334102 -12.450062633894618 -1.5035659653050573 0.3753577768802643 0.3753577768802643 1.8600000143051147 -1.0933829649126265 -0.02210261517695539 0.04007293516621328 7247 13 True
pedestrian -28.561056327030798 6.877506808743817 -0.9855668163685429 0.3753577768802643 0.3753577768802643 1.8600000143051147 2.5684632372336917 -0.8917910167694535 -1.5673115693671913 7253 2 True