0.0009720218949951231 -7.1825995445251465
car -58.26075648354106 -19.810430742512835 -1.0478942427397775 4.181210041046143 1.994117259979248 1.3805816173553467 -0.0002304963976542155 0.0 0.0 20001 0 True
car -57.837254808584376 -94.08874526259694 -1.0712874224124653 5.357479572296143 2.033203125 1.4147460460662842 -0.00022996376588609483 0.0 0.0 20003 0 False
car -80.79225527852991 -27.014730189775776 -0.8034702859879062 4.4777727127075195 2.069315195083618 2.0377910137176514 1.5705649030762987 0.0 0.0 20011 0 False
car -56.700130910962045 53.4236489379669 -1.232008701589835 3.633375883102417 1.845113754272461 1.5012825727462769 -3.1407625565482244 0.024241984355450722 -12.513758729698779 7259 0 False
car 12.316840213534324 -28.054733250693005 -1.034527172968401 4.552699089050293 2.097072124481201 1.7671663761138916 1.5703124356180826 -7.649489707710427e-08 -1.2213667412349189e-06 7256 28 True
car 11.51968009602265 8.070659846399678 -1.210424328643644 4.673638820648193 1.8118125200271606 1.441947340965271 1.3580929641920725 2.796733799124963 6.570992900403033 7244 217 True
car -0.002593670636111156 -1.6946138146067824e-05 -1.2215854050238202 4.673638820648193 1.8118125200271606 1.441947340965271 0.0 0.0009720220301572378 -7.1825999219727 -100 1354 False
car -62.85270842594828 -4.027253394059414 -1.278181100728359 4.673638820648193 1.8118125200271606 1.441947340965271 -3.1413334046457075 0.011495661659135549 -16.08814036560433 7258 7 True
truck 16.326206006393598 -48.62230517092985 -0.015324238294676329 8.46804141998291 2.8910882472991943 3.8274123668670654 -1.5708471979132757 -0.0029868036718156436 7.482856714408157 7261 45 True
car 16.319545104150727 -71.35414196928474 -1.0926274313637356 4.611005783081055 2.241713285446167 1.6672759056091309 -1.5707875431552463 -0.002923273430839001 12.928812692350975 7260 0 True
car 12.303887730902089 19.437610320446424 -1.1172510311168722 4.855708599090576 2.0327565670013428 1.6493593454360962 1.571235505912775 -0.01848046961607292 16.476193204422916 7242 55 True
car 16.300861678140826 19.81322509803374 -1.1086981781306005 5.237514495849609 1.9297595024108887 1.638383150100708 -1.5708067178988985 8.159022364665983e-07 -0.001065649836758805 7243 60 True
motorcycle 12.320665019228226 -40.67638093285268 -1.16416234802683 2.0333523750305176 0.8025798797607422 1.499274730682373 1.5711895186341578 -0.0035265219965859764 3.425460758338446 7257 2 True
pedestrian -9.16102888990289 -8.664211746130889 -0.8940616397521826 0.3753577768802643 0.3753577768802643 1.8600000143051147 -3.1245086323543125 0.06029765397439265 -1.517160249059802 7251 7 True
pedestrian 21.275675560261877 10.593346109977176 -0.8658024682825292 0.9953577518463135 0.3753577768802643 1.8600000143051147 -1.6484103675664266 0.43977670870905344 3.559429046745979 7249 8 True
pedestrian 0.33824620990393406 3.9697623875650265 -0.876289343099883 0.3753577768802643 0.3753577768802643 1.8600000143051147 0.07069741300413343 0.23171277659987213 -1.4914348430727618 7245 145 True
pedestrian 13.918182071455794 -9.510955220355527 -1.7401884609272003 0.3753577768802643 0.3753577768802643 1.8600000143051147 2.6646992782556747 -0.05325420971248996 0.026170598178700592 7247 9 True
pedestrian -16.84613925972757 -8.853408174976835 -0.9010098302126224 0.3753577768802643 0.3753577768802643 1.8600000143051147 -3.0831143555471634 0.2068371011779469 -1.7819244166974755 7253 6 True