9.934225082397461 -0.014828707091510296
car -51.031851383892445 70.45491547215721 -1.1200033545362669 4.181210041046143 1.994117259979248 1.3805816173553467 -1.5692065590395592 0.0 0.0 20001 0 False
car -58.27770575178448 92.97307619880141 -0.8747467898874683 4.4777727127075195 2.069315195083618 2.0377910137176514 0.0015888404343938644 0.0 0.0 20011 0 False
car -59.147627243188026 -0.13755283561232678 -1.17929698032113 4.552699089050293 2.097072124481201 1.7671663761138916 0.0013363729761776825 1.0271610678021882e-12 1.3882143330164818e-09 7256 5 True
car 21.79242124874412 8.43723720981127 -1.1717780366252484 4.673638820648193 1.8118125200271606 1.441947340965271 1.5887243172904983 -10.388310786055106 0.94652071139059 7244 57 True
car -0.002565509644625763 1.1607600791663231e-07 -1.2215853029368196 4.673638820648193 1.8118125200271606 1.441947340965271 0.0 9.934225904591337 -0.014828708575799852 -100 1387 False
truck -117.76248172421248 -4.25077964279095 -0.29540406868297797 8.46804141998291 2.8910882472991943 3.8274123668670654 -3.1398648058330942 9.993934889824896 0.0186073209758254 7261 0 True
car 22.29322265294013 38.18591656943998 -1.0820305328991087 4.855708599090576 2.0327565670013428 1.6493593454360962 1.5735280666301321 -10.259307770081913 -0.04019316243899637 7242 0 False
car -11.2722340771914 -4.034424651560921 -1.1476581975394955 5.237514495849609 1.9297595024108887 1.638383150100708 -3.1397822479090354 -1.474789993106864e-08 1.1005449609389597e-07 7243 291 True
motorcycle -65.71407686508809 -0.15111313000446858 -1.3244160577159994 2.0333523750305176 0.8025798797607422 1.4992756843566895 0.0021090571423397503 3.76724645379155e-08 -8.20285991617825e-09 7257 0 False
pedestrian -39.94613172931014 28.09418122533439 -0.9795948655812421 0.3753577768802643 0.3753577768802643 1.8600000143051147 1.592937967208101 -1.694145741632979 -0.07346642107695141 7251 0 False
pedestrian -35.43489849361765 -7.820880409984391 -0.9633509950985801 0.9953577518463135 0.3753577768802643 1.8600000143051147 3.070856501063539 2.5428698554932683 -0.3676351239173161 7249 4 True
pedestrian -31.687123017106614 8.587843538112336 -1.0615173768079205 0.3753577768802643 0.3753577768802643 1.8600000143051147 -2.8256778426652676 1.41699684551228 1.0334982513679465 7245 3 True
pedestrian -40.460616108156785 -1.4349733570683063 -1.843735994137087 0.3753577768802643 0.3753577768802643 1.8600000143051147 -2.0458739083361293 -0.0174583260607788 -0.031452478179583784 7247 0 True
pedestrian -40.19588492670778 36.82038226237171 -0.9813496002703974 0.3753577768802643 0.3753577768802643 1.8600000143051147 1.5745645680508948 -1.82152957113488 -0.04202348584333702 7253 0 False