-0.0006839743000455201 -8.714850425720215
car -44.482995302399004 -19.752318510055886 -1.0616682536038613 4.181210041046143 1.994117259979248 1.3805816173553467 -0.001455815780215793 0.0 0.0 20001 2 True
car -44.15049572199551 -94.03109390920673 -1.082212011885013 5.357479572296143 2.033203125 1.4147460460662842 -0.0014552831484476725 0.0 0.0 20003 0 False
car -67.02344860616518 -26.92899536171376 -0.8306768633532897 4.4777727127075195 2.069315195083618 2.0377910137176514 1.5693395836937374 0.0 0.0 20011 0 False
car -25.53184145506743 53.47780465292112 -1.22137073987275 3.633375883102417 1.845113754272461 1.5012825727462769 3.141222484079997 0.0074550333943183 -7.872660857341095 7259 0 False
car 26.082232270877547 -30.552484069632726 -1.0059675161649149 4.552699089050293 2.097072124481201 1.7671663761138916 1.5699180189329742 0.002170609180420037 6.434756403278183 7256 0 True
car 15.878583764847598 0.004144665328396968 -1.197419698448275 4.673638820648193 1.8118125200271606 1.441947340965271 0.013963740748935274 0.2827735467393874 -8.062823110689912 7244 99 True
car -0.0025917278391887066 3.305079621895857e-05 -1.2215854780944815 4.673638820648193 1.8118125200271606 1.441947340965271 0.0 -0.0006839747150764888 -8.714850163367233 -100 1360 False
car -26.33022596817947 -3.9813328325493558 -1.2608032864185208 4.673638820648193 1.8118125200271606 1.441947340965271 3.141052974019792 0.003440945874087029 -9.942300120273186 7258 39 True
truck 30.080846179989088 -37.308669940415825 0.016224262370061693 8.46804141998291 2.8910882472991943 3.8274123668670654 -1.5717345624389647 0.0020406402285057744 5.689319218146776 7261 58 True
car 30.058734640743857 -52.690827462403604 -1.0606627414942784 4.611005783081055 2.241713285446167 1.6672759056091309 -1.5719990141118367 0.009589521317228051 8.827748334004097 7260 6 True
car 26.15555773081257 -6.775014090550769 -1.1020127144975151 4.855708599090576 2.0327565670013428 1.6493593454360962 1.570274227806147 -0.0242250123939869 11.500830969346804 7242 69 True
car 30.132127757235857 23.93716596292353 -1.0786875059971268 5.237514495849609 1.9297595024108887 1.638383150100708 -1.5746469929470486 0.008405226164104928 2.2390200782222873 7243 0 False
motorcycle 26.065819384314523 -47.848079052051276 -1.1347889865843521 2.0333523750305176 0.8025798797607422 1.4992743730545044 1.56959346102968 0.006597229081322079 6.461629140164987 7257 0 False
pedestrian 7.272451628330845 -8.560058799229978 -0.8744161511084287 0.3753577768802643 0.3753577768802643 1.8600000143051147 -3.141555778408898 0.02427010451764271 -1.5032705649552307 7251 7 True
pedestrian 35.2123813635278 16.06855218818464 -0.8324836293088804 0.9953577518463135 0.3753577768802643 1.8600000143051147 -1.5840921520911322 0.06114582952327146 3.149465142846959 7249 5 True
pedestrian 11.852830927288036 4.039591067872607 -0.8587758308431162 0.3753577768802643 0.3753577768802643 1.8600000143051147 0.3101428233104282 0.643677641179446 -0.8360427771767186 7245 19 True
pedestrian 27.39578434268059 -10.291187774586604 -0.9952182628369147 0.3753577768802643 0.3753577768802643 1.8600000143051147 2.151219084305445 -0.025279112002301932 0.6880971356706588 7247 3 True
pedestrian -0.035590775552435616 -8.70742793006616 -0.8854565425579298 0.3753577768802643 0.3753577768802643 1.8600000143051147 -3.042260167352888 0.37500412019088264 -1.8642864908720982 7253 32 True