10.58871078491211 -0.35274237394332886
car -38.21446097458795 69.0792070224458 -1.0194899128540538 4.181210041046143 1.994117259979248 1.3805816173553467 -1.5350882942095996 0.0 0.0 20001 0 False
car -46.222574762819136 91.33774155215794 -0.7789844765820817 4.4777727127075195 2.069315195083618 2.0377910137176514 0.035707105264353584 0.0 0.0 20011 0 False
car -43.9177736376588 -1.7488704671565412 -0.873385784018196 4.552699089050293 2.097072124481201 1.7671663761138916 0.035454637806137404 -1.241221972040134e-09 -3.628521250542576e-10 7256 17 True
car 21.356795976985666 0.6217574620137096 -1.3053949051271798 4.673638820648193 1.8118125200271606 1.441947340965271 0.03667345923717237 15.047795419796643 0.5691765196888454 7244 58 True
car -0.002590553085724423 3.304862126185526e-07 -1.2215852173616208 4.673638820648193 1.8118125200271606 1.441947340965271 0.0 10.588710436529379 -0.3527423609986261 -100 1396 False
car -23.855031174448868 108.64868823577147 -1.3984446044879721 4.673638820648193 1.8118125200271606 1.441947340965271 1.607059770725449 -7.484036425088764 -0.27578072530814357 7258 0 False
truck -88.83399298804545 -7.371995701532882 0.3285108967932995 8.46804141998291 2.8910882472991943 3.8274123668670654 -3.105850404197918 9.300776840950041 0.33280652370369146 7261 0 True
car 36.98092325104699 18.273133812967586 -1.3166844551436192 4.855708599090576 2.0327565670013428 1.6493593454360962 1.6233006454410421 -16.731842948691686 -1.2938516195697616 7242 0 True
car 4.06198247698336 -4.011008502154118 -1.129022418141396 5.237514495849609 1.9297595024108887 1.638383150100708 -3.1056639830790758 -8.167056569353992e-09 -7.940207089798195e-09 7243 2006 True
motorcycle -50.48091587305572 -1.9866723193725946 -0.9779502115859318 2.0333523750305176 0.8025798797607422 1.4992748498916626 0.03622736777785131 -0.0002797664150181191 -1.269439094852157e-05 7257 0 False
pedestrian -25.559759827031257 24.85916482876521 -0.8493439181522713 0.3753577768802643 0.3753577768802643 1.8600000143051147 1.6390484362972975 -1.5429771170228128 -0.13756906003173805 7251 1 True
pedestrian -15.340971051832298 -8.836920291621027 -0.8042978223672042 0.9953577518463135 0.3753577768802643 1.8600000143051147 3.070370745182236 3.530102824650561 -0.6355948201744586 7249 15 True
pedestrian -14.464346846862952 8.749914186577435 -0.9554414134162168 0.3753577768802643 0.3753577768802643 1.8600000143051147 -2.7911451903197104 1.37736930986618 1.0857002842430716 7245 9 True
pedestrian -25.248565638303717 -2.509149258246513 -1.6499852713852883 0.3753577768802643 0.3753577768802643 1.8600000143051147 -2.011753512979097 0.004006933894029223 0.009508358217733225 7247 1 True
pedestrian -26.10278274529287 33.29216828360169 -0.8680718554179325 0.3753577768802643 0.3753577768802643 1.8600000143051147 1.6072453928966388 -1.8085416924367619 -0.08626039024217573 7253 3 True