0.7162941694259644 -5.071685791015625
car -26.168138737227064 -14.425424214468705 -0.9049536594575187 4.181210041046143 1.994117259979248 1.3805816173553467 -0.20601637527550593 0.0 0.0 20001 0 True
car -40.931313991918906 -87.22288011220581 -1.0691657926003995 5.357479572296143 2.033203125 1.4147460460662842 -0.20601584264373776 0.0 0.0 20003 0 False
car -49.69446131595183 -16.874879612436928 -0.5275544398807277 4.4777727127075195 2.069315195083618 2.0377910137176514 1.3647790241984472 0.0 0.0 20011 0 False
car 18.20570638419848 51.155214569930195 -1.1225073193982595 3.633375883102417 1.845113754272461 1.5012825727462769 2.9367364930322433 -0.34169089957356347 -1.6542183295837123 7259 0 False
car 36.87667545723915 -57.82254791665247 -1.4033777560617287 4.552699089050293 2.097072124481201 1.7671663761138916 1.3649391054181204 0.8466355489661581 4.062181623315616 7256 0 False
car 14.664870974133493 -2.7218969340411263 -1.304360177706517 4.673638820648193 1.8118125200271606 1.441947340965271 -0.2057346130701701 -1.0462567684902186 -5.026378789013148 7244 102 True
car -0.0025988959408245194 1.5976040685927728e-06 -1.221585465450552 4.673638820648193 1.8118125200271606 1.441947340965271 0.0 0.7162942050849391 -5.071686046621445 -100 1356 False
car 10.868504416932538 -6.0154161482701625 -1.2948344994545806 4.673638820648193 1.8118125200271606 1.441947340965271 2.936050596472846 -0.7558623389263075 -3.634088643352106 7258 202 True
truck 45.59957053479938 -35.63337146731254 -0.3700313883403643 8.46804141998291 2.8910882472991943 3.8274123668670654 -1.7760855313334993 0.6876724309184958 3.3063635124067208 7261 56 True
car 42.88805813974324 -48.5826187226869 -1.47115268923879 4.611005783081055 2.241713285446167 1.6672759056091309 -1.7764197577679952 0.3203948782176932 1.5379695715024195 7260 0 False
car 39.656183274016506 -44.48820237430624 -1.464265900144516 4.855708599090576 2.0327565670013428 1.6493593454360962 1.365194544011555 1.131965051135021 5.4405157985232036 7242 0 False
car 55.88074237726451 13.753891655338634 -1.3678944863605904 5.237514495849609 1.9297595024108887 1.638383150100708 -1.7798424495099388 0.07708169454284117 0.382998188463799 7243 0 False
motorcycle 33.9514344395266 -71.82423518045476 -1.5612058032408043 2.0333523750305176 0.8025798797607422 1.4992752075195312 1.3648885155999302 -3.585622245807456e-08 -2.6810698228507642e-08 7257 0 False
pedestrian 30.6018668424449 -14.523958513206708 -1.085023058730144 0.3753577768802643 0.3753577768802643 1.8600000143051147 2.9428773378448483 -0.2612922093713901 -1.3450759156555157 7251 2 True
pedestrian 60.805805004373624 12.539865944932842 -1.1583127876908992 0.9953577518463135 0.3753577768802643 1.8600000143051147 -1.7587856515049405 0.5452758782238366 3.2315863905546047 7249 0 False
pedestrian 30.04837750848825 -2.6556012775147906 -1.0378447024832056 0.3753577768802643 0.3753577768802643 1.8600000143051147 0.10037379091262817 0.17186279630934484 -0.45125591783863417 7245 2 True
pedestrian 51.8348127247626 -21.447758807203854 -1.2128216563056209 0.3753577768802643 0.3753577768802643 1.8600000143051147 -2.0425798470361496 0.887971366998392 1.1177646555615885 7247 1 True
pedestrian 24.161121545452843 -13.298312195104472 -1.048580539986709 0.3753577768802643 0.3753577768802643 1.8600000143051147 2.959073737807804 -0.2638457568236853 -1.6404386383513054 7253 1 True