-0.007560514844954014 -9.579036712646484
car -42.59299662456749 -19.848265628634863 -0.9502918898868746 4.181210041046143 1.994117259979248 1.3805816173553467 0.0007134602533976237 0.0 0.0 20001 1 True
car -42.09942523779374 -94.12614682554579 -0.9742329154056815 5.357479572296143 2.033203125 1.4147460460662842 0.0007139928851657443 0.0 0.0 20003 0 True
car -65.11716287848019 -27.07382929506724 -0.6616832173145886 4.4777727127075195 2.069315195083618 2.0377910137176514 1.5715088597273508 0.0 0.0 20011 0 False
car -22.280747246873105 53.425539397494106 -1.1578458284722823 3.633375883102417 1.845113754272461 1.5012825727462769 -3.139831383059607 0.0206092050711767 -7.296209355591785 7259 0 False
car 27.997184772212965 -31.883300163870103 -1.0756203308622823 4.552699089050293 2.097072124481201 1.7671663761138916 1.572138739250124 -0.014438094304457512 7.597890706144459 7256 0 True
car 16.01733623153538 0.015780117604606403 -1.2383928761204128 4.673638820648193 1.8118125200271606 1.441947340965271 0.001822932226392958 0.02707295508615032 -8.897518237974028 7244 115 True
car -0.002593537834645332 3.7625466347890324e-05 -1.2215852973642396 4.673638820648193 1.8118125200271606 1.441947340965271 0.0 -0.007560515780377182 -9.579037063466634 -100 1349 False
car -22.580621363045466 -4.0350193793472044 -1.197485759951019 4.673638820648193 1.8118125200271606 1.441947340965271 -3.1400259268129136 0.02020287150571393 -8.961453008711146 7258 56 True
truck 32.00952282932798 -36.13696139431988 -0.06416550674773203 8.46804141998291 2.8910882472991943 3.8274123668670654 -1.5693056284183926 -0.012355636169430341 5.446177261999198 7261 66 True
car 32.018293311439024 -50.902339699407435 -1.1418298010084662 4.611005783081055 2.241713285446167 1.6672759056091309 -1.5698084328074984 -0.009288313521615259 8.292473227634716 7260 6 True
car 28.009187569459858 -8.941453814624083 -1.148852367325842 4.855708599090576 2.0327565670013428 1.6493593454360962 1.5712681101517785 0.15057284647859132 10.874654930606994 7242 50 True
car 31.92667566995878 24.353352268222352 -1.1573980718407768 5.237514495849609 1.9297595024108887 1.638383150100708 -1.573460955157386 0.004707667464786908 1.2886294723555551 7243 0 False
motorcycle 28.017448688667276 -49.04970638015436 -1.2059646779178306 2.0333523750305176 0.8025798797607422 1.4992746114730835 1.571671634388243 -0.006876837317561883 6.6834670729449375 7257 0 False
pedestrian 9.439199527467082 -8.544403639365044 -0.8958363490694794 0.3753577768802643 0.3753577768802643 1.8600000143051147 -3.12090431317944 0.1621406953670581 -1.4917651677193173 7251 10 True
pedestrian 37.03132353890315 16.775651844175968 -0.9244930512402498 0.9953577518463135 0.3753577768802643 1.8600000143051147 -1.5736364573249817 0.0013674536305558816 3.1406338774613407 7249 3 True
pedestrian 13.496618030561436 4.004556142382114 -0.8909983357843605 0.3753577768802643 0.3753577768802643 1.8600000143051147 0.3455343400908576 0.9080856026761246 -1.0902190249184707 7245 10 True
pedestrian 29.182505323529085 -10.348905982103247 -1.0494066215752493 0.3753577768802643 0.3753577768802643 1.8600000143051147 2.286419269692527 -0.004502532022954845 0.7025430468827293 7247 2 True
pedestrian 2.208180513657279 -8.668294351042107 -0.8882032359296743 0.3753577768802643 0.3753577768802643 1.8600000143051147 -3.0408156699977447 0.35104485247471473 -1.887491950899636 7253 39 True