0.9898967742919922 -8.681398391723633
car -63.805338223121595 -14.761618053054406 -0.8201832272415674 4.181210041046143 1.994117259979248 1.3805816173553467 -0.08247403455522324 0.0 0.0 20001 4 True
car -69.48534850455158 -88.82244001982713 -0.39601620100794444 5.357479572296143 2.033203125 1.4147460460662842 -0.08247350192345514 0.0 0.0 20003 0 False
car -86.85190371983404 -20.08874605087732 -0.49213292574370193 4.4777727127075195 2.069315195083618 2.0377910137176514 1.48832136491873 0.0 0.0 20011 0 False
car -62.76429094456122 58.627421528641776 -1.443206713255028 3.633375883102417 1.845113754272461 1.5012825727462769 3.060154597392612 -1.0940621311452199 -13.609476938696217 7259 0 False
car 5.856269569169161 -28.77668717230017 -0.8828193885489515 4.552699089050293 2.097072124481201 1.7671663761138916 1.4880688974605136 1.1829643853657613e-08 -1.962390272977137e-08 7256 42 True
car 8.555735219669845 9.620125378842147 -1.2906903990922802 4.673638820648193 1.8118125200271606 1.441947340965271 1.3586568381423418 1.646729169924225 4.916133161532398 7244 240 True
car -0.0025939213602086397 -6.424000503102434e-06 -1.221585305196042 4.673638820648193 1.8118125200271606 1.441947340965271 0.0 0.9898967945178054 -8.681398659630771 -100 1362 False
car -74.98332535245297 1.9924974379435412 -1.1307823158939856 4.673638820648193 1.8118125200271606 1.441947340965271 3.0597833530502316 -1.2434736832718296 -15.282262699309491 7258 0 True
truck 7.8501707057715855 -53.41753388729177 0.27658930542051285 8.46804141998291 2.8910882472991943 3.8274123668670654 -1.6529551812858583 0.6433633726119793 7.8424905496793285 7261 38 False
car 5.736639307229993 -78.94976008934395 -0.6457240614551321 4.611005783081055 2.241713285446167 1.6672759056091309 -1.6530393371052212 1.1287369420448552 13.731720112002616 7260 0 False
car 10.444701541716338 27.088628515113953 -1.3066221204508919 4.855708599090576 2.0327565670013428 1.6493593454360962 1.4889060292578866 1.4273311535872362 17.516071804418115 7242 34 True
car 13.759056475502383 18.6010364827589 -1.2529799805545125 5.237514495849609 1.9297595024108887 1.638383150100708 -1.6530497234246995 -5.191421802126229e-06 -6.241845528250295e-05 7243 52 True
motorcycle 4.943598199840665 -39.8851397606968 -0.9458132485840263 2.0333523750305176 0.8025798797607422 1.4992746114730835 1.4889456637713467 0.2025561071322884 2.4881572244960797 7257 2 True
pedestrian -14.715276302717875 -7.635916833687759 -0.8203787543498209 0.3753577768802643 0.3753577768802643 1.8600000143051147 3.074922212637583 -0.07654450425028027 -1.5216909936754852 7251 8 True
pedestrian 17.76887764592081 7.229465049512328 -0.9524691944195247 0.9953577518463135 0.3753577768802643 1.8600000143051147 -1.681625684100257 0.4879603727571075 3.552917737921734 7249 12 True
pedestrian -2.8742190744535794 4.05627533119025 -0.89691315541699 0.3753577768802643 0.3753577768802643 1.8600000143051147 -0.15836034624438816 -0.16162767902697373 -1.0467446571691137 7245 77 True
pedestrian 8.946524714902587 -10.414397083307676 -1.7033099049442773 0.3753577768802643 0.3753577768802643 1.8600000143051147 -0.559140984377967 -0.04723320035595309 0.02776246885632177 7247 19 True
pedestrian -22.52874827100623 -7.221688921759323 -0.8121296541854472 0.3753577768802643 0.3753577768802643 1.8600000143051147 3.116639930085924 0.059870019630904214 -1.7971874968470833 7253 4 True