0.01704941689968109 -8.651020050048828
car -32.72462179356688 -19.675428339503014 -0.9620081580745117 4.181210041046143 1.994117259979248 1.3805816173553467 -0.004592351104736328 0.0 0.0 20001 0 True
car -32.625171546793055 -93.95485928301576 -1.0203998320474246 5.357479572296143 2.033203125 1.4147460460662842 -0.004591818472968207 0.0 0.0 20003 0 True
car -55.2867370894366 -26.78151523855911 -0.6712172997139865 4.4777727127075195 2.069315195083618 2.0377910137176514 1.5662030483692169 0.0 0.0 20011 0 False
car -6.012453085973455 53.46811122845378 -1.148138646496331 3.633375883102417 1.845113754272461 1.5012825727462769 3.1380872803348963 -0.009424033447852457 -3.9657636118414636 7259 0 False
car 37.76644965667224 -40.5038566912948 -1.1138598078046131 4.552699089050293 2.097072124481201 1.7671663761138916 1.5667219650317277 0.02720938890570135 7.667298861642235 7256 0 False
car 16.428884843897787 -0.0843610322469317 -1.2429319504935843 4.673638820648193 1.8118125200271606 1.441947340965271 -0.003957454037136501 -0.03854717766192373 -11.527168595096942 7244 86 True
car -0.002592541432186124 -9.710813571928156e-06 -1.2215852359424897 4.673638820648193 1.8118125200271606 1.441947340965271 0.0 0.01704941667430199 -8.651019332431058 -100 1395 False
car -5.679197121290599 -3.996185681799375 -1.2166073091146434 4.673638820648193 1.8118125200271606 1.441947340965271 3.135497225204468 -0.02764855290189766 -4.52254365158323 7258 960 True
truck 41.81344001965586 -30.773074153463313 -0.10035701142675446 8.46804141998291 2.8910882472991943 3.8274123668670654 -1.5748037198448182 0.01561270021610863 4.57454589663325 7261 48 True
car 41.75232300264079 -43.724578428984614 -1.1829804770806938 4.611005783081055 2.241713285446167 1.6672759056091309 -1.5750873462613422 0.020284616791738336 5.243590370425962 7260 0 True
car 37.83389989855041 -23.876545859297494 -1.1910067814992624 4.855708599090576 2.0327565670013428 1.6493593454360962 1.5667330246505558 0.046341127554177707 13.07665079531062 7242 5 True
car 42.02950781303755 24.347616903284177 -1.1669378718462036 5.237514495849609 1.9297595024108887 1.638383150100708 -1.5784376000828213 3.2857611746248183e-08 -1.243598519160557e-05 7243 0 False
motorcycle 37.69496484298008 -57.12025175727638 -1.252921642273277 2.0333523750305176 0.8025798797607422 1.4992748498916626 1.5663652875537806 0.02757123496711932 6.3959421946617026 7257 0 False
pedestrian 21.094958067289646 -8.452046482306628 -0.9172401865389874 0.3753577768802643 0.3753577768802643 1.8600000143051147 -3.0535994982223507 0.16396702810357974 -1.423029556340114 7251 3 True
pedestrian 47.097419696019045 19.93034957315649 -0.9373088887525947 0.9953577518463135 0.3753577768802643 1.8600000143051147 -1.5738921205736793 0.03225462760713992 3.1147581766374213 7249 0 False
pedestrian 22.055516149764 3.394555381552209 -0.9037915036445106 0.3753577768802643 0.3753577768802643 1.8600000143051147 0.11267239159647624 0.24502206755494815 -1.1648466292353261 7245 7 True
pedestrian 40.70196033300094 -11.221181343011096 -1.0470777888449443 0.9953577518463135 0.3753577768802643 1.8600000143051147 3.0669634956003824 -0.5318048983178083 -3.655074715230072 7247 4 True
pedestrian 14.105779793327805 -8.61653655897743 -0.9082409960899469 0.3753577768802643 0.3753577768802643 1.8600000143051147 -3.070222935705397 0.28419334844711647 -1.784129713291219 7253 8 True