-0.009330369532108307 -9.479574203491211
car -41.63217835465133 -19.856309293525896 -0.9263401471503006 4.181210041046143 1.994117259979248 1.3805816173553467 0.000905074531979031 0.0 0.0 20001 0 True
car -41.12439349473192 -94.13409265021949 -0.9511569043778256 5.357479572296143 2.033203125 1.4147460460662842 0.0009056071637471516 0.0 0.0 20003 0 False
car -64.15478076351698 -27.086189515207025 -0.6241768989479057 4.4777727127075195 2.069315195083618 2.0377910137176514 1.5717004740059322 0.0 0.0 20011 0 False
car -20.617994512152514 53.42285906549381 -1.1468550296894584 3.633375883102417 1.845113754272461 1.5012825727462769 -3.1396114061393736 0.02146411552399301 -6.991919153057207 7259 0 False
car 28.961382436859815 -32.659100132395395 -1.0938744277749781 4.552699089050293 2.097072124481201 1.7671663761138916 1.5723590397025453 -0.01744506454512224 8.163436082781784 7256 0 True
car 16.0910738482665 0.017187000212004477 -1.2482531895358084 4.673638820648193 1.8118125200271606 1.441947340965271 0.0017209332427978515 0.023302483280453406 -8.643260082230942 7244 107 True
car -0.0025926524656796346 1.771151846696739e-05 -1.2215853684210813 4.673638820648193 1.8118125200271606 1.441947340965271 0.0 -0.00933036948679822 -9.47957410522118 -100 1415 False
car -20.748465373213364 -4.037671703674789 -1.186943933938755 4.673638820648193 1.8118125200271606 1.441947340965271 -3.139757613559723 0.022922405078216482 -8.493707612881037 7258 91 True
truck 32.97313134951646 -35.59547332071878 -0.08518955386775495 8.46804141998291 2.8910882472991943 3.8274123668670654 -1.56906474570126 -0.010985678816033299 5.280135835293391 7261 61 True
car 32.9840589406661 -50.07495230862986 -1.16321832660847 4.611005783081055 2.241713285446167 1.6672759056091309 -1.5696005732599894 -0.010729081418468496 8.02141834139232 7260 0 True
car 28.942751016230915 -10.030355056669066 -1.1385065602521927 4.855708599090576 2.0327565670013428 1.6493593454360962 1.5778452246113268 0.16770288621215443 10.962447116627509 7242 55 True
car 32.87883779902416 24.466516650876997 -1.178159353515133 5.237514495849609 1.9297595024108887 1.638383150100708 -1.572756416486104 0.0008331765356990649 0.8071243214825741 7243 0 False
motorcycle 28.984506402353457 -49.80603082162628 -1.2232191656290123 2.0333523750305176 0.8025798797607422 1.499274730682373 1.5718643666278762 -0.010361137779273447 8.371798300071973 7257 0 False
pedestrian 10.548076252591159 -8.54213115624691 -0.9034877489318793 0.3753577768802643 0.3753577768802643 1.8600000143051147 -3.093074835926904 0.2920525440267283 -1.665530653177039 7251 5 True
pedestrian 37.98634479512918 17.097435425393428 -0.9483803554256038 0.9953577518463135 0.3753577768802643 1.8600000143051147 -1.568570729736328 -0.022047344819352336 3.134333469343727 7249 3 True
pedestrian 14.333906478970032 3.9642396316950794 -0.9005564265783432 0.3753577768802643 0.3753577768802643 1.8600000143051147 0.3447907861425612 1.016117824940493 -1.211365758581459 7245 11 True
pedestrian 30.091934937636015 -10.397566432688109 -1.0673339507293425 0.3753577768802643 0.3753577768802643 1.8600000143051147 2.3626187022823757 -0.004784603177830942 0.7694105067854009 7247 1 True
pedestrian 3.356879553426932 -8.647687109551498 -0.8915525123708719 0.3753577768802643 0.3753577768802643 1.8600000143051147 -3.0470808843282065 0.29750900363226024 -1.90503533039007 7253 42 True