9.726701736450195 -0.5231989026069641
car -37.98371440342322 68.07519410981266 -0.9703291116023962 4.181210041046143 1.994117259979248 1.3805816173553467 -1.5082990343166456 0.0 0.0 20001 0 True
car -46.58464271081954 90.11130797178214 -0.7177127877919531 4.4777727127075195 2.069315195083618 2.0377910137176514 0.062496365157307346 0.0 0.0 20011 0 False
car 32.59096420536389 112.65518069278673 -1.6633141298476772 3.633375883102417 1.845113754272461 1.5012825727462769 1.6329123976541624 -17.973521738567367 -1.109865169542525 7259 0 False
car -41.78783928097562 -2.880202080227324 -0.8085884562912824 4.552699089050293 2.097072124481201 1.7671663761138916 0.062243897699091166 -3.7844711593982363e-10 -9.479566589336866e-10 7256 18 True
car 20.448412845483176 1.0524508429996118 -1.3374833606546583 4.673638820648193 1.8118125200271606 1.441947340965271 0.06222472295543883 14.298609841520406 0.8861274119056185 7244 49 True
car -0.0025922003544565086 -1.1234800005865964e-06 -1.2215849943663284 4.673638820648193 1.8118125200271606 1.441947340965271 0.0 9.726701066014417 -0.5231989536587728 -100 1367 False
car -24.591063570308336 106.44874778935545 -1.37368695247919 4.673638820648193 1.8118125200271606 1.441947340965271 1.633872333258258 -8.204434631451262 -0.5238763247863282 7258 0 False
truck -84.68713300657708 -9.5883582689284 0.4612841357445978 8.46804141998291 2.8910882472991943 3.8274123668670654 -3.0790502253537175 9.183481293403531 0.5753917416300596 7261 0 True
car 38.88813425546391 16.060051954578093 -1.394662423563883 4.855708599090576 2.0327565670013428 1.6493593454360962 1.6980320907825364 -15.473911220112806 -2.6422806253133273 7242 0 True
car 6.234774018433029 -3.856601776171509 -1.1473919011764901 5.237514495849609 1.9297595024108887 1.638383150100708 -3.078874723186122 1.4692775127409934e-08 1.376977364100236e-07 7243 1091 True
motorcycle -48.34328436462948 -3.293752352526056 -0.9019612577693199 2.0333523750305176 0.8025798797607422 1.499274730682373 0.063018424132689 -0.001331237596406412 -9.463126262275856e-05 7257 0 False
pedestrian -24.119597609047105 23.89940684452457 -0.8179144921867696 0.3753577768802643 0.3753577768802643 1.8600000143051147 1.6516333390400675 -1.5389214538247873 -0.156790180916616 7251 2 True
pedestrian -12.31474695962828 -9.232250806841014 -0.7924367661967588 0.9953577518463135 0.3753577768802643 1.8600000143051147 3.0971698587629 3.545848803175808 -0.5405491431508954 7249 15 True
pedestrian -12.299587566771947 8.53296189455773 -0.8321554418310484 0.3753577768802643 0.3753577768802643 1.8600000143051147 -2.762168678070969 1.330002332366346 1.1424778962020312 7245 8 True
pedestrian -23.112095384452857 -3.1534300558898565 -1.617490631727926 0.3753577768802643 0.3753577768802643 1.8600000143051147 -1.9849639867702589 0.005714080965847939 0.014300477100438962 7247 2 True
pedestrian -24.896454462219083 32.263782582228316 -0.8361984661066728 0.3753577768802643 0.3753577768802643 1.8600000143051147 1.6574454168938002 -1.8000715061328632 -0.17673261425932632 7253 1 True