1.561383843421936 -7.9815354347229
car -65.47679031371787 -10.569579762208093 -0.9541691973903745 4.181210041046143 1.994117259979248 1.3805816173553467 -0.14790039042409261 0.0 0.0 20001 2 True
car -75.9867546317058 -84.09906572136995 -0.3194513916976831 5.357479572296143 2.033203125 1.4147460460662842 -0.14789985779232448 0.0 0.0 20003 0 False
car -88.82305124915617 -14.377975535861708 -0.6743775160995895 4.4777727127075195 2.069315195083618 2.0377910137176514 1.4228950090498604 0.0 0.0 20011 0 False
car -61.00179739739157 62.793517631522036 -1.8016399130331884 3.633375883102417 1.845113754272461 1.5012825727462769 2.9948175905028447 -2.0135860504237475 -13.72401816701056 7259 0 False
car 3.1196626218191383 -29.107683688281668 -0.7788530425976585 4.552699089050293 2.097072124481201 1.7671663761138916 1.4226425415916442 1.6280242563458137e-08 -1.2266315255785446e-08 7256 43 True
car 8.457058670550069 9.555183505629998 -1.3009653731328052 4.673638820648193 1.8118125200271606 1.441947340965271 1.3056834463016191 1.9471546709255756 5.15695233974369 7244 240 True
car -0.0025937945178853283 -1.2058463823905186e-05 -1.2215853141670516 4.673638820648193 1.8118125200271606 1.441947340965271 0.0 1.561383696618452 -7.981535271526209 -100 1355 False
car -77.02993249154147 7.100098540855413 -1.3506173120261984 4.673638820648193 1.8118125200271606 1.441947340965271 2.99431025874371 -2.1811321895973252 -14.766105940406364 7258 0 True
truck 3.379517211360941 -54.60334185125362 0.468479095881686 8.46804141998291 2.8910882472991943 3.8274123668670654 -1.7184137613766988 1.1628806433464618 7.8359945095346575 7261 40 False
car -0.48294807562108133 -80.52950210767432 -0.37612419120919904 4.611005783081055 2.241713285446167 1.6672759056091309 -1.7184664919217425 2.0252997992128017 13.635647375272187 7260 0 False
car 11.605972232861276 28.05464227065596 -1.37513330321319 4.855708599090576 2.0327565670013428 1.6493593454360962 1.423466831384816 2.5079578619640777 16.966317136631524 7242 50 True
car 14.103344597197939 17.650764902031653 -1.271747651814311 5.237514495849609 1.9297595024108887 1.638383150100708 -1.718476079293569 -5.0497516758566405e-06 -3.406074725044674e-05 7243 39 True
motorcycle 1.5064773253605352 -39.97466052556666 -0.8133750285975663 2.0333523750305176 0.8025798797607422 1.499274730682373 1.4235189427584332 0.24863984630968755 1.6834739054902474 7257 8 True
pedestrian -16.177345260002983 -6.647404959333812 -0.8389797795232417 0.3753577768802643 0.3753577768802643 1.8600000143051147 3.0094198235838148 -0.17690152169834025 -1.5143455479521177 7251 8 True
pedestrian 17.296476765770272 5.691701655767588 -0.9220999853771299 0.9953577518463135 0.3753577768802643 1.8600000143051147 -1.7503045558611552 0.7351141169838548 3.499847958930034 7249 11 True
pedestrian -3.445946799289551 4.225459947692457 -0.9177937335941575 0.3753577768802643 0.3753577768802643 1.8600000143051147 -0.22379309369447495 -0.19962951011657118 -0.7573663324655961 7245 28 True
pedestrian 7.4004837087867585 -10.98563597299102 -1.6468453424814236 0.3753577768802643 0.3753577768802643 1.8600000143051147 -0.6245534918208652 -0.04293905328234571 0.029752661733769257 7247 23 True
pedestrian -23.97504154858031 -5.727190817184237 -0.8538687306947814 0.3753577768802643 0.3753577768802643 1.8600000143051147 3.0508636351453995 -0.05925096701853112 -1.7980468422645468 7253 7 True