10.567444801330566 -0.019480636343359947
car -50.03357277718783 70.43709969995633 -1.0452802313138347 4.181210041046143 1.994117259979248 1.3805816173553467 -1.5688507608884175 0.0 0.0 20001 0 False
car -57.28705814805767 92.95269058896471 -0.7899241816329781 4.4777727127075195 2.069315195083618 2.0377910137176514 0.0019446385855355181 0.0 0.0 20011 0 False
car -58.12432504054283 -0.15825010400609907 -1.0900717047632944 4.552699089050293 2.097072124481201 1.7671663761138916 0.0016921711273193358 7.316048134383191e-11 1.1931980681149653e-09 7256 7 True
car 22.637793826123527 7.387796228238537 -1.2047158743995834 4.673638820648193 1.8118125200271606 1.441947340965271 1.506655349324968 -10.60364143360608 3.453996709266712 7244 58 True
car -0.002583021879672742 -1.1609430972114865e-07 -1.221585164628505 4.673638820648193 1.8118125200271606 1.441947340965271 0.0 10.567444225711501 -0.01948063688641676 -100 1377 False
truck -115.73882489627144 -4.290205272018101 -0.11752829587982694 8.46804141998291 2.8910882472991943 3.8274123668670654 -3.1395092739978367 9.947744475235252 0.022053926807493903 7261 0 True
car 23.306222526482998 37.13549798190657 -1.1157413436617039 4.855708599090576 2.0327565670013428 1.6493593454360962 1.5738890579410127 -10.993471802342203 -0.04853002273610892 7242 0 False
car -10.247558778959672 -4.038098751645179 -1.1299884151464166 5.237514495849609 1.9297595024108887 1.638383150100708 -3.139426449757894 -2.4316937000396764e-08 9.571547435499939e-08 7243 397 True
motorcycle -64.69097890293313 -0.1741499616050466 -1.2253582096099804 2.0333523750305176 0.8025798797607422 1.4992754459381104 0.0024648552934814034 -1.3686838164652475e-08 3.775450180739889e-09 7257 0 False
pedestrian -38.92878361935152 27.910314656218986 -0.9200288804979606 0.3753577768802643 0.3753577768802643 1.8600000143051147 1.5934558185746932 -1.6891942064663306 -0.0757949996840287 7251 0 False
pedestrian -34.05073280700526 -7.858339222172139 -0.9091023472447959 0.9953577518463135 0.3753577768802643 1.8600000143051147 3.071011497038099 2.0187271785983385 -0.2931514161527261 7249 4 True
pedestrian -30.500078394990794 8.631456805270998 -1.0135839217831 0.3753577768802643 0.3753577768802643 1.8600000143051147 -2.825322044514126 1.4166321268455617 1.0340020697746408 7245 1 True
pedestrian -39.44176238490115 -1.456608924725231 -1.7824383241576014 0.3753577768802643 0.3753577768802643 1.8600000143051147 -2.0455177107111613 -0.014670971556802479 -0.028826791290976775 7247 2 True
pedestrian -39.185860209165014 36.62417458588388 -0.9217012482665181 0.3753577768802643 0.3753577768802643 1.8600000143051147 1.5847696597001817 -1.8192658393409138 -0.09105694683536016 7253 0 False