11.119580268859863 -0.12009964883327484
car -41.02521523142718 70.04649146066214 -1.0835499888277171 4.181210041046143 1.994117259979248 1.3805816173553467 -1.5599957598240044 0.0 0.0 20001 0 False
car -48.477538273838036 92.49727228443939 -0.8482131705688145 4.4777727127075195 2.069315195083618 2.0377910137176514 0.010799639649948642 0.0 0.0 20011 0 False
car -48.49058698531098 -0.6177238307938566 -1.0357395315228657 4.552699089050293 2.097072124481201 1.7671663761138916 0.010547172191732459 8.808495170987519e-11 -4.1692991039679367e-10 7256 9 True
car 22.87867813782509 0.5154170131754059 -1.2258076180867084 4.673638820648193 1.8118125200271606 1.441947340965271 0.166346658184482 14.082919884202532 4.564135045922116 7244 57 True
car -0.002556788729748405 4.884733133536656e-07 -1.2215852880501092 4.673638820648193 1.8118125200271606 1.441947340965271 0.0 11.119580408526218 -0.1200996407573596 -100 1372 False
car -25.71667398925672 112.13584642911353 -1.3702795316031864 4.673638820648193 1.8118125200271606 1.441947340965271 1.5823563030782342 -7.446178362111389 -0.09145479265367029 7258 0 False
truck -97.30248679208626 -5.162788289960943 -0.004411715973132946 8.46804141998291 2.8910882472991943 3.8274123668670654 -3.130740825595743 9.511357673808602 0.10550966478876732 7261 0 True
car 32.75623671714931 24.402362844754496 -1.1687429416664017 4.855708599090576 2.0327565670013428 1.6493593454360962 1.5771709996576375 -17.572413828634676 -0.08014387820780768 7242 0 False
car -0.5814011827326908 -4.073585413314706 -1.1173230689885956 5.237514495849609 1.9297595024108887 1.638383150100708 -3.130571448693481 -1.3000446796259625e-09 -4.540974665989068e-09 7243 3873 True
motorcycle -55.05696929521275 -0.6919249989499656 -1.1646567137475192 2.0333523750305176 0.8025798797607422 1.499274730682373 0.011319856715496422 -1.851785446450478e-05 -1.658122614477047e-07 7257 0 False
pedestrian -29.495505309331065 26.15360475373788 -0.9159735942423908 0.3753577768802643 0.3753577768802643 1.8600000143051147 1.6102702024660176 -1.570852720767371 -0.08784283447621857 7251 0 False
pedestrian -21.51884122109857 -8.289703820744712 -0.8691373122936523 0.9953577518463135 0.3753577768802643 1.8600000143051147 3.0705182779402267 3.5302200964044417 -0.6350796171485311 7249 10 True
pedestrian -19.449543525264914 8.920437490013612 -0.9975316755968752 0.3753577768802643 0.3753577768802643 1.8600000143051147 -2.816457722393771 1.407364455541919 1.0466558852667682 7245 9 True
pedestrian -29.830047490038396 -1.8154699337816345 -1.744525645912013 0.3753577768802643 0.3753577768802643 1.8600000143051147 -2.0366617775411537 -0.00026321953346473823 -0.0007796479243538709 7247 0 True
pedestrian -29.828221993025522 34.69395605033776 -0.927626852996545 0.3753577768802643 0.3753577768802643 1.8600000143051147 1.5888596038090455 -1.8129361155548571 -0.06791503437339252 7253 0 False