0.0034150395076721907 -8.586686134338379
car -52.2341187186712 -19.779631912684977 -1.0440127676255857 4.181210041046143 1.994117259979248 1.3805816173553467 -0.0008797745229932997 0.0 0.0 20001 0 True
car -51.85883973662855 -94.0582034759546 -1.0742886264308193 5.357479572296143 2.033203125 1.4147460460662842 -0.000879241891225179 0.0 0.0 20003 0 False
car -74.77028866117315 -26.96932473149576 -0.8001477307037013 4.4777727127075195 2.069315195083618 2.0377910137176514 1.5699156249509598 0.0 0.0 20011 0 False
car -41.45740478341725 53.45799653165915 -1.2132145176986702 3.633375883102417 1.845113754272461 1.5012825727462769 -3.1411116966722274 0.018928682224739393 -10.20951393127918 7259 0 False
car 18.338105841948327 -28.071035475374913 -1.032843085661019 4.552699089050293 2.097072124481201 1.7671663761138916 1.5696631574927435 -7.272395907614203e-06 -0.00106776508144997 7256 24 True
car 14.800395859551521 2.1346680846938284 -1.2064001126511772 4.673638820648193 1.8118125200271606 1.441947340965271 0.6551997921791076 7.349748261268883 -1.2663801581428897 7244 172 True
car -0.002592524789719164 -2.0887109258183045e-05 -1.2215852319239504 4.673638820648193 1.8118125200271606 1.441947340965271 0.0 0.003415039553632272 -8.586686640928006 -100 1387 False
car -44.76595393925088 -3.996915927322675 -1.2618892171552738 4.673638820648193 1.8118125200271606 1.441947340965271 -3.1415669636760284 0.011993549662081666 -13.669309555640854 7258 9 True
truck 22.337259974009637 -42.9265181442704 -0.014103200659169701 8.46804141998291 2.8910882472991943 3.8274123668670654 -1.5713976728456287 0.002020886781047821 6.735454863644557 7261 64 True
car 22.319738243966516 -61.70530589711126 -1.0933750488308567 4.611005783081055 2.241713285446167 1.6672759056091309 -1.5715209770999483 0.007016892965581678 11.1164072889388 7260 8 True
car 18.357293622530346 5.735272310166579 -1.1141731019349785 4.855708599090576 2.0327565670013428 1.6493593454360962 1.5713887828625162 -0.03559757227929802 16.149539643428206 7242 133 True
car 22.353578966305296 20.48448803999736 -1.1015365889680113 5.237514495849609 1.9297595024108887 1.638383150100708 -1.5714959434068467 -6.297361805597236e-05 3.386854495399552 7243 39 True
motorcycle 18.333253702484587 -42.714735378620446 -1.1666706041160149 2.0333523750305176 0.8025798797607422 1.499274730682373 1.5704118667274876 -0.0003513427224511643 0.7609659649983183 7257 0 False
pedestrian -1.8646776032112236 -8.593995026960329 -0.8882426800213161 0.3753577768802643 0.3753577768802643 1.8600000143051147 -3.0656750593532984 0.17815858138022675 -1.6212355979864659 7251 11 True
pedestrian 27.402893630807633 13.256314631402574 -0.8592318858722947 0.9953577518463135 0.3753577768802643 1.8600000143051147 -1.5800039369549221 0.05719941739184916 3.1371064689697437 7249 5 True
pedestrian 5.34720732714265 3.865319824907658 -0.8714236208259598 0.3753577768802643 0.3753577768802643 1.8600000143051147 -0.17462492307366265 -0.5904497994847586 -1.620076811885515 7245 62 True
pedestrian 19.992751302989507 -9.552381713571322 -1.7222681915884492 0.3753577768802643 0.3753577768802643 1.8600000143051147 2.6137539151615568 -0.15653191017067486 -0.2034241709141424 7247 2 True
pedestrian -9.389836259098633 -8.788382213453986 -0.8950280130200376 0.3753577768802643 0.3753577768802643 1.8600000143051147 -3.124660698724111 0.06646405888380522 -1.7565484453887654 7253 20 True