-0.003173303324729204 -7.744862079620361
car -56.04189355868843 -19.827224194308087 -0.9838845407510568 4.181210041046143 1.994117259979248 1.3805816173553467 4.793685913085937e-05 0.0 0.0 20001 4 True
car -55.59773590677594 -94.10541507369035 -1.0106790729192376 5.357479572296143 2.033203125 1.4147460460662842 4.846949089898003e-05 0.0 0.0 20003 0 False
car -78.57109725753433 -27.037807527982295 -0.7144697356325844 4.4777727127075195 2.069315195083618 2.0377910137176514 1.5708433363330838 0.0 0.0 20011 0 False
car -50.855055116434144 53.41220687331594 -1.1677907319530463 3.633375883102417 1.845113754272461 1.5012825727462769 -3.1403786622013516 0.028534005017228723 -11.759287871214244 7259 0 False
car 14.537967048362114 -28.051902055158962 -1.0500224560120417 4.552699089050293 2.097072124481201 1.7671663761138916 1.5705908688748675 -1.953814115023858e-07 -9.118198358909794e-06 7256 12 True
car 13.12165969044853 5.748047523594153 -1.2226054479343653 4.673638820648193 1.8118125200271606 1.441947340965271 1.1881657534447776 5.96033053648782 6.653170587703749 7244 214 True
car -0.0025950011532138717 -2.0885080857624416e-05 -1.2215851929546608 4.673638820648193 1.8118125200271606 1.441947340965271 0.0 -0.003173303482462114 -7.744862101179291 -100 1343 False
car -55.87831041800084 -4.042727563556753 -1.209368831688068 4.673638820648193 1.8118125200271606 1.441947340965271 -3.1410943861397636 0.013609877127967927 -15.442979432499166 7258 5 True
truck 18.553534744022674 -46.411761421646986 -0.036186397869771625 8.46804141998291 2.8910882472991943 3.8274123668670654 -1.5708329500134783 -0.002460828929188136 7.238752649448549 7261 57 True
car 18.551686026039672 -67.55746642900613 -1.1143363140501679 4.611005783081055 2.241713285446167 1.6672759056091309 -1.5705823467665778 -0.006059850696477442 12.291129429563593 7260 8 False
car 14.515759343598654 14.363228837187023 -1.1332455954194112 4.855708599090576 2.0327565670013428 1.6493593454360962 1.5716371636461484 -0.029413007033758435 17.65903981104977 7242 144 True
car 18.508575059885434 19.815151460783852 -1.1269153564997785 5.237514495849609 1.9297595024108887 1.638383150100708 -1.5705277520103453 9.464383699863397e-06 -0.005665818687389889 7243 19 True
motorcycle 14.545713040306357 -41.57405548423458 -1.1787311543720227 2.0333523750305176 0.8025798797607422 1.499274730682373 1.5715085088872554 -0.0069153296192722225 4.103056428388218 7257 0 True
pedestrian -6.489685530259511 -8.659929903135833 -0.884789412437013 0.3753577768802643 0.3753577768802643 1.8600000143051147 -3.1079555022646583 0.1796039935855308 -1.5045767982829517 7251 13 True
pedestrian 23.54604423822343 11.633975026993426 -0.8898125163364463 0.9953577518463135 0.3753577768802643 1.8600000143051147 -1.58789554238934 0.0941418021728045 3.330908374474985 7249 3 True
pedestrian 2.0552276123610227 3.9312300266739726 -0.876969763869605 0.3753577768802643 0.3753577768802643 1.8600000143051147 0.09221520380443997 0.12690654986359554 -0.786896523224349 7245 98 True
pedestrian 16.14998486128194 -9.516195764597285 -1.7567212377958206 0.3753577768802643 0.3753577768802643 1.8600000143051147 2.6649741828269957 -0.052258036983751525 0.026221853168370543 7247 11 True
pedestrian -14.092975313827903 -8.826817567428066 -0.8831415979786894 0.3753577768802643 0.3753577768802643 1.8600000143051147 -3.088477291662428 0.15745137507424517 -1.7843918951482336 7253 12 True