0.702252209186554 -4.334417343139648
car -26.14317951794216 -13.615791600617001 -0.8994674974621546 4.181210041046143 1.994117259979248 1.3805816173553467 -0.23835391465547348 0.0 0.0 20001 0 True
car -43.25229370276702 -85.89794439605552 -1.0291266937977852 5.357479572296143 2.033203125 1.4147460460662842 -0.23835338202370537 0.0 0.0 20003 0 False
car -49.73637298831472 -15.303150879611394 -0.5198145575265869 4.4777727127075195 2.069315195083618 2.0377910137176514 1.3324414848184796 0.0 0.0 20011 0 False
car 20.483368627632032 50.45801184538078 -1.150739719565113 3.633375883102417 1.845113754272461 1.5012825727462769 2.9044052120755515 -0.34686985159582984 -1.4422881706561241 7259 0 False
car 35.37411273495849 -59.40560679781953 -1.3812933263727811 4.552699089050293 2.097072124481201 1.7671663761138916 1.3325589479626814 0.83295188888926 3.435337122765081 7256 0 False
car 14.579552644985043 -3.1255399851875154 -1.3036597336365645 4.673638820648193 1.8118125200271606 1.441947340965271 -0.23823513777118258 -1.0385132232649323 -4.284349705892618 7244 118 True
car -0.0025923573279236223 1.1107072737104318e-05 -1.2215855304527352 4.673638820648193 1.8118125200271606 1.441947340965271 0.0 0.7022521825421463 -4.334417812953417 -100 1380 False
car 11.47688923836074 -6.488144231968192 -1.2969422878158845 4.673638820648193 1.8118125200271606 1.441947340965271 2.903674707605574 -0.7104918820776147 -2.935483317320281 7258 209 True
truck 44.97767761314289 -36.817900178663194 -0.35793360861741874 8.46804141998291 2.8910882472991943 3.8274123668670654 -1.8083751338543363 0.7181005548626301 2.97668440056905 7261 58 True
car 41.80705630268203 -49.84572030499669 -1.4527768665450365 4.611005783081055 2.241713285446167 1.6672759056091309 -1.8087439813537598 0.3101995183465573 1.2802908008811735 7260 0 False
car 38.54523295140331 -46.32536201969424 -1.4491275389803453 4.855708599090576 2.0327565670013428 1.6493593454360962 1.3328161594081473 1.2489217616353772 5.158684979027949 7242 0 False
car 56.8087210640808 12.04057004662809 -1.3790335500661424 5.237514495849609 1.9297595024108887 1.638383150100708 -1.8108052662963867 0.540218267567823 2.2113592758053446 7243 0 False
motorcycle 32.089134416113275 -72.92864810577049 -1.531875042961981 2.0333523750305176 0.8025798797607422 1.499276041984558 1.3325509762199625 6.717449338291415e-08 3.34804717415497e-08 7257 0 False
pedestrian 30.727421876470643 -15.581207524017543 -1.082939475634637 0.3753577768802643 0.3753577768802643 1.8600000143051147 2.910509438454098 -0.3044664104099416 -1.334989843659425 7251 1 True
pedestrian 61.72866330323451 10.841969069977665 -1.169008676568795 0.9953577518463135 0.3753577768802643 1.8600000143051147 -1.7890493890957302 0.6386911675463787 3.220125095998492 7249 0 False
pedestrian 30.249758936795054 -3.684644666890051 -1.0396501291946159 0.3753577768802643 0.3753577768802643 1.8600000143051147 0.04218563445663452 0.04912471123820176 -0.2190445408013237 7245 3 True
pedestrian 51.78586556289835 -22.8421899177917 -1.2079180753808334 0.3753577768802643 0.3753577768802643 1.8600000143051147 -2.001907419432746 0.5371829530985024 0.700560168618424 7247 0 True
pedestrian 24.358599732310047 -14.15199091838457 -1.0469189059910402 0.3753577768802643 0.3753577768802643 1.8600000143051147 2.9266364631292556 -0.31676272325070304 -1.6303525317679 7253 3 True