0.0035406658425927162 -7.48242712020874
car -58.99847722103108 -19.793442004350084 -0.9863623307204324 4.181210041046143 1.994117259979248 1.3805816173553467 -0.0005201149215698242 0.0 0.0 20001 4 True
car -58.5965102426421 -94.07187553450643 -1.009248064267972 5.357479572296143 2.033203125 1.4147460460662842 -0.0005195822898017036 0.0 0.0 20003 0 False
car -81.53179207447874 -26.99121293622494 -0.7181588342043508 4.4777727127075195 2.069315195083618 2.0377910137176514 1.570275284552383 0.0 0.0 20011 0 False
car -58.681312276046455 53.43927760019153 -1.17284193472616 3.633375883102417 1.845113754272461 1.5012825727462769 -3.1410854645576474 0.020155045807357188 -12.750562720354534 7259 0 False
car 11.576704655579935 -28.058183030521832 -1.0470874651782047 4.552699089050293 2.097072124481201 1.7671663761138916 1.570022817094167 -1.451502522434757e-08 -2.9950459854963095e-07 7256 31 True
car 10.902213278761767 8.716365537229478 -1.2230521984238063 4.673638820648193 1.8118125200271606 1.441947340965271 1.3913315167867872 1.9474848254713355 5.4110527312071754 7244 194 True
car -0.0025937457893210336 -7.17291749197102e-06 -1.2215854095883956 4.673638820648193 1.8118125200271606 1.441947340965271 0.0 0.003540665836211241 -7.4824273507358114 -100 1375 False
car -65.19387105579888 -4.0088998809387135 -1.2118392985429298 4.673638820648193 1.8118125200271606 1.441947340965271 3.1415665642022024 0.007286842114210787 -16.052259902701852 7258 3 True
truck 15.581011849408585 -49.37873328241801 -0.03179447199028851 8.46804141998291 2.8910882472991943 3.8274123668670654 -1.570984217435625 -0.0022128097875780376 7.544495179612534 7261 40 True
car 15.566425816972592 -72.66423031436517 -1.1087673131385547 4.611005783081055 2.241713285446167 1.6672759056091309 -1.5710774279950461 0.0007143270775397396 13.131454933497697 7260 0 True
car 11.577161873178522 21.08790865976431 -1.1310570073908992 4.855708599090576 2.0327565670013428 1.6493593454360962 1.5709242866089324 -0.013126467070175259 16.63559840898973 7242 84 True
car 15.574507691923444 19.80874016473018 -1.1260494874282956 5.237514495849609 1.9297595024108887 1.638383150100708 -1.57109607010693 2.2541140491123001e-07 -0.0005621074691648967 7243 81 True
motorcycle 11.576697307440105 -40.37572506902217 -1.1772637803427883 2.0333523750305176 0.8025798797607422 1.4992749691009521 1.5708993859437357 -0.0016532898193737141 2.2422946249254823 7257 7 True
pedestrian -10.0474135431486 -8.663834088625322 -0.8842687633809625 0.3753577768802643 0.3753577768802643 1.8600000143051147 -3.125548595881568 0.053270756539432855 -1.518481500052917 7251 9 True
pedestrian 20.53789396615146 10.232204010829832 -0.8882625499318213 0.9953577518463135 0.3753577768802643 1.8600000143051147 -1.608321438064999 0.37558170064894775 3.567326733296298 7249 7 True
pedestrian -0.2459466619471229 3.9709572702105334 -0.8766888934272394 0.3753577768802643 0.3753577768802643 1.8600000143051147 0.03386872255537245 0.17575294727238303 -1.6111835520562074 7245 167 True
pedestrian 13.176939440198549 -9.511945904810602 -1.7546408144556147 0.3753577768802643 0.3753577768802643 1.8600000143051147 2.6644123228905996 -0.05182247034862105 0.026186330944306516 7247 9 True
pedestrian -17.75981306079674 -8.858847550529902 -0.8831309169497916 0.3753577768802643 0.3753577768802643 1.8600000143051147 -3.0834429893480935 0.20863388403360794 -1.7825873198431876 7253 9 True