11.713753700256348 -0.21484193205833435
car -39.29118834454357 69.71525815009356 -0.9859254808341333 4.181210041046143 1.994117259979248 1.3805816173553467 -1.551672855815351 0.0 0.0 20001 0 False
car -46.929060717332504 92.10345471456237 -0.7375900319690984 4.4777727127075195 2.069315195083618 2.0377910137176514 0.01912254365860207 0.0 0.0 20011 0 False
car -46.16831222991175 -1.008542809795177 -0.8634399305142324 4.552699089050293 2.097072124481201 1.7671663761138916 0.018870076200385888 -5.145606806439962e-10 4.496487855919701e-10 7256 12 True
car 22.181748784462627 0.38863115670606874 -1.3092836949049929 4.673638820648193 1.8118125200271606 1.441947340965271 0.05414308241240845 15.38078919444792 1.4054647908563398 7244 60 True
car -0.002599518891088337 -1.360054007193412e-07 -1.2215852154933051 4.673638820648193 1.8118125200271606 1.441947340965271 0.0 11.713754010655633 -0.21484194023499995 -100 1361 False
car -24.305911525798194 110.48349778035491 -1.3549980917259496 4.673638820648193 1.8118125200271606 1.441947340965271 1.5905082322893207 -7.0849036935344225 -0.14488974736989654 7258 0 False
truck -93.04379656943843 -5.922282137644945 0.34585495050475235 8.46804141998291 2.8910882472991943 3.8274123668670654 -3.122445618439032 9.408435378961675 0.1803167406902264 7261 0 True
car 34.932257351554256 21.122235489933246 -1.3092988983971026 4.855708599090576 2.0327565670013428 1.6493593454360962 1.5841948147838447 -17.686033700181497 -0.30829103705689165 7242 0 False
car 1.7673229354106752 -4.065970865926137 -1.1218340616386415 5.237514495849609 1.9297595024108887 1.638383150100708 -3.122248544684827 -7.498375659402145e-09 -1.5514727305988533e-09 7243 3364 True
motorcycle -52.73434680265274 -1.1374318409962036 -0.9677736865283362 2.0333523750305176 0.8025798797607422 1.4992748498916626 0.019642779059374293 -8.18862052221109e-05 -2.4296883794301522e-06 7257 0 False
pedestrian -27.383883596308067 25.605427451628863 -0.8318005244548061 0.3753577768802643 0.3753577768802643 1.8600000143051147 1.6190936471787623 -1.5677941184278932 -0.10392684073631114 7251 2 True
pedestrian -18.427568283145774 -8.506639755618213 -0.7952538057262988 0.9953577518463135 0.3753577768802643 1.8600000143051147 3.0537861835764843 3.519073223908277 -0.6940823964132357 7249 8 True
pedestrian -16.876247900511203 8.885584389341396 -0.9416466404271375 0.3753577768802643 0.3753577768802643 1.8600000143051147 -2.808079424681233 1.3975570571435263 1.0588347101617666 7245 6 True
pedestrian -27.507842472819732 -2.064984767951942 -1.6411253599315943 0.3753577768802643 0.3753577768802643 1.8600000143051147 -2.0283388735325003 0.0017308286059397912 0.004566804035601521 7247 0 True
pedestrian -27.787354289713505 34.0945210023563 -0.8477637848473236 0.3753577768802643 0.3753577768802643 1.8600000143051147 1.5963284327775173 -1.8108643119862788 -0.07514879987407651 7253 0 False