2.7361674308776855 -6.9656291007995605
car -67.85943025156163 -0.16448103357743094 -1.1339186942778312 4.181210041046143 1.994117259979248 1.3805816173553467 -0.30504021097183226 0.0 0.0 20001 0 True
car -89.74717469678669 -71.14087685061466 -0.2823041584002901 5.357479572296143 2.033203125 1.4147460460662842 -0.3050396783400641 0.0 0.0 20003 0 False
car -91.51469228888662 -0.2719837097540676 -0.9168614432124613 4.4777727127075195 2.069315195083618 2.0377910137176514 1.2657551885021208 0.0 0.0 20011 0 False
car -54.64070776098832 72.43237612112034 -2.23356711566667 3.633375883102417 1.845113754272461 1.5012825727462769 2.8376609920544094 -4.211984655966058 -13.480580112283853 7259 0 False
car -3.0094417003220713 -29.206382741608877 -0.672808042468688 4.552699089050293 2.097072124481201 1.7671663761138916 1.2655027210439045 -1.9476658117948693e-08 -2.3709905894858993e-08 7256 38 True
car 8.742850459398653 9.18690892671026 -1.322340053373308 4.673638820648193 1.8118125200271606 1.441947340965271 1.171771705483993 2.8650732216609525 5.534152924396034 7244 208 True
car -0.002587730440339442 2.7604942317793757e-05 -1.2215850719538945 4.673638820648193 1.8118125200271606 1.441947340965271 0.0 2.7361675141070063 -6.965628822107534 -100 1359 False
car -79.26877122753757 19.96222110818161 -1.6452241437989699 4.673638820648193 1.8118125200271606 1.441947340965271 2.8370567213134765 -4.219141833212595 -13.448939183756437 7258 0 True
truck -7.2251581569280035 -55.94824458032099 0.6812328848541149 8.46804141998291 2.8910882472991943 3.8274123668670654 -1.875590866148207 2.4173895633201457 7.690490429732556 7261 21 False
car -15.439915288734184 -82.05097516555875 -0.07329068817164597 4.611005783081055 2.241713285446167 1.6672759056091309 -1.8756068451012504 4.100972891909482 13.044224217102027 7260 0 True
car 15.323919783820159 29.12091627473609 -1.4748428041334822 4.855708599090576 2.0327565670013428 1.6493593454360962 1.2663116824594078 4.963313204674537 15.821861708539931 7242 39 True
car 15.15679365395647 15.255364314133487 -1.2896799725788588 5.237514495849609 1.9297595024108887 1.638383150100708 -1.8756158998413086 -3.428262012083174e-06 -1.1051742565124263e-05 7243 27 True
motorcycle -6.150753458092709 -39.20232481007912 -0.6791875368670319 2.0333523750305176 0.8025798797607422 1.499274730682373 1.2663795357285215 0.8371523942716983 2.6699297585071546 7257 6 True
pedestrian -18.846790571732313 -3.9166587355961155 -0.8739392357228368 0.3753577768802643 0.3753577768802643 1.8600000143051147 2.852154967728509 -0.4125133980234864 -1.4699581871774396 7251 6 True
pedestrian 16.182421755676046 2.2790814105898676 -0.880725128518927 0.9953577518463135 0.3753577768802643 1.8600000143051147 -1.9511281708713106 1.4288529835460653 3.255917015718628 7249 13 True
pedestrian -4.27794887623142 4.742708190259862 -0.9468292225572768 0.3753577768802643 0.3753577768802643 1.8600000143051147 -0.3809329142422146 0.0 0.0 7245 85 True
pedestrian 4.047428304816407 -11.971613723225005 -1.5889144345895039 0.3753577768802643 0.3753577768802643 1.8600000143051147 -0.7817071607945759 -0.036664671423481905 0.03444994412916686 7247 19 True
pedestrian -26.460785547103583 -1.7863015778561362 -0.9173997077379781 0.3753577768802643 0.3753577768802643 1.8600000143051147 2.8929903806529573 -0.342412587029398 -1.767862506848017 7253 5 True