10.435944557189941 -0.43316781520843506
car -37.9818604125187 68.6303623323348 -0.9822936819177137 4.181210041046143 1.994117259979248 1.3805816173553467 -1.5231546836060417 0.0 0.0 20001 0 True
car -46.25455915573116 90.79184169491201 -0.7345326583084955 4.4777727127075195 2.069315195083618 2.0377910137176514 0.04764071586791128 0.0 0.0 20011 0 False
car 33.16197459511608 113.96501921997981 -1.671121086516635 3.633375883102417 1.845113754272461 1.5012825727462769 1.6180531531003315 -18.155541761489772 -0.8508541271930123 7259 0 False
car -42.83959880590078 -2.260673734452297 -0.8115450180424677 4.552699089050293 2.097072124481201 1.7671663761138916 0.04738824840969509 -6.904549607670515e-10 -3.809156771841473e-10 7256 14 True
car 20.904051838081045 0.8160625081471693 -1.3358103717387313 4.673638820648193 1.8118125200271606 1.441947340965271 0.047561353750588946 14.769130305597628 0.7006075834117781 7244 43 True
car -0.002610673812228015 9.840209287403923e-07 -1.221585252034459 4.673638820648193 1.8118125200271606 1.441947340965271 0.0 10.435944170624625 -0.4331678239163009 -100 1378 False
car -24.059249289724846 107.60388357464302 -1.3901691889325747 4.673638820648193 1.8118125200271606 1.441947340965271 1.6190367908181083 -7.864748976850765 -0.3842342892984982 7258 0 False
truck -86.75622401778037 -8.374668366334108 0.45528251780528306 8.46804141998291 2.8910882472991943 3.8274123668670654 -3.093910934644911 9.243765565786017 0.44132726183728593 7261 0 True
car 37.95417543357706 17.07440243407948 -1.3810583708178754 4.855708599090576 2.0327565670013428 1.6493593454360962 1.658065916258918 -16.149601677168977 -2.01547927683917 7242 0 True
car 5.163282500286982 -3.9503589537002046 -1.140111873176409 5.237514495849609 1.9297595024108887 1.638383150100708 -3.093730372475518 -8.331002435623393e-09 -5.304862067458792e-09 7243 1464 True
motorcycle -49.399894507661315 -2.576790268004803 -0.9060807667872135 2.0333523750305176 0.8025798797607422 1.499274730682373 0.04816134505338853 -0.0006189187492204382 -3.6551099360957744e-05 7257 0 False
pedestrian -24.78663443268755 24.408038795349988 -0.8212228728684208 0.3753577768802643 0.3753577768802643 1.8600000143051147 1.6401738830621508 -1.5419503258586387 -0.1368882560897579 7251 1 True
pedestrian -13.822189917359594 -9.02856690146404 -0.7864599885996035 0.9953577518463135 0.3753577768802643 1.8600000143051147 3.0823072852605184 3.5374176548992855 -0.5933584138872726 7249 16 True
pedestrian -13.349101950737065 8.651083340443368 -0.8363350472598694 0.3753577768802643 0.3753577768802643 1.8600000143051147 -2.7785868026521467 1.3590938853958692 1.1082114476280982 7245 14 True
pedestrian -24.16687570599936 -2.8049352607505647 -1.6165403476637419 0.3753577768802643 0.3753577768802643 1.8600000143051147 -1.9998201686914232 0.004036570515007627 0.012377561336480825 7247 3 True
pedestrian -25.435951102880438 32.809406566093216 -0.8409163301420097 0.3753577768802643 0.3753577768802643 1.8600000143051147 1.6257765800539654 -1.8045913403420406 -0.13528556114978674 7253 1 True