0.042240746319293976 -7.855099201202393
car -30.392566267586446 -19.539873536003768 -1.0760079363702815 4.181210041046143 1.994117259979248 1.3805816173553467 -0.009186832736545138 0.0 0.0 20001 1 False
car -30.6343087007385 -93.81890332365558 -1.1980988902856886 5.357479572296143 2.033203125 1.4147460460662842 -0.009186300104777018 0.0 0.0 20003 0 True
car -52.987895830404455 -26.542378762982423 -0.8614278064010037 4.4777727127075195 2.069315195083618 2.0377910137176514 1.5616085667374078 0.0 0.0 20011 0 False
car -2.2390896463633965 53.47126186506523 -1.1140826319964496 3.633375883102417 1.845113754272461 1.5012825727462769 3.133611841903263 -0.02310428446506266 -3.3898590272687192 7259 0 False
car 39.980118338697615 -43.23615973457504 -1.0283982650487302 4.552699089050293 2.097072124481201 1.7671663761138916 1.5621159692690818 0.07398896069611709 9.05500304626778 7256 0 False
car 15.372314132069178 -0.14520217527905288 -1.1935157199969524 4.673638820648193 1.8118125200271606 1.441947340965271 -0.008487487225002711 -0.0851131074907942 -10.859666922644312 7244 130 True
car -0.002591969614641698 4.445882291292946e-05 -1.2215851541001186 4.673638820648193 1.8118125200271606 1.441947340965271 0.0 0.042240742218178376 -7.855099191080376 -100 1359 False
car -1.5335076212122303 -4.000247929471755 -1.2293974747640597 4.673638820648193 1.8118125200271606 1.441947340965271 3.1301761006830002 -0.07387885481207263 -6.766660591760519 7258 2750 True
truck 44.10145026832333 -29.717599686846143 0.009986062326492906 8.46804141998291 2.8910882472991943 3.8274123668670654 -1.579363314095815 0.03025857269168898 3.809664190229433 7261 71 True
car 43.986049532208575 -42.469560338602435 -1.0847824684540102 4.611005783081055 2.241713285446167 1.6672759056091309 -1.579628032084571 0.03730482209114177 4.3945672883796885 7260 0 False
car 40.114333398639246 -27.748480254182255 -1.094389539955288 4.855708599090576 2.0327565670013428 1.6493593454360962 1.5621122356127135 0.09318043319691632 11.408982614616306 7242 1 True
car 44.563367805485285 24.139112961137187 -1.0107908649457253 5.237514495849609 1.9297595024108887 1.638383150100708 -1.5830320817146302 0.0 0.0 7243 0 False
motorcycle 39.833218688406234 -59.70111036874448 -1.179925833680103 2.0333523750305176 0.8025798797607422 1.4992743730545044 1.561675370757734 0.07883952099549395 8.681652449449537 7257 0 False
pedestrian 23.914411081815118 -8.539219244484684 -0.8535616945112832 0.3753577768802643 0.3753577768802643 1.8600000143051147 -3.1270776485299003 0.046503233099079715 -1.427599440121245 7251 1 True
pedestrian 49.6238709548165 20.630497373044534 -0.7679939590992104 0.9953577518463135 0.3753577768802643 1.8600000143051147 -1.5810008904669022 0.019558075533544755 3.2702801867737845 7249 0 False
pedestrian 24.130831788172394 3.243172265954456 -0.8284469158934478 0.3753577768802643 0.3753577768802643 1.8600000143051147 0.11746607750956217 0.23497367655371154 -1.7378303840511926 7245 4 True
pedestrian 44.17658969482774 -11.510899411455398 -0.9238125166036748 0.9953577518463135 0.3753577768802643 1.8600000143051147 3.062993657874637 -0.5308162651401187 -3.655210353451714 7247 5 True
pedestrian 17.029225990921944 -8.65691172896652 -0.8662061914244994 0.3753577768802643 0.3753577768802643 1.8600000143051147 -3.0614732604925368 0.2714448120423964 -1.818972846012892 7253 9 True