9.52608585357666 -0.012032654136419296
car -51.98177563396035 70.46660224348207 -1.148525273808042 4.181210041046143 1.994117259979248 1.3805816173553467 -1.5694361233316192 0.0 0.0 20001 0 False
car -59.222596000117335 92.98641622720504 -0.9065255424394705 4.4777727127075195 2.069315195083618 2.0377910137176514 0.0013592761423338602 0.0 0.0 20011 0 False
car -60.113716788356385 -0.12399642190808136 -1.2146413655141433 4.552699089050293 2.097072124481201 1.7671663761138916 0.0011068086841176782 7.778880050438539e-10 3.4082655999501756e-10 7256 6 True
car 20.886175323498094 9.455807273759808 -1.1615822638972284 4.673638820648193 1.8118125200271606 1.441947340965271 1.6080248951980607 -10.146595066220243 -0.059943087648933434 7244 60 True
car -0.002614619619862424 -2.1571142072573934e-07 -1.2215852337809383 4.673638820648193 1.8118125200271606 1.441947340965271 0.0 9.526085195106978 -0.01203265355654447 -100 1425 False
car -119.73207394119271 -4.225304376847646 -0.3660721347738871 8.46804141998291 2.8910882472991943 3.8274123668670654 -3.1400962343363426 0.0 0.0 -1 0 True
car 21.333350957828316 39.16728073520693 -1.0713178951010232 4.855708599090576 2.0327565670013428 1.6493593454360962 1.5732616175881298 -9.54814696330067 -0.03437422537928632 7242 0 False
car -12.239247588444073 -4.03185669847483 -1.1566834295799802 5.237514495849609 1.9297595024108887 1.638383150100708 -3.140011812201095 -1.400552144670753e-09 1.4597043023438003e-07 7243 263 True
motorcycle -66.68008767787467 -0.13604488497580514 -1.3633884331165524 2.0333523750305176 0.8025798797607422 1.4992756843566895 0.0018794928502797459 -1.3831683760067266e-08 1.7903695844692848e-08 7257 0 False
pedestrian -40.90959922463736 28.273780781556578 -1.0034244713906022 0.3753577768802643 0.3753577768802643 1.8600000143051147 1.5927218518681863 -1.6988625802022066 -0.07242200756109887 7251 0 False
pedestrian -36.76063715027675 -7.787378163497087 -0.9868553315568342 0.9953577518463135 0.3753577768802643 1.8600000143051147 3.0707070978525812 3.0669581221160307 -0.44273870716966746 7249 3 True
pedestrian -32.8179556753563 8.540648736673951 -1.081863779097931 0.3753577768802643 0.3753577768802643 1.8600000143051147 -2.825907406957328 1.4172319766852806 1.033172867203364 7245 3 True
pedestrian -41.42268408002781 -1.418009402164765 -1.8688556933745448 0.3753577768802643 0.3753577768802643 1.8600000143051147 -2.046104005259957 -0.02083285085827712 -0.03517970453340295 7247 0 True
pedestrian -41.153123018171584 37.01187752618225 -1.0050174410177142 0.3753577768802643 0.3753577768802643 1.8600000143051147 1.5705850097953813 -1.8224563885593186 -0.012899128064154518 7253 0 False