0.007691423874348402 -9.134519577026367
car -51.36422513053998 -19.739233326153453 -0.9460973935107704 4.181210041046143 1.994117259979248 1.3805816173553467 -0.0016717979621887207 0.0 0.0 20001 3 True
car -51.0478250997635 -94.01807878875604 -0.975877942783143 5.357479572296143 2.033203125 1.4147460460662842 -0.0016712653304205999 0.0 0.0 20003 0 False
car -73.90558137530793 -26.911073265425728 -0.6595716256083728 4.4777727127075195 2.069315195083618 2.0377910137176514 1.5691236015117644 0.0 0.0 20011 0 True
car -39.526444935964825 53.48968582965159 -1.1374699908278654 3.633375883102417 1.845113754272461 1.5012825727462769 3.1413070393731855 0.010762964126614899 -9.819207103399414 7259 0 False
car 19.201303270088204 -28.087284993653896 -1.0688341135147406 4.552699089050293 2.097072124481201 1.7671663761138916 1.568871134053548 -1.8738845649535402e-07 -0.0009118831173369094 7256 22 True
car 15.110242712034356 1.642464481725085 -1.2349312283008183 4.673638820648193 1.8118125200271606 1.441947340965271 0.5434716235495674 6.965990827445338 -3.0980191374965464 7244 154 True
car -0.0025948716054564613 -5.632591296489409e-06 -1.221585346889714 4.673638820648193 1.8118125200271606 1.441947340965271 0.0 0.007691424274863041 -9.134520007811584 -100 1371 False
car -42.53342257677069 -3.9635345174031613 -1.179652440781571 4.673638820648193 1.8118125200271606 1.441947340965271 3.1407722770779927 -0.00012990179848036812 -13.30390542161282 7258 8 True
truck 23.191655645550973 -42.27565823588384 -0.05660086477716986 8.46804141998291 2.8910882472991943 3.8274123668670654 -1.5723620026618108 0.007869639454982792 6.6441761462542015 7261 63 True
car 23.15790530199839 -60.62054358400587 -1.135479767583246 4.611005783081055 2.241713285446167 1.6672759056091309 -1.5723007500084771 0.015245175501731132 10.871472087458304 7260 2 True
car 19.247343626964813 4.126249966617763 -1.1496075223016524 4.855708599090576 2.0327565670013428 1.6493593454360962 1.5710233379126153 -0.034489914709875134 15.670055826176648 7242 94 True
car 23.25544986296835 20.824081205197615 -1.1450844699294795 5.237514495849609 1.9297595024108887 1.638383150100708 -1.572429646896362 0.003883737939354173 3.7606332629638453 7243 26 True
motorcycle 19.184551562298473 -42.814138701448144 -1.2038904192660813 2.0333523750305176 0.8025798797607422 1.4992752075195312 1.5695865794851025 -6.607834075602832e-07 0.7584969276284776 7257 0 False
pedestrian -0.8255186549229343 -8.577121959813553 -0.8857555928642222 0.3753577768802643 0.3753577768802643 1.8600000143051147 -3.10640900592592 0.0902470105361739 -1.475815012787499 7251 20 True
pedestrian 28.302248261719036 13.547263094887796 -0.9121805768228581 0.9953577518463135 0.3753577768802643 1.8600000143051147 -1.581044965745714 0.06355767565760045 3.1385758274618936 7249 5 True
pedestrian 6.067829811853587 3.889202600588078 -0.8824283128130643 0.3753577768802643 0.3753577768802643 1.8600000143051147 -0.18141464653778075 -0.6027317510381431 -1.640415703674169 7245 37 True
pedestrian 20.87469857359702 -9.571187254751067 -1.763589961720774 0.3753577768802643 0.3753577768802643 1.8600000143051147 2.6262997235647836 0.11045887710654256 0.36556185513452333 7247 3 True
pedestrian -8.335250813761277 -8.779095118355315 -0.8783475785902031 0.3753577768802643 0.3753577768802643 1.8600000143051147 -3.124961236199273 0.07451085728175319 -1.7553513642145337 7253 22 True