0.010728172026574612 -8.093172073364258
car -47.819162897067585 -19.6785916021783 -1.0419333292513762 4.181210041046143 1.994117259979248 1.3805816173553467 -0.0029521115748087565 0.0 0.0 20001 3 True
car -47.59781235873679 -93.95778214918951 -1.0636711112169257 5.357479572296143 2.033203125 1.4147460460662842 -0.002951578943040636 0.0 0.0 20003 0 False
car -70.37020511178004 -26.821538426516383 -0.7992272359850385 4.4777727127075195 2.069315195083618 2.0377910137176514 1.5678432878991442 0.0 0.0 20011 0 False
car -32.13053305871995 53.52910685419954 -1.2137862786430555 3.633375883102417 1.845113754272461 1.5012825727462769 3.139948162574768 -0.003124539993376617 -8.946637578321308 7259 0 False
car 22.734290264872687 -28.719341877413285 -1.0244836048502894 4.552699089050293 2.097072124481201 1.7671663761138916 1.568288445627281 0.005639198079950243 2.9245949521259393 7256 17 True
car 15.641520502055108 0.30178815863189357 -1.2051758459799375 4.673638820648193 1.8118125200271606 1.441947340965271 0.15979632149124146 3.0673454960176003 -7.604117836745527 7244 122 True
car -0.002595887467542468 -3.228773078944869e-05 -1.2215852750542902 4.673638820648193 1.8118125200271606 1.441947340965271 0.0 0.010728171560565292 -8.09317207042989 -100 1359 False
car -33.957800411409 -3.925380615475831 -1.2546794805196406 4.673638820648193 1.8118125200271606 1.441947340965271 3.1395404329562715 -0.013567728142458315 -11.557079440309614 7258 26 True
truck 26.71407275657454 -39.72726710100409 -0.0032273413967827125 8.46804141998291 2.8910882472991943 3.8274123668670654 -1.5750516599328783 0.025405712772399013 6.230729334708224 7261 65 True
car 26.6625882806529 -56.48877287841344 -1.0802323278624564 4.611005783081055 2.241713285446167 1.6672759056091309 -1.5735355236049227 0.025962604780499138 9.86891428862636 7260 7 True
car 22.824714519206523 -1.7801335999812977 -1.1076975509765927 4.855708599090576 2.0327565670013428 1.6493593454360962 1.57230144700708 -0.08497803451774777 13.623240562687082 7242 69 True
car 26.857174466131642 22.532358508316236 -1.0973626053656318 5.237514495849609 1.9297595024108887 1.638383150100708 -1.5746950629641212 0.016958853675867348 4.581525611765387 7243 0 False
motorcycle 22.695139820865464 -44.96496934793129 -1.1509576483160147 2.0333523750305176 0.8025798797607422 1.499274730682373 1.5682830482443504 0.015609075081569435 8.16416421865689 7257 0 False
pedestrian 3.348291882774703 -8.564167423658034 -0.8822496918008136 0.3753577768802643 0.3753577768802643 1.8600000143051147 -3.1382951398824055 0.006410731785091272 -1.4714224176671957 7251 17 True
pedestrian 31.905926535780928 14.761951097744372 -0.8539871301344628 0.9953577518463135 0.3753577768802643 1.8600000143051147 -1.5894116787172952 0.10963820787608085 3.15084876762385 7249 0 True
pedestrian 8.972702754860272 4.003710076386255 -0.867822843459785 0.3753577768802643 0.3753577768802643 1.8600000143051147 -0.07488136870066324 0.01680801939931752 -0.997779025864094 7245 34 True
pedestrian 24.246968554497418 -9.981205555785266 -1.1711862298220745 0.3753577768802643 0.3753577768802643 1.8600000143051147 2.0022326577061547 -0.1172095870438231 0.4426967790614752 7247 3 True
pedestrian -4.071542888428581 -8.766099410039828 -0.8895690835317491 0.3753577768802643 0.3753577768802643 1.8600000143051147 -3.072554131796519 0.30964430579299795 -1.7486749314173398 7253 26 True