0.2774640917778015 -8.835142135620117
car -27.572813524829044 -18.559393090251092 -0.9146480414977738 4.181210041046143 1.994117259979248 1.3805816173553467 -0.0444836742201911 0.0 0.0 20001 0 False
car -30.43582385263975 -92.78334220917986 -1.151390404915709 5.357479572296143 2.033203125 1.4147460460662842 -0.04448314158842299 0.0 0.0 20003 0 True
car -50.399123942107465 -24.76101101637613 -0.5547518427899476 4.4777727127075195 2.069315195083618 2.0377910137176514 1.526311725253762 0.0 0.0 20011 0 False
car 4.353946578160784 53.36075804924087 -1.0393039296807878 3.633375883102417 1.845113754272461 1.5012825727462769 3.0982719904043408 -0.11332817911768353 -2.6869060481347877 7259 0 False
car 41.774741070088 -47.993926238098254 -1.4000318145136847 4.552699089050293 2.097072124481201 1.7671663761138916 1.5267250213032304 0.3042876923128945 6.978356626275704 7256 0 False
car 14.84756801420979 -0.6158797061228256 -1.297642043438012 4.673638820648193 1.8118125200271606 1.441947340965271 -0.04362986549589369 -0.38122595373458595 -8.888941975409924 7244 133 True
car -0.0025930237742599616 -4.596879779228402e-05 -1.2215853167705735 4.673638820648193 1.8118125200271606 1.441947340965271 0.0 0.2774640497643838 -8.835141941344524 -100 1363 False
car 4.607264055325697 -4.16963879762136 -1.2575104505373638 4.673638820648193 1.8118125200271606 1.441947340965271 3.0977701181208293 -0.24511441155812555 -5.697073137881051 7258 1304 True
truck 46.582218049602965 -29.974846170208593 -0.35480972016889867 8.46804141998291 2.8910882472991943 3.8274123668670654 -1.614647905048794 0.14358842152479254 3.3250162522108373 7261 60 True
car 46.01565447374365 -42.58119901827115 -1.4693505438066785 4.611005783081055 2.241713285446167 1.6672759056091309 -1.6148939809256657 0.13693304016761604 3.154615208845353 7260 0 False
car 42.41859764104141 -33.347055642476676 -1.445397331982023 4.855708599090576 2.0327565670013428 1.6493593454360962 1.5270452593268677 0.38963907070526815 9.00751599518237 7242 0 True
car 48.87614907408576 22.44857129964487 -1.2994942527038242 5.237514495849609 1.9297595024108887 1.638383150100708 -1.618328923198276 1.3085578607946971e-08 -0.0002049862669395069 7243 0 False
motorcycle 41.05929160799741 -64.11447099908736 -1.5747346530528277 2.0333523750305176 0.8025798797607422 1.4992749691009521 1.5263498084982015 0.2583965285223188 5.775806559313824 7257 0 False
pedestrian 27.64997219331833 -9.49574300181115 -1.0534604310544546 0.3753577768802643 0.3753577768802643 1.8600000143051147 3.104633877400716 -0.04068769416040839 -1.375357706108898 7251 4 True
pedestrian 53.86664995052821 20.073854124160448 -1.0934868594403127 0.9953577518463135 0.3753577768802643 1.8600000143051147 -1.6058014240120781 0.07755394710153762 3.3407242222269575 7249 0 False
pedestrian 27.054123537795427 2.276376517646952 -1.0052388459260193 0.3753577768802643 0.3753577768802643 1.8600000143051147 0.10236490161980523 0.5260404583004498 -1.6729066427029946 7245 3 True
pedestrian 48.70052027461708 -13.331237629904138 -1.273504909201211 0.9953577518463135 0.3753577768802643 1.8600000143051147 3.0528428947957353 -0.08229095224085924 -3.692610748488822 7247 1 True
pedestrian 20.92139892652247 -9.331951044697064 -1.0193299185283164 0.3753577768802643 0.3753577768802643 1.8600000143051147 3.1211953964407178 0.005871780109675452 -1.6658879420751618 7253 5 True