6.1661376953125 -0.7193758487701416
car -39.37850982138599 65.12621790676478 -1.3666792870964173 4.181210041046143 1.994117259979248 1.3805816173553467 -1.430059588765409 0.0 0.0 20001 0 True
car -49.677464626076926 86.42268959988687 -1.2185815517857037 4.4777727127075195 2.069315195083618 2.0377910137176514 0.1407358107085438 0.0 0.0 20011 0 False
car 28.727940110749216 106.3779533468159 -1.6117149120992593 3.633375883102417 1.845113754272461 1.5012825727462769 1.710900441010846 -16.984380280395577 -2.3872289048695516 7259 0 False
car -37.62481714325946 -5.909080162954936 -1.0894362467803944 4.552699089050293 2.097072124481201 1.7671663761138916 0.14048334325032763 -2.5901370319947e-10 -2.2158125139511074e-09 7256 19 True
car 17.244548019574324 1.9088526548403948 -1.1977463635701042 4.673638820648193 1.8118125200271606 1.441947340965271 0.13944737459137 14.241568014413845 1.9772611832865357 7244 89 True
car -0.002594250025197198 -5.180687601580303e-06 -1.2215852196130683 4.673638820648193 1.8118125200271606 1.441947340965271 0.0 6.16613746997336 -0.7193759546088829 -100 1384 False
car -28.41585004474274 100.15080346627954 -1.7322678295469274 4.673638820648193 1.8118125200271606 1.441947340965271 1.7121898093635242 -9.589970260554532 -1.3717064812485777 7258 0 True
truck -75.3854228450038 -15.312624570174982 -0.10170781975910614 8.46804141998291 2.8910882472991943 3.8274123668670654 -3.000784148214075 8.842848725857158 1.254149412220946 7261 0 True
car -109.58734221160833 -20.161113842547802 -1.2201989976150287 4.611005783081055 2.241713285446167 1.6672759056091309 -3.000809980854829 13.510549502690932 1.9143453666776495 7260 0 False
car 41.49125115675264 12.308983094504754 -1.0600102049921958 4.855708599090576 2.0327565670013428 1.6493593454360962 1.4709635447405178 -11.206390621984633 6.797570151661733 7242 25 True
car 10.328340521444659 -3.1280244629306395 -1.089313788662544 5.237514495849609 1.9297595024108887 1.638383150100708 -3.0006352776348852 5.7251989837378605e-09 2.088312742869952e-07 7243 407 True
motorcycle -44.33414358285148 -6.8635473145955075 -1.2279090902970893 2.0333523750305176 0.8025798797607422 1.4992746114730835 0.14129118225100987 2.3966508525965353 0.3422664798366646 7257 0 False
pedestrian -21.981590681076966 21.406949104981962 -1.0247402690670384 0.3753577768802643 0.3753577768802643 1.8600000143051147 1.7350104174686538 -1.5148545458887201 -0.28587727268311247 7251 0 True
pedestrian -5.953900121446452 -9.876327723147675 -0.8506861728724857 0.9953577518463135 0.3753577768802643 1.8600000143051147 -3.1065704099964035 3.5791800383779337 -0.23536685314493852 7249 33 True
pedestrian -8.332088583633777 8.160201099640496 -0.9292575807884162 0.3753577768802643 0.3753577768802643 1.8600000143051147 -2.432217046277735 0.11653679264733816 1.7497103320175806 7245 7 True
pedestrian -18.991036456664517 -4.755182927327155 -1.7666218762843187 0.3753577768802643 0.3753577768802643 1.8600000143051147 -1.9067236091134283 0.008023707593588577 0.025710163507428 7247 6 True
pedestrian -23.388471781639396 29.555875135824493 -1.0646077221735055 0.3753577768802643 0.3753577768802643 1.8600000143051147 1.713226443942229 -1.760721383524911 -0.2698680324417006 7253 0 True