-0.013261264190077782 -9.02225112915039
car -39.72617633225606 -19.872210852691524 -0.953504259251255 4.181210041046143 1.994117259979248 1.3805816173553467 0.0012933630909389919 0.0 0.0 20001 1 True
car -39.18953680939805 -94.1497910426028 -0.9814026651260728 5.357479572296143 2.033203125 1.4147460460662842 0.0012938957227071127 0.0 0.0 20003 0 False
car -62.24614183034669 -27.11084881295824 -0.6647938364718389 4.4777727127075195 2.069315195083618 2.0377910137176514 1.572088762564892 0.0 0.0 20011 0 False
car -17.403240305165795 53.41841061805354 -1.159984209912348 3.633375883102417 1.845113754272461 1.5012825727462769 -3.139220587579515 0.024195721728844564 -6.329986019950137 7259 0 False
car 30.875544173968127 -34.35174525972769 -1.0795349521732722 4.552699089050293 2.097072124481201 1.7671663761138916 1.5726608548567693 -0.02073415848762014 8.803903632631204 7256 0 True
car 16.366241791704876 0.020538218312765366 -1.2393588774912567 4.673638820648193 1.8118125200271606 1.441947340965271 0.0018038906406826441 0.017779709447607733 -7.595939585604783 7244 97 True
car -0.002591966727329975 2.814463266531675e-05 -1.2215853635910308 4.673638820648193 1.8118125200271606 1.441947340965271 0.0 -0.013261264693228152 -9.022251227708692 -100 1389 False
car -17.228433707370463 -4.041768022859401 -1.2028813998032384 4.673638820648193 1.8118125200271606 1.441947340965271 -3.139614335614098 0.021228228004627966 -7.678176135883573 7258 120 True
truck 34.88320254631021 -34.54060827172475 -0.06912672937715758 8.46804141998291 2.8910882472991943 3.8274123668670654 -1.5688812540571424 -0.01268744014856157 5.074395889139568 7261 49 True
car 34.899677723266294 -48.50102081051352 -1.1482435520471932 4.611005783081055 2.241713285446167 1.6672759056091309 -1.5690788604431152 -0.014661191986874812 7.475669987448109 7260 2 True
car 30.78651415377275 -12.413853204942882 -1.1032718803372332 4.855708599090576 2.0327565670013428 1.6493593454360962 1.5761190872856774 -0.1140512091133324 12.48938654068784 7242 37 True
car 34.767611557929214 24.577269783471934 -1.1599303076032945 5.237514495849609 1.9297595024108887 1.638383150100708 -1.5725236564034357 0.0001669344514302079 0.14712561386685177 7243 0 False
motorcycle 30.90469530642259 -51.44330189952359 -1.2102152472680217 2.0333523750305176 0.8025798797607422 1.499274730682373 1.5722523470640397 -0.013182004503880462 8.1040448729135 7257 0 False
pedestrian 12.767764523113328 -8.518808578362382 -0.9000737219434476 0.3753577768802643 0.3753577768802643 1.8600000143051147 -3.0069951506173873 0.4501270134767497 -1.5483770695320884 7251 5 True
pedestrian 39.87543443704181 17.739974530095424 -0.927452420290964 0.9953577518463135 0.3753577768802643 1.8600000143051147 -1.563599943760342 -0.016355993257781015 3.0265231102973087 7249 0 True
pedestrian 15.948681105570504 3.8677089704110017 -0.8937246406022314 0.3753577768802643 0.3753577768802643 1.8600000143051147 0.35589389482286243 1.0545504470986735 -1.2628996339114729 7245 20 True
pedestrian 31.437926497809173 -10.627273487849038 -1.0233955121959561 0.3753577768802643 0.3753577768802643 1.8600000143051147 3.078050758485582 -0.03616497409212851 -0.2731174614041782 7247 2 True
pedestrian 5.6411142096418985 -8.605192334391916 -0.8924025483457809 0.3753577768802643 0.3753577768802643 1.8600000143051147 -3.1106041468895804 0.10873697379834146 -1.7429268397398794 7253 33 True