7.743594646453857 -5.55855131149292
car -60.79441776107777 38.05387312337797 -1.6989311048239628 4.181210041046143 1.994117259979248 1.3805816173553467 -0.8875837036616008 0.0 0.0 20001 2 False
car -118.12256238739616 -9.164356337334198 -0.5284932619871974 5.357479572296143 2.033203125 1.4147460460662842 -0.8875831710298326 0.0 0.0 20003 0 False
car -80.60768838744903 50.97919053079886 -1.675134109106331 4.4777727127075195 2.069315195083618 2.0377910137176514 0.6832116958123523 0.0 0.0 20011 0 False
car -14.486957886870044 97.12242613811117 -3.317024589245541 3.633375883102417 1.845113754272461 1.5012825727462769 2.254013886341095 -11.955475172979417 -9.735795208768582 7259 0 False
car -22.619973173139613 -21.86644940519409 -0.5020716588004106 4.552699089050293 2.097072124481201 1.7671663761138916 0.682959228354136 -9.79764501143494e-10 1.892098473909125e-10 7256 25 True
car 11.71795678563285 6.24224792574924 -1.3892551664624602 4.673638820648193 1.8118125200271606 1.441947340965271 0.6539654138953024 8.06578928216357 5.86130369159912 7244 190 True
car -0.0026128687089794767 1.4176321542436199e-05 -1.221585522027329 4.673638820648193 1.8118125200271606 1.441947340965271 0.0 7.743594490743433 -5.558551541752156 -100 1381 False
car -63.3973019433638 66.22368741113507 -2.5489155962735843 4.673638820648193 1.8118125200271606 1.441947340965271 2.2544136264830694 -9.515070672303253 -7.757475111394257 7258 0 True
truck -44.04532207503823 -44.45947519969724 1.0709544965832727 8.46804141998291 2.8910882472991943 3.8274123668670654 -2.458252603090498 6.504553206598335 5.295779916521101 7261 23 False
car -67.35954521857792 -63.45146922397228 0.4755046458669172 4.611005783081055 2.241713285446167 1.6672759056091309 -2.458233162030962 10.580340036906208 8.61280115108895 7260 0 False
car 31.357376980949198 22.28735749234437 -1.7035252143036557 4.855708599090576 2.0327565670013428 1.6493593454360962 0.7657765274391704 11.474014166999313 13.144730422488884 7242 22 True
car 17.01260368506769 5.260841662498564 -1.282121931261246 5.237514495849609 1.9297595024108887 1.638383150100708 -2.4581593925310767 -7.136928428339269e-07 -6.490960337928117e-07 7243 118 True
motorcycle -29.660224753621037 -27.60379150835834 -0.48662380935000016 2.0333523750305176 0.8025798797607422 1.4992743730545044 0.683767112152583 2.4518318930811938 1.9994686573971334 7257 0 False
pedestrian -22.426374004131446 8.545081837736802 -1.0225081524732076 0.3753577768802643 0.3753577768802643 1.8600000143051147 2.2769358276401093 -1.1447787460936467 -1.0180987071241923 7251 1 True
pedestrian 9.231355074269175 -7.121231889486552 -0.7479456634655586 0.9953577518463135 0.3753577768802643 1.8600000143051147 -2.560604455231984 3.1811926413360925 1.6565424949517775 7249 19 True
pedestrian -4.770318187054954 6.707731335143933 -1.0149240137926938 0.3753577768802643 0.3753577768802643 1.8600000143051147 -1.2116822782444423 -0.6014267297761151 -0.08886045483324488 7245 62 True
pedestrian -7.249182984534997 -11.334482083017491 -1.4819660960295966 0.3753577768802643 0.3753577768802643 1.8600000143051147 -1.3642470582199095 -0.010051562626755835 0.04126958588145145 7247 17 True
pedestrian -27.70461169524583 14.605947127741103 -1.1452455153649481 0.3753577768802643 0.3753577768802643 1.8600000143051147 2.2671188915218776 -1.3486044745407701 -1.1861614720490214 7253 3 True