-0.0032471460290253162 -7.303318977355957
car -54.53498045468824 -19.828143004423225 -1.1296280585350214 4.181210041046143 1.994117259979248 1.3805816173553467 5.193159739176432e-05 0.0 0.0 20001 2 True
car -54.09046399696767 -94.10633134105399 -1.1577540380381353 5.357479572296143 2.033203125 1.4147460460662842 5.246422915988499e-05 0.0 0.0 20003 0 False
car -77.06479203422121 -27.038821139337074 -0.9203381498709636 4.4777727127075195 2.069315195083618 2.0377910137176514 1.5708473310713449 0.0 0.0 20011 0 False
car -47.04816644620058 53.414612737440734 -1.2917810139833832 3.633375883102417 1.845113754272461 1.5012825727462769 -3.140299699541728 0.028874680454556663 -11.19974955550574 7259 0 False
car 16.044836721675164 -28.05261124088082 -1.0085021582644536 4.552699089050293 2.097072124481201 1.7671663761138916 1.5705948636131286 -8.411801091786955e-07 -0.00011732232549041408 7256 28 True
car 13.902392479876132 4.07731645111329 -1.1853022852950448 4.673638820648193 1.8118125200271606 1.441947340965271 0.9965060347156525 7.743016281962079 4.192027737720767 7244 197 True
car -0.002592491108650563 2.3650824118703895e-05 -1.2215851985464201 4.673638820648193 1.8118125200271606 1.441947340965271 0.0 -0.0032471460321721137 -7.303319016552576 -100 1357 False
car -51.348812554327026 -4.041917669430632 -1.3467621768565192 4.673638820648193 1.8118125200271606 1.441947340965271 -3.1409271397645737 0.017246756676545547 -14.740932946789243 7258 6 True
truck 20.057203556630668 -44.97962834771096 0.015509765764786465 8.46804141998291 2.8910882472991943 3.8274123668670654 -1.5707048520732456 -0.0038817898509822726 7.065036275580722 7261 70 True
car 20.058420387792964 -65.13863307351579 -1.0633542731569467 4.611005783081055 2.241713285446167 1.6672759056091309 -1.570632147836897 -0.0028742016048808393 11.834870167072468 7260 6 False
car 16.026068838253025 10.811802409148697 -1.0912937098402369 4.855708599090576 2.0327565670013428 1.6493593454360962 1.5717672186440255 -0.034729842250507396 17.513286686359155 7242 148 True
car 20.015453589989963 19.81305620509397 -1.073267270577667 5.237514495849609 1.9297595024108887 1.638383150100708 -1.570517898322635 -0.00013773222165716387 0.20739524154085212 7243 56 True
motorcycle 16.053512964171503 -42.17989321672462 -1.139888179573605 2.0333523750305176 0.8025798797607422 1.499274730682373 1.571399802267386 -0.0013650599558787284 1.6439031654464005 7257 0 False
pedestrian -4.680173334741816 -8.654391047628565 -0.897711287836207 0.3753577768802643 0.3753577768802643 1.8600000143051147 -3.030389935768551 0.36143249437297237 -1.6528636282970284 7251 10 True
pedestrian 25.06291523592977 12.298731075271235 -0.8228979694338754 0.9953577518463135 0.3753577768802643 1.8600000143051147 -1.579287147752974 0.05360316615688942 3.353571821236189 7249 8 True
pedestrian 3.280279370529035 3.9009417663780255 -0.8681826428669484 0.3753577768802643 0.3753577768802643 1.8600000143051147 0.05034781682925754 -0.0014672397090336297 -0.40554378019754944 7245 38 True
pedestrian 17.669416804877397 -9.522367480877733 -1.7102171996982536 0.3753577768802643 0.3753577768802643 1.8600000143051147 2.6649794425657056 -0.05197226150099841 0.02590701025246533 7247 0 True
pedestrian -12.228821963959096 -8.806076447837881 -0.9161437344280647 0.3753577768802643 0.3753577768802643 1.8600000143051147 -3.124472280236138 0.06134769754883855 -1.7578500485396273 7253 15 True