0.12468376010656357 -8.895014762878418
car -28.90158346364845 -19.273827242163634 -0.981001861583243 4.181210041046143 1.994117259979248 1.3805816173553467 -0.01847313445578681 0.0 0.0 20001 0 False
car -29.833178807872002 -93.54726337211773 -1.170656216593132 5.357479572296143 2.033203125 1.4147460460662842 -0.01847260182401869 0.0 0.0 20003 0 True
car -51.559943935976676 -26.066603115546286 -0.6861253218665908 4.4777727127075195 2.069315195083618 2.0377910137176514 1.5523222650181663 0.0 0.0 20011 0 False
car 0.5714117917082007 53.461818786274364 -1.0611337634055076 3.633375883102417 1.845113754272461 1.5012825727462769 3.1242690812166 -0.049006552480637545 -3.0306382752595358 7259 0 False
car 41.216454421587535 -45.36675620944675 -1.2289283423138242 4.552699089050293 2.097072124481201 1.7671663761138916 1.5527780309740118 0.1442167577994685 8.240275055192807 7256 0 False
car 14.955847933456589 -0.2675313599629021 -1.2519585745350899 4.673638820648193 1.8118125200271606 1.441947340965271 -0.017613999413808187 -0.17240429383222206 -10.190128647667205 7244 123 True
car -0.002596230909887254 -4.638375742160861e-06 -1.221585374955425 4.673638820648193 1.8118125200271606 1.441947340965271 0.0 0.12468375165450771 -8.895014012021376 -100 1329 False
car 1.5241381097166382 -4.027988185296579 -1.2334727811384028 4.673638820648193 1.8118125200271606 1.441947340965271 3.124127800640106 -0.12415211471854319 -7.428865770308322 7258 2657 False
truck 45.51109298633789 -29.4297982798754 -0.18821948777285336 8.46804141998291 2.8910882472991943 3.8274123668670654 -1.5886376316002737 0.058414721166088666 3.3930588655952967 7261 52 True
car 45.27531205184274 -42.071530734116266 -1.2946457020701456 4.611005783081055 2.241713285446167 1.6672759056091309 -1.5889084748543632 0.06702266989857379 3.7745545972364405 7260 0 False
car 41.486507602448405 -30.306613089461678 -1.2825462391816123 4.855708599090576 2.0327565670013428 1.6493593454360962 1.552906037173104 0.1779743841808198 10.221630120510493 7242 0 True
car 46.456216358860985 23.707785423284804 -1.1633052492386882 5.237514495849609 1.9297595024108887 1.638383150100708 -1.5923183834338717 -1.812773327397651e-06 -0.00018654968587429943 7243 0 False
motorcycle 40.91774446173924 -61.70033903160265 -1.3947887218478525 2.0333523750305176 0.8025798797607422 1.499274730682373 1.5523852968098835 0.13504918100197855 7.382688363480062 7257 0 False
pedestrian 25.791399902455204 -8.77452552943015 -0.957491766927407 0.3753577768802643 0.3753577768802643 1.8600000143051147 3.130736029829237 -0.004799186661337883 -1.3778819415389303 7251 1 True
pedestrian 51.4971569092556 20.804488672980312 -0.941740516280742 0.9953577518463135 0.3753577768802643 1.8600000143051147 -1.585014137681749 0.017644586831049053 3.305543449489669 7249 0 False
pedestrian 25.51569691302233 2.9841073468900277 -0.9211853223525339 0.3753577768802643 0.3753577768802643 1.8600000143051147 0.03199319294187758 0.26807416300502307 -1.7330775702764731 7245 5 True
pedestrian 46.47476830496563 -12.002037778030456 -1.109333224670332 0.9953577518463135 0.3753577768802643 1.8600000143051147 3.057178251072354 -0.4730259561130338 -3.663104468633102 7247 2 True
pedestrian 18.985340594242082 -8.803763027081914 -0.9439142278761383 0.3753577768802643 0.3753577768802643 1.8600000143051147 -3.093566055575053 0.1198201225402503 -1.6631039454616083 7253 9 True