8.591200828552246 -4.828746318817139
car -56.59869147171301 45.2716977869151 -1.8976896710550193 4.181210041046143 1.994117259979248 1.3805816173553467 -1.0115855058608585 0.0 0.0 20001 0 False
car -119.32855857546411 5.506034097664383 -0.8471759715892091 5.357479572296143 2.033203125 1.4147460460662842 -1.0115849732290905 0.0 0.0 20003 0 False
car -74.66160791101007 60.54780234937763 -1.939968651128396 4.4777727127075195 2.069315195083618 2.0377910137176514 0.5592098936130946 0.0 0.0 20011 0 False
car -4.163249211445134 99.47589066441526 -3.4648014031163257 3.633375883102417 1.845113754272461 1.5012825727462769 2.129896902521981 -13.256592071371555 -8.295192731390056 7259 0 False
car -26.130017805854948 -18.907683932782845 -0.5440340260836507 4.552699089050293 2.097072124481201 1.7671663761138916 0.5589574261548784 -5.139295140092975e-10 -8.697475304707863e-09 7256 26 True
car 12.281510917947458 5.250142332894569 -1.3733587115941512 4.673638820648193 1.8118125200271606 1.441947340965271 0.5375999637585547 8.651528460323217 4.93008758434729 7244 169 True
car -0.0025866181805440647 1.230998847745468e-05 -1.221585152846064 4.673638820648193 1.8118125200271606 1.441947340965271 0.0 8.591201656519583 -4.828746051185826 -100 1362 False
car -56.33812832396393 74.57115585634477 -2.8006773426693883 4.673638820648193 1.8118125200271606 1.441947340965271 2.1304295342901014 -10.12610397430155 -6.346922115421389 7258 0 True
truck -50.902944649061794 -39.12296103694857 1.000443416650083 8.46804141998291 2.8910882472991943 3.8274123668670654 -2.5822890263546836 7.166741288927655 4.483376583587061 7261 17 False
car -76.82890000706067 -55.36487649092547 0.36356271362020465 4.611005783081055 2.241713285446167 1.6672759056091309 -2.5823060705712635 11.576573212835843 7.24552806694587 7260 0 False
car 34.23671859328607 19.299802223597084 -1.6573872760407875 4.855708599090576 2.0327565670013428 1.6493593454360962 0.7269341893015437 10.597381246233946 13.109152313443333 7242 21 True
car 16.554760930827968 3.109807183788689 -1.23653173045673 5.237514495849609 1.9297595024108887 1.638383150100708 -2.5821611947303347 -3.281846612301638e-07 -3.018399025514011e-07 7243 145 True
motorcycle -33.52725617030319 -23.54346732054509 -0.5479146791408915 2.0333523750305176 0.8025798797607422 1.499274730682373 0.5597655490914654 3.1801860298112885 1.9939944903026292 7257 0 False
pedestrian -22.260393742436634 11.373957821316111 -1.0922853571280626 0.3753577768802643 0.3753577768802643 1.8600000143051147 2.15327104819213 -1.2611835414098154 -0.8716184946747457 7251 0 True
pedestrian 6.978782393183735 -8.372585532822114 -0.709141291299817 0.9953577518463135 0.3753577768802643 1.8600000143051147 -2.6847740364382005 3.3628232912639033 1.2462727831479485 7249 27 True
pedestrian -4.873687639848754 7.110755171543474 -1.0282829833573786 0.3753577768802643 0.3753577768802643 1.8600000143051147 -1.4208921138646866 -0.7741708612328444 0.11142927380474929 7245 57 True
pedestrian -9.572844104174521 -10.351795120710477 -1.4901075561915142 0.3753577768802643 0.3753577768802643 1.8600000143051147 -1.4882491267350515 -0.0037968631618501923 0.04058488233646458 7247 14 True
pedestrian -26.758683292845944 18.065494463320334 -1.235372481333755 0.3753577768802643 0.3753577768802643 1.8600000143051147 2.1329266451769935 -1.4825875908961361 -0.9742007441449756 7253 2 False