-0.0037766157183796167 -7.523814678192139
car -55.27264577545283 -19.832553469150696 -1.0509805879087621 4.181210041046143 1.994117259979248 1.3805816173553467 0.00013755215411716037 0.0 0.0 20001 1 True
car -54.82179882016466 -94.11070441233929 -1.0786025845070593 5.357479572296143 2.033203125 1.4147460460662842 0.00013808478588528102 0.0 0.0 20003 0 False
car -77.80151157395728 -27.045160531313456 -0.8088668120065738 4.4777727127075195 2.069315195083618 2.0377910137176514 1.5709329516280703 0.0 0.0 20011 0 False
car -48.92832067740463 53.40909605727171 -1.2261981170948635 3.633375883102417 1.845113754272461 1.5012825727462769 -3.1402521621564228 0.02974343245741573 -11.486919584900575 7259 0 False
car 15.307979838508388 -28.05093638494293 -1.0321605109471008 4.552699089050293 2.097072124481201 1.7671663761138916 1.5706804841698538 -3.751065763644979e-07 -3.862035204332385e-05 7256 33 True
car 13.55683217901128 4.900332357834827 -1.2059535380432376 4.673638820648193 1.8118125200271606 1.441947340965271 1.0995924859338337 7.182155802889679 5.7903124080243185 7244 185 True
car -0.002595708656947693 -4.590812125115917e-06 -1.2215853156537035 4.673638820648193 1.8118125200271606 1.441947340965271 0.0 -0.003776615915721903 -7.523814834429363 -100 1375 False
car -53.58164193669222 -4.0470608799042225 -1.2744641438201507 4.673638820648193 1.8118125200271606 1.441947340965271 -3.140903570808834 0.01936596036415788 -15.093024701074636 7258 6 True
truck 19.323605775866717 -45.689385441574245 -0.013798799087418878 8.46804141998291 2.8910882472991943 3.8274123668670654 -1.5706727610092164 -0.0015765165620920609 7.179746783966061 7261 64 True
car 19.32493938574788 -66.33507080571587 -1.0923362113368649 4.611005783081055 2.241713285446167 1.6672759056091309 -1.5705630388649834 -0.0037638903628651812 12.066241018032018 7260 3 False
car 15.283844338442517 12.585294345604723 -1.115313965525241 4.855708599090576 2.0327565670013428 1.6493593454360962 1.5717812934645052 -0.033686607196245506 17.834009919084373 7242 140 True
car 19.274390077924703 19.814918172600414 -1.1034907388561046 5.237514495849609 1.9297595024108887 1.638383150100708 -1.570437337767707 1.7103952847681584e-05 -0.005546259700505936 7243 39 True
motorcycle 15.317517436122046 -41.93502520831231 -1.1618605062537193 2.0333523750305176 0.8025798797607422 1.499274730682373 1.571481541673216 -0.0036539810728866903 2.938972493960584 7257 0 False
pedestrian -5.569989315575327 -8.658297168586842 -0.8917743681150441 0.3753577768802643 0.3753577768802643 1.8600000143051147 -3.0821851794276767 0.28423941867431857 -1.6736256629401738 7251 10 True
pedestrian 24.318378354344485 11.967990826660184 -0.860337033773422 0.9953577518463135 0.3753577768802643 1.8600000143051147 -1.583146997018602 0.06873306033635451 3.341593388543471 7249 4 True
pedestrian 2.675273488480199 3.916679787306066 -0.8737149645455851 0.3753577768802643 0.3753577768802643 1.8600000143051147 0.08389815874523587 0.0648709589379087 -0.5942615250292004 7245 51 True
pedestrian 16.924582827214365 -9.517848860031847 -1.736559031282979 0.3753577768802643 0.3753577768802643 1.8600000143051147 2.665064397332721 -0.05221927151959866 0.0270386957168439 7247 7 True
pedestrian -13.145973275680728 -8.817653102830377 -0.8992713398360792 0.3753577768802643 0.3753577768802643 1.8600000143051147 -3.0985472278705175 0.10612252591819622 -1.7558977543605199 7253 14 True