0.6941562294960022 -3.5658373832702637
car -26.137178141040188 -12.863920707901741 -0.8952504518059392 4.181210041046143 1.994117259979248 1.3805816173553467 -0.26841312164730496 0.0 0.0 20001 0 True
car -45.41098455018592 -84.59928814125993 -0.9619854238049967 5.357479572296143 2.033203125 1.4147460460662842 -0.26841258901553683 0.0 0.0 20003 0 False
car -49.770509472989744 -13.841069290344194 -0.5198568628510927 4.4777727127075195 2.069315195083618 2.0377910137176514 1.302382277826648 0.0 0.0 20011 0 False
car 22.52673000392697 49.74283177077848 -1.1953612415518382 3.633375883102417 1.845113754272461 1.5012825727462769 2.8743519971911113 -0.32311086920456805 -1.1856078699936123 7259 0 False
car 33.88958637873071 -60.79765753208483 -1.3195409194041816 4.552699089050293 2.097072124481201 1.7671663761138916 1.3024651224660264 0.7788349511163175 2.836675462547 7256 0 False
car 14.489830087702614 -3.4947342456822525 -1.2970790501504084 4.673638820648193 1.8118125200271606 1.441947340965271 -0.26845719692611697 -0.9686568550101635 -3.5250446523845755 7244 129 True
car -0.0025844152473268878 3.3777162684600626e-05 -1.2215852212084997 4.673638820648193 1.8118125200271606 1.441947340965271 0.0 0.6941562831340905 -3.565836999114356 -100 1372 False
car 11.943828997887515 -6.943046266183046 -1.291477303537464 4.673638820648193 1.8118125200271606 1.441947340965271 2.8735943285009595 -0.637415926292773 -2.32510394535245 7258 162 True
truck 44.33115253269733 -37.91149245463009 -0.3147416651614985 8.46804141998291 2.8910882472991943 3.8274123668670654 -1.838418361893124 0.719441479378451 2.628854266248919 7261 40 True
car 40.725608049214486 -51.0034702530736 -1.3979881255396076 4.611005783081055 2.241713285446167 1.6672759056091309 -1.8387331472680832 0.28059624099694747 1.0230333696161982 7260 0 False
car 37.405339459190486 -47.9904026989974 -1.3990603659685519 4.855708599090576 2.0327565670013428 1.6493593454360962 1.3027105215813117 1.250741763434269 4.56093100872835 7242 0 False
car 57.61256102155154 10.520505816473076 -1.377982623347835 5.237514495849609 1.9297595024108887 1.638383150100708 -1.8399105297915141 0.6769241601914654 2.4542704919429346 7243 0 False
motorcycle 30.286309442963685 -73.90071096960042 -1.458176459627557 2.0333523750305176 0.8025798797607422 1.499275803565979 1.302491769228131 4.840468715389793e-08 -5.6182979463653915e-08 7257 0 False
pedestrian 30.781076864435576 -16.57322715908856 -1.0635474415901562 0.3753577768802643 0.3753577768802643 1.8600000143051147 2.8804224014523823 -0.3442491544619911 -1.3243312920045835 7251 0 True
pedestrian 62.51079073225945 9.259185172465664 -1.1656066985715585 0.9953577518463135 0.3753577768802643 1.8600000143051147 -1.8174838028789093 0.7257287264792806 3.2057675427700834 7249 0 False
pedestrian 30.353980539664363 -4.646206098969799 -1.0299250433518354 0.3753577768802643 0.3753577768802643 1.8600000143051147 -0.08880889048936631 0.15979630048378532 -1.746417028519835 7245 8 True
pedestrian 51.63046411002966 -24.091553968462904 -1.1759784341877852 0.3753577768802643 0.3753577768802643 1.8600000143051147 -2.09177478240331 0.18101430783668276 0.2888497655624499 7247 0 True
pedestrian 24.48689725773002 -14.958127933595392 -1.0305738731870093 0.3753577768802643 0.3753577768802643 1.8600000143051147 2.896476588733249 -0.36560475387911007 -1.6193500003252834 7253 2 True