6.959983825683594 -1.2877839803695679
car -41.52527486789643 62.62511208198515 -1.8231464482230137 4.181210041046143 1.994117259979248 1.3805816173553467 -1.3669771622158686 0.0 0.0 20001 0 True
car -53.146649434279595 83.23029853103478 -1.8233526494893724 4.4777727127075195 2.069315195083618 2.0377910137176514 0.20381823725808443 0.0 0.0 20011 0 False
car 24.868750512967495 103.12334989839457 -2.1998433122918755 3.633375883102417 1.845113754272461 1.5012825727462769 1.774169421837171 -16.27446532764667 -3.349825793889006 7259 0 False
car -35.296872285270695 -8.155050158064483 -1.0876547710437485 4.552699089050293 2.097072124481201 1.7671663761138916 0.20356576979986826 -7.028235307894249e-09 1.6509365877038728e-09 7256 25 True
car 14.893838704503935 2.274223749894915 -1.1907933515151339 4.673638820648193 1.8118125200271606 1.441947340965271 0.2000647819682335 12.864368667593306 2.5548172376287925 7244 121 True
car -0.002604911591220116 -7.245726010296494e-07 -1.2215850044058307 4.673638820648193 1.8118125200271606 1.441947340965271 0.0 6.959983249253431 -1.2877840040200397 -100 1369 False
car -32.18447235028509 95.34019459088012 -2.3677519716195548 4.673638820648193 1.8118125200271606 1.441947340965271 1.7752647790683111 -9.800815899978709 -2.0401603762198905 7258 0 True
truck -69.79042217961387 -19.376656017099165 -0.07799401317688082 8.46804141998291 2.8910882472991943 3.8274123668670654 -2.9376926669244763 8.580219883978993 1.775147325886593 7261 20 True
car -102.20681529922257 -26.08819692904619 -1.2014284787264509 4.611005783081055 2.241713285446167 1.6672759056091309 -2.937879620675087 13.359025089942204 2.758260152387989 7260 0 False
car 40.75668187709749 11.19252350540431 -1.0293074795036206 4.855708599090576 2.0327565670013428 1.6493593454360962 1.107977042069647 -4.30917089970297 13.804644333753565 7242 21 True
car 12.385486421059966 -2.3558373453673482 -1.0518385024841586 5.237514495849609 1.9297595024108887 1.638383150100708 -2.937552851085345 -6.263218785757291e-08 -6.549627536429177e-08 7243 264 True
motorcycle -42.58368408458557 -9.666523477604159 -1.2270704334327422 2.0333523750305176 0.8025798797607422 1.499274730682373 0.20437414760907863 3.8123872434656576 0.792012221664398 7257 0 True
pedestrian -21.302729402736986 19.642368798968533 -1.1757117165696034 0.3753577768802643 0.3753577768802643 1.8600000143051147 1.7934166034099792 -1.4922615788942286 -0.37389452298098663 7251 0 True
pedestrian -2.368515867239296 -10.009341546906597 -0.7852721709793116 0.9953577518463135 0.3753577768802643 1.8600000143051147 -3.0257516118843286 3.5610350500336097 0.1785245584389533 7249 36 True
pedestrian -6.603014592570332 8.122230075301758 -0.9880512280504306 0.3753577768802643 0.3753577768802643 1.8600000143051147 -1.9561785520071453 -1.0250558645910455 1.407184026269348 7245 14 True
pedestrian -16.777339932467612 -5.85233735412281 -1.7512174954223423 0.3753577768802643 0.3753577768802643 1.8600000143051147 -1.8436411825638874 0.009268277482939501 0.03139373321179115 7247 7 True
pedestrian -23.215029064120984 27.60887192521659 -1.2686429449549586 0.3753577768802643 0.3753577768802643 1.8600000143051147 1.7965880261153115 -1.7539292959860648 -0.4109598558029842 7253 0 True