0.3665785491466522 -8.238692283630371
car -27.079546913058756 -18.02902191420702 -0.9090726223719798 4.181210041046143 1.994117259979248 1.3805816173553467 -0.06447560816277398 0.0 0.0 20001 0 False
car -31.42575223817518 -92.18089176115024 -1.150224937986362 5.357479572296143 2.033203125 1.4147460460662842 -0.06447507553100586 0.0 0.0 20003 0 True
car -50.02510805626281 -23.77315519056441 -0.5399613694954652 4.4777727127075195 2.069315195083618 2.0377910137176514 1.5063197913111792 0.0 0.0 20011 0 False
car 6.539323001214566 53.22214032134883 -1.0432772001994337 3.633375883102417 1.845113754272461 1.5012825727462769 3.0782868475168015 -0.15670210516056374 -2.518838497813786 7259 0 False
car 41.62381873815707 -49.49506930329068 -1.42869228479287 4.552699089050293 2.097072124481201 1.7671663761138916 1.5067023219593527 0.37330432194208535 5.859878872487609 7256 0 False
car 14.83471812564043 -0.8825379525878247 -1.3039237036134352 4.673638820648193 1.8118125200271606 1.441947340965271 -0.0636789241956075 -0.5140900767885636 -8.158427408783997 7244 134 True
car -0.002593200345309299 1.2578897099047026e-05 -1.2215851152838013 4.673638820648193 1.8118125200271606 1.441947340965271 0.0 0.3665785624381881 -8.238692043538576 -100 1354 False
car 5.933287887447559 -4.320574877482841 -1.2674861847103287 4.673638820648193 1.8118125200271606 1.441947340965271 3.077685239934709 -0.3478976628909901 -5.486383313270495 7258 862 True
truck 46.85372546981857 -30.596344277391836 -0.38055610034893306 8.46804141998291 2.8910882472991943 3.8274123668670654 -1.6346254579336377 0.20671578206919153 3.240372089644906 7261 58 True
car 46.03320687234161 -43.2140376869516 -1.4958996469060777 4.611005783081055 2.241713285446167 1.6672759056091309 -1.6349234654079012 0.18306220242796511 2.864603723169238 7260 0 False
car 42.54629778029094 -35.08513788620661 -1.4731162607165231 4.855708599090576 2.0327565670013428 1.6493593454360962 1.5071437400170344 0.5299567671121043 8.38921742755071 7242 0 False
car 50.17368336240338 21.442548912520465 -1.3232560608791455 5.237514495849609 1.9297595024108887 1.638383150100708 -1.6383208571408592 -2.5108303653052397e-05 -0.0008922652385899745 7243 0 False
motorcycle 40.59334131987535 -65.48009975519102 -1.603306741043206 2.0333523750305176 0.8025798797607422 1.499274730682373 1.5065412617068368 0.3054131280724333 4.790200342439699 7257 0 False
pedestrian 28.45078651504407 -10.078854394060102 -1.0713907695270422 0.3753577768802643 0.3753577768802643 1.8600000143051147 3.0845995992325674 -0.06895585539940033 -1.3732468854366966 7251 3 True
pedestrian 55.13426048526238 19.300399578665974 -1.1185680370954865 0.9953577518463135 0.3753577768802643 1.8600000143051147 -1.6237512477556866 0.13739744467759243 3.3575749808488142 7249 0 False
pedestrian 27.777829356428487 1.7009144628803483 -1.020355317472177 0.3753577768802643 0.3753577768802643 1.8600000143051147 0.12263660039859346 0.614885050978781 -1.6422712684531506 7245 3 True
pedestrian 49.64935966005034 -14.37102070727559 -1.3020028755952167 0.9953577518463135 0.3753577768802643 1.8600000143051147 3.071553449862162 0.5698383950674623 -3.6493138482946716 7247 3 True
pedestrian 21.75590730076092 -9.779479206379733 -1.034545092530994 0.3753577768802643 0.3753577768802643 1.8600000143051147 3.101106789832221 -0.028343070491352845 -1.6649059476701376 7253 6 True