12.73227310180664 0.6515271067619324
car -59.34793944270797 72.97700611721613 -1.0864637990261592 4.181210041046143 1.994117259979248 1.3805816173553467 -1.6118877115191221 0.0 0.0 20001 0 False
car -65.6247639717705 95.78480138524502 -0.896506147422528 4.4777727127075195 2.069315195083618 2.0377910137176514 -0.04109231204516904 0.0 0.0 20011 0 False
car -70.46862588871812 2.7957417622668146 -0.7922442404931456 4.552699089050293 2.097072124481201 1.7671663761138916 -0.04134477950338522 -8.375858832944661e-10 -1.1791102785564566e-09 7256 5 True
car 11.627957173611662 19.147853597843444 -1.3487667487197683 4.673638820648193 1.8118125200271606 1.441947340965271 1.5002734511866171 -7.7544310884737 0.7592197576050798 7244 59 True
car -0.0026171577119384892 5.966689791137014e-07 -1.2215853201431286 4.673638820648193 1.8118125200271606 1.441947340965271 0.0 12.732273487482894 0.6515271905476863 -100 1392 False
car 12.738118719215663 42.76483528880711 -1.3615900597190418 4.855708599090576 2.0327565670013428 1.6493593454360962 1.5305391861465374 0.011562771289170617 -0.000455832560560748 7242 0 True
car -22.803788773444865 -3.141394657842781 -1.0234919588182456 5.237514495849609 1.9297595024108887 1.638383150100708 3.1007165996114017 -2.2960323086624818e-08 9.017098232709707e-08 7243 65 True
motorcycle -77.03042861707519 3.061947750159762 -0.8989265649336426 2.0333523750305176 0.8025798797607422 1.4992756843566895 -0.040572095337223155 5.001931641661746e-09 -1.8591224005798913e-08 7257 0 False
pedestrian -50.0434694745357 32.03847006840627 -0.8353149355307163 0.3753577768802643 0.3753577768802643 1.8600000143051147 1.5531452768070564 -1.6728152346039142 -0.008731889158488815 7251 0 False
pedestrian -51.010587162706884 -5.469843865515109 -0.668615559999413 0.9953577518463135 0.3753577768802643 1.8600000143051147 3.0582605213745033 3.4694148376771907 -0.5024695228121024 7249 0 True
pedestrian -44.51812056975615 9.82069882474664 -0.8635076777777355 0.3753577768802643 0.3753577768802643 1.8600000143051147 -2.868356598301874 1.459794629107419 0.9720663219249074 7245 2 True
pedestrian -51.81102175746685 0.7822334360168739 -1.560764140158558 0.3753577768802643 0.3753577768802643 1.8600000143051147 -2.088556791868938 -0.03498085310216011 -0.060510071737349486 7247 2 True
pedestrian -49.87526681227297 40.91763620169635 -0.8742666458385777 0.3753577768802643 0.3753577768802643 1.8600000143051147 1.5283599232672718 -1.8258614092180492 0.08146649493754236 7253 0 False