0.00021293916506692767 -7.9369096755981445
car -53.04812657949297 -19.805813221426718 -1.1249957770091719 4.181210041046143 1.994117259979248 1.3805816173553467 -0.00037537223858303496 0.0 0.0 20001 2 True
car -52.63534578531737 -94.08418479392927 -1.1547312508450096 5.357479572296143 2.033203125 1.4147460460662842 -0.00037483960681491426 0.0 0.0 20003 0 False
car -75.58101132093626 -27.00686956737053 -0.915261361717091 4.4777727127075195 2.069315195083618 2.0377910137176514 1.57042002723537 0.0 0.0 20011 0 False
car -43.34877116825331 53.436071008813656 -1.280528985199048 3.633375883102417 1.845113754272461 1.5012825727462769 -3.1406469754545423 0.024267461554647686 -10.565829010492283 7259 0 False
car 17.528172699826243 -28.060956889108127 -1.0063612225440388 4.552699089050293 2.097072124481201 1.7671663761138916 1.570167559809663 -4.207035040611966e-06 -0.000641249905269216 7256 27 True
car 14.488015831854614 2.698248410308281 -1.1844055173088837 4.673638820648193 1.8118125200271606 1.441947340965271 0.7738892582810719 7.669868317025798 0.5517996654485146 7244 171 True
car -0.0025930188666407616 -5.1322081674243236e-05 -1.2215852787381873 4.673638820648193 1.8118125200271606 1.441947340965271 0.0 0.00021293902203550213 -7.936909872294917 -100 1358 False
car -46.974406776393764 -4.01994515638637 -1.3349116875838778 4.673638820648193 1.8118125200271606 1.441947340965271 -3.1411649598490397 0.015661961589659296 -14.029606609766557 7258 9 True
truck 21.533159325396618 -43.59462819815951 0.017794511129521684 8.46804141998291 2.8910882472991943 3.8274123668670654 -1.5708661063410438 -0.0009590653799339075 6.8262489615309185 7261 65 True
car 21.52654854871598 -62.82147989302791 -1.0615422262427587 4.611005783081055 2.241713285446167 1.6672759056091309 -1.571029357977973 0.0016750491979930485 11.358995761073874 7260 2 True
car 17.528632253549766 7.385554398169404 -1.0882864098821567 4.855708599090576 2.0327565670013428 1.6493593454360962 1.5716174956719546 -0.03600434767055746 16.616356007426365 7242 149 True
car 21.51929211842842 20.185305287179972 -1.069585541056751 5.237514495849609 1.9297595024108887 1.638383150100708 -1.5709433379474216 -0.0006671284140018945 2.8604191795386007 7243 38 True
motorcycle 17.5309471019758 -42.54758319329284 -1.1374776731847147 2.0333523750305176 0.8025798797607422 1.4992752075195312 1.5708867680583947 -0.0007931517284183654 2.2346490481813084 7257 0 False
pedestrian -2.8517841758184446 -8.614918678199672 -0.8933497191179303 0.3753577768802643 0.3753577768802643 1.8600000143051147 -3.0390703688515557 0.2516187162896626 -1.5907558848633847 7251 24 True
pedestrian 26.568876192382312 12.956658735180952 -0.8196334220501567 0.9953577518463135 0.3753577768802643 1.8600000143051147 -1.5801067348861695 0.05601333709934446 3.136333220615911 7249 3 True
pedestrian 4.520940693962485 3.8681713719363415 -0.8651996759247833 0.3753577768802643 0.3753577768802643 1.8600000143051147 -0.1741205207892524 -0.582865562104184 -1.604460066980965 7245 99 True
pedestrian 19.171160338738854 -9.536280414376222 -1.7070226111428535 0.3753577768802643 0.3753577768802643 1.8600000143051147 2.665769535214742 -0.09736138916584665 -0.055603776784140725 7247 5 True
pedestrian -10.385504498945593 -8.795915895810367 -0.9115505972280378 0.3753577768802643 0.3753577768802643 1.8600000143051147 -3.124450442333645 0.06293492234314105 -1.7570406861986119 7253 13 True