8.914986610412598 -0.5965768694877625
car -38.09067646541297 67.49933409530666 -0.9787530764289283 4.181210041046143 1.994117259979248 1.3805816173553467 -1.492873477357732 0.0 0.0 20001 0 True
car -47.030600701165326 89.40010770813485 -0.7259212040297527 4.4777727127075195 2.069315195083618 2.0377910137176514 0.07792192211622115 0.0 0.0 20011 0 False
car 31.927011804700726 111.37496772615788 -1.6343246195284191 3.633375883102417 1.845113754272461 1.5012825727462769 1.6482946782819163 -17.786092531258273 -1.3734145561064048 7259 0 False
car -40.7998640342023 -3.5063224975062184 -0.8295231251913817 4.552699089050293 2.097072124481201 1.7671663761138916 0.07766945465800497 -1.4734204052597718e-10 7.851395711883381e-10 7256 19 True
car 19.959512118048963 1.2765260669842569 -1.3270542552692097 4.673638820648193 1.8118125200271606 1.441947340965271 0.07747770718897228 13.873683931856371 1.0702119122598792 7244 67 True
car -0.0025712695738207003 5.549344663791089e-07 -1.2215852530761453 4.673638820648193 1.8118125200271606 1.441947340965271 0.0 8.914987419650283 -0.5965767811098724 -100 1381 False
car -25.226729564256345 105.25206184982738 -1.3693248069159 4.673638820648193 1.8118125200271606 1.441947340965271 1.6491988207083015 -8.228702925635115 -0.6505511611375667 7258 0 False
truck -82.6759113510181 -10.804145847990583 0.4183531852019806 8.46804141998291 2.8910882472991943 3.8274123668670654 -3.0636193420771227 9.120467473250176 0.7129436206109722 7261 0 True
car -118.96107813634478 -13.637215315185031 -0.4660461148245645 4.611005783081055 2.241713285446167 1.6672759056091309 -3.0634166756893526 13.60647083855132 1.0681216787345564 7260 0 True
car 39.76412502000403 15.14602524124465 -1.3880237718064983 4.855708599090576 2.0327565670013428 1.6493593454360962 1.728292507747147 -14.763699254157247 -2.7450532899870566 7242 0 True
car 7.232223834321701 -3.7417655005944646 -1.1504637037983048 5.237514495849609 1.9297595024108887 1.638383150100708 -3.0634491662272083 -5.064028487594663e-08 -2.040979042154574e-07 7243 850 True
motorcycle -47.34921219213214 -4.021016280882495 -0.92576059306024 2.0333523750305176 0.8025798797607422 1.499274730682373 0.0784497702111548 -0.002666451145794845 -0.00020978205764046837 7257 0 False
pedestrian -23.532274511953176 23.38852753718151 -0.8277081415305192 0.3753577768802643 0.3753577768802643 1.8600000143051147 1.670431387196779 -1.5349183967940654 -0.18325824988444453 7251 0 True
pedestrian -10.87377739624037 -9.41337747052421 -0.8051081187338212 0.9953577518463135 0.3753577768802643 1.8600000143051147 3.112614590465466 3.553794059440317 -0.4852773470537964 7249 19 True
pedestrian -11.329149816608208 8.427395412405843 -0.8412469460782712 0.3753577768802643 0.3753577768802643 1.8600000143051147 -2.7428375986723106 1.2835458164443454 1.195059413460723 7245 3 True
pedestrian -22.124595333350044 -3.497778594027068 -1.6314559556542394 0.3753577768802643 0.3753577768802643 1.8600000143051147 -1.969538296653403 0.005649491785556167 0.017086618838073456 7247 8 True
pedestrian -24.432135592162638 31.714238494987406 -0.8449398662692191 0.3753577768802643 0.3753577768802643 1.8600000143051147 1.6560023925983904 -1.7978979937829385 -0.1888277691872167 7253 2 True