-0.004555182531476021 -9.254874229431152
car -43.55959446622843 -19.803949786600583 -0.9971526098865348 4.181210041046143 1.994117259979248 1.3805816173553467 -0.000305996950785319 0.0 0.0 20001 1 True
car -43.141719441241236 -94.08229355700976 -1.0196413797577022 5.357479572296143 2.033203125 1.4147460460662842 -0.0003054643190171983 0.0 0.0 20003 0 False
car -66.09141955390346 -27.006543779147762 -0.7333826049327237 4.4777727127075195 2.069315195083618 2.0377910137176514 1.5704894025231677 0.0 0.0 20011 0 False
car -23.918294361655065 53.4485380513255 -1.183100852646692 3.633375883102417 1.845113754272461 1.5012825727462769 -3.1408774718521966 0.013301774143223807 -7.588915172590934 7259 0 False
car 27.018179283356453 -31.18779662972929 -1.0445561552845115 4.552699089050293 2.097072124481201 1.7671663761138916 1.571090364861277 -0.005889812179109935 7.010810968500932 7256 0 True
car 15.947528803445005 0.00726817704281757 -1.2206471105519592 4.673638820648193 1.8118125200271606 1.441947340965271 0.006335921197679307 0.1600950428050391 -8.593785522989995 7244 95 True
car -0.0025938888216643363 -7.065838929065649e-06 -1.221585329347306 4.673638820648193 1.8118125200271606 1.441947340965271 0.0 -0.004555182445247715 -9.254873993999569 -100 1366 False
car -24.453437081567444 -4.011599759447961 -1.2224408967484706 4.673638820648193 1.8118125200271606 1.441947340965271 -3.1410380603302848 0.013265604488946554 -9.44800546521569 7258 40 True
truck 31.02563120930848 -36.716437094937305 -0.028433773520859074 8.46804141998291 2.8910882472991943 3.8274123668670654 -1.5705093762143454 -0.005453921838142418 5.5215362043430405 7261 63 True
car 31.020025297177636 -51.78212338386902 -1.105704315239709 4.611005783081055 2.241713285446167 1.6672759056091309 -1.5708393415946962 -0.0006950551156002859 8.561312507738704 7260 2 True
car 27.06442861572569 -7.872658534022435 -1.1346897930119966 4.855708599090576 2.0327565670013428 1.6493593454360962 1.5698411895962194 0.05508681282231823 11.074905943360411 7242 66 True
car 31.00518678794667 24.172533912203335 -1.1223114002830754 5.237514495849609 1.9297595024108887 1.638383150100708 -1.57412301644516 0.0057029066696250635 1.719961480739261 7243 0 False
motorcycle 27.02121879475651 -48.458006122588586 -1.1749000758855472 2.0333523750305176 0.8025798797607422 1.4992749691009521 1.570767203149564 -0.002633573510486311 6.248657688946171 7257 0 False
pedestrian 8.333658974575737 -8.552358520311884 -0.8852607817479285 0.3753577768802643 0.3753577768802643 1.8600000143051147 -3.1368185514632327 0.06887890264556665 -1.5004695920474949 7251 12 True
pedestrian 36.09892052130847 16.423774770177488 -0.8836706071363896 0.9953577518463135 0.3753577768802643 1.8600000143051147 -1.579217639307234 0.03183263568451336 3.145937038149138 7249 5 True
pedestrian 12.653554225174435 4.027141903992344 -0.8760741571751471 0.3753577768802643 0.3753577768802643 1.8600000143051147 0.3439485621592204 0.806439161228335 -0.9748830030043256 7245 19 True
pedestrian 28.26864648651813 -10.321536338694955 -1.0234514153522616 0.3753577768802643 0.3753577768802643 1.8600000143051147 2.2155080716124638 -0.013743291439885591 0.679467632871204 7247 2 True
pedestrian 1.0636816532722122 -8.689037867990521 -0.8856296327924569 0.3753577768802643 0.3753577768802643 1.8600000143051147 -3.040501017780728 0.3714917605885275 -1.8740794340487952 7253 47 True