0.44282156229019165 -7.435824394226074
car -26.709852754427267 -17.411620659622145 -0.9238049289676589 4.181210041046143 1.994117259979248 1.3805816173553467 -0.08820901396052043 0.0 0.0 20001 0 False
car -32.81453908479107 -91.43948052536834 -1.161592094289091 5.357479572296143 2.033203125 1.4147460460662842 -0.0882084813287523 0.0 0.0 20003 0 False
car -49.78543749502124 -22.60955001249232 -0.5645515956480054 4.4777727127075195 2.069315195083618 2.0377910137176514 1.4825863855134327 0.0 0.0 20011 0 False
car 8.834697251588983 53.00044746572769 -1.0493303455081175 3.633375883102417 1.845113754272461 1.5012825727462769 3.0545599664582146 -0.20243751766736717 -2.3521071141610186 7259 0 False
car 41.17824233932736 -51.06053744803194 -1.4117303527800382 4.552699089050293 2.097072124481201 1.7671663761138916 1.482947045619813 0.4852483031385011 5.538350640767569 7256 0 False
car 14.822246557955406 -1.1964750868596639 -1.297172797060723 4.673638820648193 1.8118125200271606 1.441947340965271 -0.08749901581361558 -0.6345948394049761 -7.293552987320238 7244 112 True
car -0.002594779510406653 -1.6170651065294805e-05 -1.221585278945419 4.673638820648193 1.8118125200271606 1.441947340965271 0.0 0.4428216299053634 -7.435824605139092 -100 1351 False
car 7.1657624555407935 -4.538503486991772 -1.2711119808823277 4.673638820648193 1.8118125200271606 1.441947340965271 3.0539550299275717 -0.46922908812126074 -5.37557713819768 7258 587 True
truck 46.93252669134148 -31.407104768731017 -0.36063680359850947 8.46804141998291 2.8910882472991943 3.8274123668670654 -1.6583258405617607 0.28152142905463434 3.2345844644824195 7261 56 True
car 45.80903249883549 -44.050414602797275 -1.4752898156284493 4.611005783081055 2.241713285446167 1.6672759056091309 -1.6586467512020533 0.22686115771034623 2.5846052939709443 7260 0 False
car 42.42081502861339 -36.92497730639883 -1.457494093377093 4.855708599090576 2.0327565670013428 1.6493593454360962 1.483513079355492 0.6736950102727368 7.754670586304816 7242 0 False
car 51.45855358886638 20.21523382709978 -1.3062594670295378 5.237514495849609 1.9297595024108887 1.638383150100708 -1.6620542629386053 -8.989882060824914e-05 -0.0016520304733743765 7243 0 False
motorcycle 39.780532582138534 -66.88310850445868 -1.5855412811751504 2.0333523750305176 0.8025798797607422 1.499274730682373 1.4826863497990088 0.3191050067963857 3.620518823910309 7257 0 False
pedestrian 29.130736776945717 -10.792665115197735 -1.0625392764829416 0.3753577768802643 0.3753577768802643 1.8600000143051147 3.060826512368096 -0.10150289162285017 -1.3702709295139532 7251 2 True
pedestrian 56.39246965707143 18.28933125080664 -1.0982149060181827 0.9953577518463135 0.3753577768802643 1.8600000143051147 -1.6468830459713406 0.20563448946818 3.1998629529514835 7249 0 False
pedestrian 28.425490410727754 0.9976942784326752 -1.0111465611836215 0.3753577768802643 0.3753577768802643 1.8600000143051147 0.13478033839586046 0.5901891433178795 -1.3988419860902823 7245 2 True
pedestrian 50.450236546666524 -15.621618926625331 -1.1805930574926373 0.9953577518463135 0.3753577768802643 1.8600000143051147 -3.1386056642032196 1.6773575536822332 -2.88833075662024 7247 3 True
pedestrian 22.4739269809718 -10.334116388666189 -1.0288508112219183 0.3753577768802643 0.3753577768802643 1.8600000143051147 3.0772759124209084 -0.0679601967837294 -1.66302740548537 7253 2 True