0.5045843720436096 -6.356499671936035
car -26.460146006852447 -16.737422431067102 -0.96674549246476 4.181210041046143 1.994117259979248 1.3805816173553467 -0.11448706803046331 0.0 0.0 20001 0 False
car -34.507804156625596 -90.57938487444778 -1.1830695784585394 5.357479572296143 2.033203125 1.4147460460662842 -0.1144865353986952 0.0 0.0 20003 0 False
car -49.664975616570004 -21.32695234755664 -0.6471467412209009 4.4777727127075195 2.069315195083618 2.0377910137176514 1.4563083314434897 0.0 0.0 20011 0 False
car 11.150172196840078 52.69039371941494 -1.0594180548135945 3.633375883102417 1.845113754272461 1.5012825727462769 3.028287371863895 -0.24609187232794624 -2.185552308334271 7259 0 False
car 40.45772697071419 -52.710709629453504 -1.3176005586159412 4.552699089050293 2.097072124481201 1.7671663761138916 1.4566110616033083 0.609828993557059 5.338629771277468 7256 0 False
car 14.805785417782777 -1.5419062628324696 -1.2696662079549697 4.673638820648193 1.8118125200271606 1.441947340965271 -0.11389970834816826 -0.6961488982839035 -6.119944036509281 7244 127 True
car -0.0025958361234934557 -3.580028032956761e-05 -1.2215854245407272 4.673638820648193 1.8118125200271606 1.441947340965271 0.0 0.5045843331436982 -6.35649897452188 -100 1348 False
car 8.278750612361069 -4.820417349371269 -1.2598319969883214 4.673638820648193 1.8118125200271606 1.441947340965271 3.027673513751136 -0.611361674928829 -5.369814056749123 7258 426 True
truck 46.82517468551511 -32.336729238419196 -0.26324968948239036 8.46804141998291 2.8910882472991943 3.8274123668670654 -1.6845993672616746 0.3769805088262482 3.307587000403184 7261 54 True
car 45.362745591924536 -45.02646794476408 -1.374049771724891 4.611005783081055 2.241713285446167 1.6672759056091309 -1.6849157505319383 0.26449079137149706 2.3134334680822954 7260 0 False
car 42.049707781639746 -38.80426158301799 -1.3675947682387206 4.855708599090576 2.0327565670013428 1.6493593454360962 1.4572174408950518 0.8009687799665764 7.058506377105842 7242 0 False
car 52.67063022212115 18.821394174991724 -1.2237133149921384 5.237514495849609 1.9297595024108887 1.638383150100708 -1.6883331159562005 -0.00023312997388218016 -0.002895268174325771 7243 0 False
motorcycle 38.67345326145813 -68.24193024334176 -1.4872838097603696 2.0333523750305176 0.8025798797607422 1.4992748498916626 1.4564070013808794 0.25041465357840487 2.182529899757957 7257 0 False
pedestrian 29.671973693159504 -11.602991119305159 -1.0073449621971218 0.3753577768802643 0.3753577768802643 1.8600000143051147 3.0345098424949644 -0.13742349065777507 -1.3661798822586633 7251 3 True
pedestrian 57.58593649081309 17.10146954526249 -1.0049470162162306 0.9953577518463135 0.3753577768802643 1.8600000143051147 -1.676359287492964 0.2927483628460248 3.2120227873175455 7249 0 False
pedestrian 28.965334764121543 0.20122581254855731 -0.9615050549366018 0.3753577768802643 0.3753577768802643 1.8600000143051147 0.1401643134659661 0.5215233277629476 -1.146405494416524 7245 8 True
pedestrian 51.0806894065111 -17.012478923410356 -1.08524705284872 0.9953577518463135 0.3753577768802643 1.8600000143051147 -2.923000186048296 2.7691810884988572 -1.155424134750163 7247 1 True
pedestrian 23.058595056295456 -10.969981912432786 -0.986043728149367 0.3753577768802643 0.3753577768802643 1.8600000143051147 3.0509005198953414 -0.11172869011420154 -1.659928919047024 7253 3 True