0.02825380116701126 -7.8078293800354
car -31.13932035175128 -19.59371244318868 -1.0610407931709087 4.181210041046143 1.994117259979248 1.3805816173553467 -0.007329013129340278 0.0 0.0 20001 0 False
car -31.243077373780594 -93.8731067100442 -1.15433275290434 5.357479572296143 2.033203125 1.4147460460662842 -0.007328480497572156 0.0 0.0 20003 0 True
car -53.7215386695988 -26.638104546191585 -0.8373392221140037 4.4777727127075195 2.069315195083618 2.0377910137176514 1.5634663863446128 0.0 0.0 20011 0 False
car -3.4707686656661494 53.471750292752745 -1.1358949623640608 3.633375883102417 1.845113754272461 1.5012825727462769 3.135454614663018 -0.017686054154889705 -3.57663108467834 7259 0 False
car 39.28336023695115 -42.267939179297116 -1.0240548810026566 4.552699089050293 2.097072124481201 1.7671663761138916 1.5639805317851114 0.05537693671290457 8.797068205668374 7256 0 False
car 15.714697155047315 -0.12154205942522367 -1.1972710608572452 4.673638820648193 1.8118125200271606 1.441947340965271 -0.006627537090725369 -0.06916781992152965 -11.554071192895835 7244 120 True
car -0.0025967101070420995 -4.670471736289983e-05 -1.2215852579875843 4.673638820648193 1.8118125200271606 1.441947340965271 0.0 0.028253798414757808 -7.807829751696127 -100 1359 False
car -2.959737683055671 -3.9961219699976027 -1.2297162692146504 4.673638820648193 1.8118125200271606 1.441947340965271 3.131309807401445 -0.06235115520327234 -6.379408355699347 7258 2145 True
truck 43.3711515633273 -30.027843491198382 0.007030705055020903 8.46804141998291 2.8910882472991943 3.8274123668670654 -1.5775164134398565 0.024895811634224815 4.077968701776185 7261 58 True
car 43.278658613476786 -42.84209440387821 -1.082482968574959 4.611005783081055 2.241713285446167 1.6672759056091309 -1.5777097587716844 0.029215438842924865 4.705702450197361 7260 0 False
car 39.39070347259466 -26.499125879455164 -1.0951366927218162 4.855708599090576 2.0327565670013428 1.6493593454360962 1.5639748807649094 0.07538692856197234 11.973574325537404 7242 3 True
car 43.735342270435154 24.22455188130823 -1.033990282384901 5.237514495849609 1.9297595024108887 1.638383150100708 -1.5811742621074252 5.347005467920045e-08 -3.160041271729767e-05 7243 0 False
motorcycle 39.16727704300973 -58.728433688449115 -1.1687095266296006 2.0333523750305176 0.8025798797607422 1.499274730682373 1.5636659119473202 0.0627377816864391 9.15344546151282 7257 0 False
pedestrian 23.004127592763243 -8.49592304087139 -0.858485075643947 0.3753577768802643 0.3753577768802643 1.8600000143051147 -3.119124657284207 0.06335113994651252 -1.428331330349125 7251 2 True
pedestrian 48.7986787789155 20.401635916163286 -0.7915747326549978 0.9953577518463135 0.3753577768802643 1.8600000143051147 -1.581689849658966 0.02989631924784379 3.2537722990103144 7249 0 False
pedestrian 23.471122458138073 3.2993895130264264 -0.8375610139808685 0.3753577768802643 0.3753577768802643 1.8600000143051147 0.0922012222205268 0.2317399616006472 -1.4201690696650762 7245 4 True
pedestrian 43.04657924068094 -11.397656518482393 -0.9336521916131844 0.9953577518463135 0.3753577768802643 1.8600000143051147 3.0644534683931135 -0.534776452534304 -3.6546005322826876 7247 1 True
pedestrian 16.08110668673647 -8.637700521126817 -0.8691983774870216 0.3753577768802643 0.3753577768802643 1.8600000143051147 -3.058706637930976 0.29339272259122545 -1.8048060510600004 7253 15 True