0.20911873877048492 -8.631277084350586
car -60.92006367130935 -18.830077661497285 -0.8077347612747268 4.181210041046143 1.994117259979248 1.3805816173553467 -0.016756329109191895 0.0 0.0 20001 5 True
car -61.72416613958492 -93.10521096280812 -0.7359417033642579 5.357479572296143 2.033203125 1.4147460460662842 -0.016755796477423774 0.0 0.0 20003 0 False
car -83.56651156165822 -25.660644130415164 -0.47335682563762305 4.4777727127075195 2.069315195083618 2.0377910137176514 1.5540390703647613 0.0 0.0 20011 0 False
car -62.01271428060036 54.428613637872616 -1.0823732143016294 3.633375883102417 1.845113754272461 1.5012825727462769 3.1257902775463524 -0.19535894882721633 -13.207995919438444 7259 0 False
car 9.511244954217274 -28.23985678679105 -1.036033007504523 4.552699089050293 2.097072124481201 1.7671663761138916 1.5537866029065448 -3.0273450127367153e-08 -1.3824284022750567e-07 7256 33 True
car 9.564783166856285 9.353276464249348 -1.259942022904676 4.673638820648193 1.8118125200271606 1.441947340965271 1.4062506158355608 1.097002707918129 3.73009643886797 7244 225 True
car -0.0025944398955859427 -9.237170672804496e-06 -1.2215851695715596 4.673638820648193 1.8118125200271606 1.441947340965271 0.0 0.20911871368989324 -8.631276369045287 -100 1357 False
car -70.04994890061856 -2.8953837528277973 -1.029450220108565 4.673638820648193 1.8118125200271606 1.441947340965271 3.125314371061537 -0.25029328017327546 -15.849644114377485 7258 2 True
truck 13.146423585817734 -51.145819119153884 -0.0013485733436182645 8.46804141998291 2.8910882472991943 3.8274123668670654 -1.5871599779175651 0.12302469728003276 7.690513589177665 7261 45 False
car 12.731944041827084 -75.57483270450814 -1.0467376343413202 4.611005783081055 2.241713285446167 1.6672759056091309 -1.587317104289161 0.2202296265023095 13.522587695105397 7260 0 True
car 10.364078602638177 24.291978388383086 -1.1895630311529928 4.855708599090576 2.0327565670013428 1.6493593454360962 1.5546541146753885 0.2690973286315521 17.32256855752941 7242 69 True
car 14.285457331996904 19.555757668480737 -1.1867503007276081 5.237514495849609 1.9297595024108887 1.638383150100708 -1.587332017978668 -1.7223744829452642e-06 -0.00011208861603628955 7243 78 True
motorcycle 9.318429857622137 -40.09065434740813 -1.1501194383957138 2.0333523750305176 0.8025798797607422 1.499274730682373 1.554663300622833 0.048384612476497744 3.1218897470463696 7257 6 True
pedestrian -12.099063623057301 -8.49644863647785 -0.8427749833258087 0.3753577768802643 0.3753577768802643 1.8600000143051147 3.1408521718432105 0.023877288304912203 -1.5213057696180836 7251 6 True
pedestrian 19.065541731532406 9.186412852833087 -0.9481786764735511 0.9953577518463135 0.3753577768802643 1.8600000143051147 -1.6108439821188183 0.2628902993784729 3.5563843582542756 7249 7 True
pedestrian -1.538280656672117 3.9720475540739244 -0.8777128076479466 0.3753577768802643 0.3753577768802643 1.8600000143051147 -0.013130571505652533 0.03244438629304316 -1.3372346113527995 7245 127 True
pedestrian 11.399144895488412 -9.716714175532502 -1.771502774097751 0.3753577768802643 0.3753577768802643 1.8600000143051147 -0.49344511683442854 -0.05032873178586938 0.026022561700305008 7247 9 True
pedestrian -19.868248782057975 -8.581332753895367 -0.8217434617766575 0.3753577768802643 0.3753577768802643 1.8600000143051147 -3.100170423183865 0.17885805785060677 -1.7875342404534045 7253 8 True