16.63096809387207 2.757107734680176
car -50.618119440894816 79.70451145660411 -4.649529282683972 4.181210041046143 1.994117259979248 1.3805816173553467 -1.7385196951624022 0.0 0.0 20001 0 False
car -53.965490010379085 103.1111992760749 -5.392606299320917 4.4777727127075195 2.069315195083618 2.0377910137176514 -0.16772429568844918 0.0 0.0 20011 0 False
car 24.600570567917316 85.36322987901178 -5.04151496648295 3.633375883102417 1.845113754272461 1.5012825727462769 1.4029627132204374 -15.420356191871965 2.6068589111048737 7259 0 False
car -70.51316781942961 11.54943941002034 -1.7791876731645289 4.552699089050293 2.097072124481201 1.7671663761138916 -0.16797676314666538 -5.659615966561797e-09 -6.937482733049123e-09 7256 6 True
car -25.747691420303397 4.082307512751612 -1.6121291822759574 4.673638820648193 1.8118125200271606 1.441947340965271 -0.18933422554298904 9.74173821114988 -2.061618808354927 7244 23 True
car -38.41712240056222 8.317394477481457 -1.8005480413718402 4.673638820648193 1.8118125200271606 1.441947340965271 -0.7269341893015437 3.211461254033063 -9.3120727649845 7255 14 True
car -30.942324856755477 101.40432915442085 -5.799576431407999 4.673638820648193 1.8118125200271606 1.441947340965271 1.4034953449885579 -11.785966998262863 1.983362716752941 7258 0 False
truck -102.48113789845053 12.928807694468418 -0.8373943509586539 8.46804141998291 2.8910882472991943 3.8274123668670654 2.973956784343772 8.335804259588867 -1.4102581843329483 7261 0 True
car -0.0035806336378527703 -3.3278694502314465e-06 -1.3288558483366657 4.855708599090576 2.0327565670013428 1.6493593454360962 0.0 16.630968348645045 2.7571077201587957 -100 1979 False
car -23.979024676984125 -0.3503348313750223 -1.3224395290164992 5.237514495849609 1.9297595024108887 1.638383150100708 2.9740846159681213 -4.1450753280687354e-07 -5.6114660297177063e-08 7243 57 True
motorcycle -79.1201874287205 12.995297127333671 -1.9750073965963786 2.0333523750305176 0.8025798797607422 1.499274730682373 -0.1671686402100784 3.702373924725218 -0.6230480711137304 7257 0 False
pedestrian -47.49440121052885 31.597177672770044 -2.469872170457066 0.3753577768802643 0.3753577768802643 1.8600000143051147 1.4263368588905865 -1.521843443573471 0.18644540845348787 7251 0 False
pedestrian -38.77197258177773 -2.5605295530936587 -0.9959638495687528 0.9953577518463135 0.3753577768802643 1.8600000143051147 2.871471774260256 3.341361198940288 -1.3019820278157128 7249 6 True
pedestrian -37.33625298241918 16.870691917055524 -1.8224487930890945 0.3753577768802643 0.3753577768802643 1.8600000143051147 -2.1478263031662306 -0.5044301367166515 0.5971901636852254 7245 0 False
pedestrian -52.440613008538264 6.926563920932296 -2.2792499876169643 0.3753577768802643 0.3753577768802643 1.8600000143051147 -2.2151833160365952 0.025030983749143528 0.03145004431261654 7247 0 True
pedestrian -46.40751344630132 39.58046963538675 -2.8126117221078175 0.3753577768802643 0.3753577768802643 1.8600000143051147 1.4059924558754495 -1.7554814461165416 0.2568363281862419 7253 0 False