7.242410659790039 11.63517951965332
car 34.103356982144845 88.04853742554735 -23.035761773474206 4.181210041046143 1.994117259979248 1.3805816173553467 -2.7683072758433025 0.0 0.0 20001 0 False
car 52.45043831123675 102.62335534060472 -26.28989412116175 4.4777727127075195 2.069315195083618 2.0377910137176514 -1.1975118763693493 0.0 0.0 20011 0 False
car 88.35110249576832 32.40460228863043 -8.995084158315052 3.633375883102417 1.845113754272461 1.5012825727462769 0.3726479602470398 -6.172602360992556 15.332872254588795 7259 0 False
car -34.61469748984965 70.39837283482854 -19.103034942552526 4.552699089050293 2.097072124481201 1.7671663761138916 -1.1977643438275656 1.560365915485339e-08 -7.903327512563769e-08 7256 0 True
car -14.880849511992011 21.62548001889502 -6.98171416736686 4.673638820648193 1.8118125200271606 1.441947340965271 -1.199365435052573 5.097336371892037 -12.75843394543104 7244 31 True
car -20.34478940499659 36.7562517072526 -10.794551413297143 4.673638820648193 1.8118125200271606 1.441947340965271 -1.3561745577212438 0.46776128706854037 -5.893616693818076 7255 13 True
car 69.79620420533166 85.17816813005567 -22.332189393536225 4.673638820648193 1.8118125200271606 1.441947340965271 0.3739635607142978 -3.6572979265899126 9.018942420106924 7258 0 False
truck -52.152026484510756 103.35834074124406 -26.395737521490986 8.46804141998291 2.8910882472991943 3.8274123668670654 1.944150561550988 3.2380878345788373 -8.01396523586955 7261 0 False
car -0.0035996286865156435 4.51753346624173e-05 -1.3288555550996222 4.855708599090576 2.0327565670013428 1.6493593454360962 0.0 7.242410585268451 11.635179522528592 -100 1966 False
car -20.857177986764242 25.749566769431965 -7.947118712787429 5.237514495849609 1.9297595024108887 1.638383150100708 1.944297035287221 -2.5706740901218667e-08 -3.9739552279281956e-07 7243 29 True
motorcycle -37.16467113047402 76.67276720999206 -20.821797755328475 2.0333523750305176 0.8025798797607422 1.4992748498916626 -1.1969568067729197 0.5553094996178726 -1.3659572622496996 7257 0 False
pedestrian -4.573083284212032 61.76136294619005 -16.595957796393805 0.3753577768802643 0.3753577768802643 1.8600000143051147 0.39626485284550983 -0.6247329211805616 1.3653082083726906 7251 0 False
pedestrian -31.083680177902934 39.31918137603844 -11.153338201297288 0.9953577518463135 0.3753577768802643 1.8600000143051147 1.8401813730456031 0.6271204039999212 -3.4254223260869794 7249 0 True
pedestrian -14.046453908311463 45.844388199789705 -12.669502920713285 0.3753577768802643 0.3753577768802643 1.8600000143051147 2.68458382031801 1.5730113165234807 0.7544015584806649 7245 0 False
pedestrian -29.197511969816247 52.90363558703319 -15.429066250405839 0.3753577768802643 0.3753577768802643 1.8600000143051147 3.0382091032825045 0.029705097045518367 -0.017942235653570452 7247 0 False
pedestrian 3.0061692545780545 64.91720621534 -17.337435012346873 0.3753577768802643 0.3753577768802643 1.8600000143051147 0.3830424023598565 -0.6898557430662651 1.6154363907526599 7253 0 False