17.834402084350586 0.01598365046083927
car -32.35029780306172 70.5882906981555 -0.9805818307934775 4.181210041046143 1.994117259979248 1.3805816173553467 -1.5716437413103883 0.0 0.0 20001 0 True
car -39.53885106815005 93.12397281362138 -0.6678046484298221 4.4777727127075195 2.069315195083618 2.0377910137176514 -0.000848341836435184 0.0 0.0 20011 0 False
car 40.882415130294646 64.17198161104707 -1.6293730801756219 3.633375883102417 1.845113754272461 1.5012825727462769 1.5711465443790715 -11.486713706949002 -0.018421691245073302 7259 0 False
car -40.63844640428954 0.01582242690591773 -0.9868409526220872 4.552699089050293 2.097072124481201 1.7671663761138916 -0.001100809294651366 -3.863954535710489e-05 4.166975211660611e-07 7256 11 True
car -7.687231868589663 1.7346843102461986 -1.3686389833880028 4.673638820648193 1.8118125200271606 1.441947340965271 -0.4721888075306718 5.782789306287675 -7.187807115815246 7244 596 True
car -12.5741077370281 15.298943990972894 -1.3381740641123492 4.673638820648193 1.8118125200271606 1.441947340965271 -1.5717812934645052 -7.523654528183254 0.011191803750075101 7255 84 True
car -16.56823551851471 68.88197771712872 -1.306484112441746 4.673638820648193 1.8118125200271606 1.441947340965271 1.57049513572666 -15.092734590923863 -0.004489996180382682 7258 0 True
truck -58.27402763044063 -3.983538932259245 0.13946687813005365 8.46804141998291 2.8910882472991943 3.8274123668670654 3.140725945526278 7.179577078893188 -0.005495787700778067 7261 42 True
car -78.92615503276903 -3.96333477219102 -0.8075174280114694 4.611005783081055 2.241713285446167 1.6672759056091309 3.140835667670511 12.06578863976228 -0.008092633532564949 7260 0 False
car -0.003566540609824642 2.556957934274351e-08 -1.3288563765112675 4.855708599090576 2.0327565670013428 1.6493593454360962 0.0 17.834401822085532 0.015983650600933083 -100 1921 False
car 7.222021325306457 -3.9976795910040015 -1.3674709780220309 5.237514495849609 1.9297595024108887 1.638383150100708 3.1409613687677873 -0.005546258290233277 -1.1620939613355875e-05 7243 868 True
motorcycle -54.52308210125369 0.02011162369572239 -1.028094276312117 2.0333523750305176 0.8025798797607422 1.499274730682373 -0.00029975179128928313 2.938757727041906 0.000784673621856423 7257 0 False
pedestrian -21.224593349947384 20.87450079344149 -0.9471004601714341 0.3753577768802643 0.3753577768802643 1.8600000143051147 1.6292135271078179 -1.6738715532601067 -0.28258988468217644 7251 0 True
pedestrian -0.6282005039778937 -9.034196921458665 -1.0798642155435587 0.9953577518463135 0.3753577768802643 1.8600000143051147 3.1282517095168925 3.3414568203059916 -0.0720265398322173 7249 48 True
pedestrian -8.65794692542562 12.616833764016889 -1.0182018929683108 0.3753577768802643 0.3753577768802643 1.8600000143051147 -1.4878831347192696 -0.5943132741114886 -0.06428525242676987 7245 11 True
pedestrian -22.111835827529546 -1.6182670534169241 -1.811071222126301 0.3753577768802643 0.3753577768802643 1.8600000143051147 1.0932831038682158 0.026990587881745094 0.05220978029534859 7247 4 True
pedestrian -21.376473999915618 28.450641670371613 -0.9452700473818907 0.3753577768802643 0.3753577768802643 1.8600000143051147 1.6128514786649772 -1.7559662793023645 -0.10439190775485162 7253 4 True