-0.010830683633685112 7.661868572235107
car 28.90146985643736 73.23984756273984 -0.9413511845046696 4.181210041046143 1.994117259979248 1.3805816173553467 3.1405680127949185 0.0 0.0 20001 0 False
car 51.435153978415 80.42634145412666 -0.47500836110257705 4.4777727127075195 2.069315195083618 2.0377910137176514 -1.5718165877311285 0.0 0.0 20011 0 False
car 105.90470932349405 -0.06727086229369661 -0.4303476064393985 3.633375883102417 1.845113754272461 1.5012825727462769 -0.0010181256247626409 0.017543842559173104 18.588021311909092 7259 0 True
car -41.66627113319095 81.53996968364783 -1.6251568299206411 4.552699089050293 2.097072124481201 1.7671663761138916 -1.5720690551893446 5.941545944384105e-10 1.9370940235946196e-10 7256 0 False
car -29.167974618230936 0.4454906890671282 -1.683790458966095 4.673638820648193 1.8118125200271606 1.441947340965271 -0.035713359526316324 0.797733966168094 10.873858029598964 7244 24 True
car -41.6891155150968 18.64157810415321 -1.7976033777165783 4.673638820648193 1.8118125200271606 1.441947340965271 -1.5725303143655556 -0.02144249879001195 -9.243909035478037 7255 0 False
car 79.46328700971102 57.58473111798037 -0.7129211382466929 4.673638820648193 1.8118125200271606 1.441947340965271 0.07580841429307725 -1.4763531487081831 7.338293407150382 7258 0 False
car -0.003599067241083276 3.717807089742564e-06 -1.328856123674131 4.855708599090576 2.0327565670013428 1.6493593454360962 0.0 -0.010830683675188987 7.661868324903154 -100 1890 False
car -45.6872578381334 33.67496051802948 -1.73552392393836 5.237514495849609 1.9297595024108887 1.638383150100708 1.569992323925442 -3.1584880518955285e-08 6.785103075642565e-08 7243 0 False
motorcycle -41.661501337642 88.10673552530727 -1.755781227167007 2.0333523750305176 0.8025798797607422 1.4992756843566895 -1.5712963710231826 5.677058575598339e-08 1.1986789089547844e-08 7257 0 False
pedestrian -12.807227812769483 62.27795349966664 -1.2051117558749411 0.3753577768802643 0.3753577768802643 1.8600000143051147 0.019987406572553847 -0.06910042888302119 1.6978347884711427 7251 0 False
pedestrian -49.30768226239025 59.27785400799007 -1.5310518639117778 0.9953577518463135 0.3753577768802643 1.8600000143051147 1.4975805024176703 -0.5197669119903984 -3.5488290105354396 7249 0 False
pedestrian -33.22964747605202 54.72389680120767 -1.491034452250823 0.3753577768802643 0.3753577768802643 1.8600000143051147 1.8840967291692097 1.029753993559524 -1.4196928916085252 7245 0 False
pedestrian -42.97491548926886 62.841895062355604 -2.342681538452623 0.3753577768802643 0.3753577768802643 1.8600000143051147 2.66390013086658 -0.04434086515604782 0.024851436737991586 7247 0 False
pedestrian -4.0315540274200075 62.49499374610224 -1.1264380591557428 0.3753577768802643 0.3753577768802643 1.8600000143051147 0.004712060094621446 -0.0328107379588533 1.8235960081804201 7253 0 False