16.476585388183594 0.011324871331453323
car -39.22056164210517 70.58183661949798 -1.4610379519496375 4.181210041046143 1.994117259979248 1.3805816173553467 -1.5714660023104292 0.0 0.0 20001 0 False
car -46.416576478579316 93.11626774924427 -1.244572442989761 4.4777727127075195 2.069315195083618 2.0377910137176514 -0.0006706028364763095 0.0 0.0 20011 0 False
car 34.01237807785452 68.98910822969883 -1.1462901672423436 3.633375883102417 1.845113754272461 1.5012825727462769 1.5711819375390004 -12.51347608043579 -0.018726801650589566 7259 0 False
car -47.495413553840706 0.007901290856673793 -1.5706115694373497 4.552699089050293 2.097072124481201 1.7671663761138916 -0.0009230702946924916 -1.2141371205570293e-06 7.802021282467344e-08 7256 12 True
car -11.36932097174116 0.7893046669812267 -1.4989455875934543 4.673638820648193 1.8118125200271606 1.441947340965271 -0.21314254172070263 6.56988293547864 -2.7995926107681632 7244 264 True
car -19.434727842451252 12.315139385256819 -1.5543693024357874 4.673638820648193 1.8118125200271606 1.441947340965271 -1.571235505912775 -7.182431642530497 0.0021936127625168753 7255 67 True
car -23.434187331014584 75.16704638236352 -1.579155414707253 4.673638820648193 1.8118125200271606 1.441947340965271 1.570611089441517 -16.087769698817056 -0.004405328305776385 7258 0 False
truck -68.07120719830118 -3.993356270673277 -0.6957336123672793 8.46804141998291 2.8910882472991943 3.8274123668670654 3.141097296173949 7.482702705803545 -0.00030835052367723345 7261 20 True
car -90.79514666352975 -3.9756630104659645 -1.928307452441289 4.611005783081055 2.241713285446167 1.6672759056091309 3.1411569509319786 12.928730004055089 -0.002744672624627438 7260 0 False
car -0.0036146568932053924 -1.4881383014753169e-08 -1.3288563622755798 4.855708599090576 2.0327565670013428 1.6493593454360962 0.0 16.476584512507923 0.011324871404629665 -100 1988 False
car 0.37019698392907685 -3.9971452697008805 -1.3215101421190374 5.237514495849609 1.9297595024108887 1.638383150100708 3.141137776188326 -0.0010656599995707556 -3.510284487550782e-07 7243 3716 True
motorcycle -60.115880727102365 0.009761280106542758 -1.7864776187377753 2.0333523750305176 0.8025798797607422 1.499274730682373 -4.598727861729761e-05 3.4254551861393217 0.0020268954718148215 7257 0 False
pedestrian -28.096979405172476 21.47707983301863 -1.2774022581713371 0.3753577768802643 0.3753577768802643 1.8600000143051147 1.5874358617329123 -1.5171514224800953 -0.05962903698322639 7251 0 True
pedestrian -8.853285549570273 -8.968121302394664 -1.146305432935387 0.9953577518463135 0.3753577768802643 1.8600000143051147 3.063534126520798 3.5591523127226483 -0.4413455219100738 7249 30 True
pedestrian -15.467548961524301 11.972225191697328 -1.1822818643819533 0.3753577768802643 0.3753577768802643 1.8600000143051147 -1.5005380929086418 -1.4915021215926472 -0.2310555450308033 7245 7 True
pedestrian -28.947945211504134 -1.6009486323241933 -2.1510775330842042 0.3753577768802643 0.3753577768802643 1.8600000143051147 1.0934637723428993 0.026360684737909923 0.053265721223060246 7247 4 True
pedestrian -28.282786288784337 29.162275729162765 -1.2783891488260468 0.3753577768802643 0.3753577768802643 1.8600000143051147 1.6288301385400614 -1.7819739625240134 -0.20605183982609573 7253 0 True