-0.5976633429527283 16.26753807067871
car 57.97048641149398 71.13987990535514 -2.9347709915678095 4.181210041046143 1.994117259979248 1.3805816173553467 3.10195940013504 0.0 0.0 20001 0 False
car 80.76955917236937 77.4500440363617 -3.0538931443863078 4.4777727127075195 2.069315195083618 2.0377910137176514 -1.6104252003910067 0.0 0.0 20011 0 False
car 96.92757611817667 -3.689081913724408 -2.585447493681727 3.633375883102417 1.845113754272461 1.5012825727462769 -0.04001276315858629 0.7345170430297571 18.15900880708383 7259 0 True
car -12.22231183373354 82.16871910373283 -2.226688985181756 4.552699089050293 2.097072124481201 1.7671663761138916 -1.6106776678492225 -2.3617395286289042e-09 -2.9883309740217746e-09 7256 0 False
car -14.713991292260621 18.401691489055963 -1.4839889780843478 4.673638820648193 1.8118125200271606 1.441947340965271 -1.610504562508329 -0.5887442492310291 -14.77206211159744 7244 32 True
car -13.705084682955068 39.29804979222877 -1.7870213156480332 4.673638820648193 1.8118125200271606 1.441947340965271 -1.658065916258918 -1.3402821780256378 -10.356332752533772 7255 0 False
car 95.57692961503423 53.863571671506634 -3.409483279240959 4.673638820648193 1.8118125200271606 1.441947340965271 -0.03902912544080946 0.302588697906352 7.867617311976491 7258 0 False
car -0.0035972311680727564 -9.149889933723898e-06 -1.3288564010285455 4.855708599090576 2.0327565670013428 1.6493593454360962 0.0 -0.5976633195587524 16.26753636091293 -100 1890 False
car -18.089195139717276 34.499215278632505 -1.5652224989204644 5.237514495849609 1.9297595024108887 1.638383150100708 1.531383711265564 -2.110229625918557e-08 -2.1284022233776188e-08 7243 0 False
motorcycle -11.966936697325238 88.72848653554729 -2.4515849936863763 2.0333523750305176 0.8025798797607422 1.499274730682373 -1.6099045712055295 1.761206899537486e-05 0.0006198573017156064 7257 0 False
pedestrian 12.771359194567271 61.86028845520184 -2.109030325746202 0.3753577768802643 0.3753577768802643 1.8600000143051147 -0.01789203319676717 -0.00199163743137757 1.547888434814628 7251 0 False
pedestrian -21.490735845992397 53.858728132026044 -1.55163433801782 0.9953577518463135 0.3753577768802643 1.8600000143051147 1.4242413690016005 -0.8993012085319317 -3.471795831162253 7249 0 False
pedestrian -3.920997696783145 51.843517875035275 -1.7505086971212025 0.3753577768802643 0.3753577768802643 1.8600000143051147 1.846527281088935 0.9854743065534664 -1.4505728845180104 7245 0 False
pedestrian -14.399156089420028 63.6026441226677 -2.647416596275705 0.3753577768802643 0.3753577768802643 1.8600000143051147 2.625293915049659 0.011223617776473366 -0.006471306726561745 7247 0 False
pedestrian 21.196660640552697 61.773365051361395 -2.217280108034931 0.3753577768802643 0.3753577768802643 1.8600000143051147 -0.03228933620495266 0.02249121831257228 1.8093646752443333 7253 0 False