-0.024791106581687927 13.325733184814453
car 37.21523721834495 73.20606816273414 -0.7684135064692965 4.181210041046143 1.994117259979248 1.3805816173553467 3.1395738555997212 0.0 0.0 20001 0 False
car 59.75451367750874 80.37026703350261 -0.23423908454516207 4.4777727127075195 2.069315195083618 2.0377910137176514 -1.5728107449263258 0.0 0.0 20011 0 False
car 99.36178833737586 -0.14902385946942331 -0.18398984006801777 3.633375883102417 1.845113754272461 1.5012825727462769 -0.001987382284800212 0.037737808753111744 18.326950349148667 7259 0 True
car -33.341783044083975 81.57614953411218 -1.6707113996108696 4.552699089050293 2.097072124481201 1.7671663761138916 -1.5730632123845418 2.0128438342377304e-09 1.6159140945541854e-10 7256 0 False
car -29.39826936538096 2.6013925798770288 -1.7261030885988236 4.673638820648193 1.8118125200271606 1.441947340965271 -0.5728043873886532 13.31732387095906 3.3289324536897382 7244 42 True
car -33.39628666907137 26.754272468795932 -1.8323632575376096 4.673638820648193 1.8118125200271606 1.441947340965271 -1.576630247335646 -0.10468762896436362 -11.08516269601703 7255 0 False
car 83.10371965905028 57.3536169514735 -0.43805086559196527 4.673638820648193 1.8118125200271606 1.441947340965271 -0.0018670075052049425 0.00957012406119791 5.159006017782148 7258 0 False
car -0.003603551819729489 -2.686007405827695e-06 -1.328855988561687 4.855708599090576 2.0327565670013428 1.6493593454360962 0.0 -0.024791104699071247 13.325732328668256 -100 1930 False
car -37.40998670794382 33.715137999192564 -1.7840138951564761 5.237514495849609 1.9297595024108887 1.638383150100708 1.5689981667302448 -4.884025972219811e-08 8.311560403297026e-08 7243 0 False
motorcycle -33.33008460061318 88.14288105247084 -1.8026133048081423 2.0333523750305176 0.8025798797607422 1.4992752075195312 -1.57229052821838 7.977404689935206e-09 5.098127153687835e-07 7257 0 False
pedestrian -5.860580780153224 62.26030392234634 -1.1745240516361988 0.3753577768802643 0.3753577768802643 1.8600000143051147 0.024297063366360134 -0.09066969171220535 1.6088672097547303 7251 0 False
pedestrian -41.20865069337364 56.58966685435132 -1.597451532383399 0.3753577768802643 0.3753577768802643 1.8600000143051147 1.49136389073605 -0.07314373527346635 -0.44560095313944886 7249 0 False
pedestrian -24.501245671935543 53.41666965023728 -1.4998530893889104 0.3753577768802643 0.3753577768802643 1.8600000143051147 1.8831025719740124 1.0283088700082474 -1.4207132142771146 7245 0 False
pedestrian -34.727546198766 62.91064408000551 -2.389342547786182 0.3753577768802643 0.3753577768802643 1.8600000143051147 2.6629069057769774 -0.016650803347941855 0.011257964446937958 7247 0 False
pedestrian 2.8137572950892746 62.4780011315882 -1.0701464445756708 0.3753577768802643 0.3753577768802643 1.8600000143051147 0.01953174009492662 -0.04334610305498919 1.8191289119644218 7253 0 False