-0.01449140626937151 10.993574142456055
car 33.52120349178479 73.23627122502415 -0.8110379535375465 4.181210041046143 1.994117259979248 1.3805816173553467 3.1404401811705696 0.0 0.0 20001 0 False
car 56.054730454247945 80.4197721380973 -0.29376564574053354 4.4777727127075195 2.069315195083618 2.0377910137176514 -1.5719444193554775 0.0 0.0 20011 0 False
car 101.23790859333599 -0.07155021995737343 -0.251026453987091 3.633375883102417 1.845113754272461 1.5012825727462769 -0.0009649956058926053 0.015937442122088565 18.425955935953148 7259 0 True
car -37.04380928479945 81.54559591007722 -1.647567046415169 4.552699089050293 2.097072124481201 1.7671663761138916 -1.5721968868136933 4.6498739473149955e-09 2.046689990203654e-10 7256 0 False
car -29.746175168295068 0.7606369097488823 -1.7540754240487573 4.673638820648193 1.8118125200271606 1.441947340965271 -0.06723370861604479 3.479876066687459 10.592355059952963 7244 22 True
car -37.06341454844553 23.423785858866722 -1.8329316518420073 4.673638820648193 1.8118125200271606 1.441947340965271 -1.5738890579410127 -0.05208506005509411 -10.567329256255254 7255 0 False
car 80.95151838007415 57.428006925826935 -0.5104480801237976 4.673638820648193 1.8118125200271606 1.441947340965271 0.004225367816501194 -0.09577683653669784 5.39554030788834 7258 0 False
car -0.0035940565368193234 2.6597031592245912e-05 -1.3288560027403609 4.855708599090576 2.0327565670013428 1.6493593454360962 0.0 -0.014491405684832651 10.993574565152308 -100 1938 False
car -41.07066167649185 33.68112664126369 -1.7772623975201935 5.237514495849609 1.9297595024108887 1.638383150100708 1.5698644923010932 1.1663422540919674e-07 2.5718432280872712e-08 7243 0 False
motorcycle -37.0379141922966 88.11238983846596 -1.776737281852405 2.0333523750305176 0.8025798797607422 1.4992754459381104 -1.5714242026475314 3.817544561629267e-09 1.3675088156998395e-08 7257 0 False
pedestrian -9.03833300054215 62.26309275517758 -1.1780404634408885 0.3753577768802643 0.3753577768802643 1.8600000143051147 0.019566760633680555 -0.07056352777409113 1.689421302415305 7251 0 False
pedestrian -44.81969652565048 57.495801782713386 -1.576862914056802 0.9953577518463135 0.3753577768802643 1.8600000143051147 1.4971224390970865 -0.2993777492696754 -2.0178105477460275 7249 0 False
pedestrian -28.340808998123123 53.8942074340203 -1.4979917116743202 0.3753577768802643 0.3753577768802643 1.8600000143051147 1.883968897544861 1.0295497103425864 -1.419827034453806 7245 0 False
pedestrian -38.39188047966686 62.86778848529758 -2.372481411405482 0.3753577768802643 0.3753577768802643 1.8600000143051147 2.6637732313478257 -0.027891712571652814 0.014832448417080193 7247 0 False
pedestrian -0.3242615107440301 62.49319024493104 -1.0807827119531854 0.3753577768802643 0.3753577768802643 1.8600000143051147 0.010880601759168837 -0.08542200869079133 1.8195396035520164 7253 0 False