14.150322914123535 0.007600597571581602
car 1.1839319137127404 70.575215748814 -1.2031362531127288 4.181210041046143 1.994117259979248 1.3805816173553467 -1.5713363042967714 0.0 0.0 20001 0 True
car -73.09232855887188 70.17482302873961 -0.6332284044943888 5.357479572296143 2.033203125 1.4147460460662842 -1.5713357716650034 0.0 0.0 20003 0 False
car -6.011018223626365 93.10872364148256 -0.8809023961397004 4.4777727127075195 2.069315195083618 2.0377910137176514 -0.000540904822818295 0.0 0.0 20011 0 False
car 74.4308018570361 44.99521893318809 -1.973956016987263 3.633375883102417 1.845113754272461 1.5012825727462769 1.5713276145057018 -4.376681748160173 -0.007053922236509095 7259 0 False
car -17.98612617574628 0.00020672395067311555 -1.1007948178449491 4.552699089050293 2.097072124481201 1.7671663761138916 -2.6634936860141653e-05 6.576743229605106 0.0032878472216955512 7256 96 True
car 20.97149941170312 19.320074291077887 -1.5875991576099624 4.673638820648193 1.8118125200271606 1.441947340965271 -1.5708777083444192 -10.24672013508796 -0.0044429009015702825 7244 40 True
car 20.98965476157963 36.07691857489415 -1.5874407065826581 4.673638820648193 1.8118125200271606 1.441947340965271 -1.5701426765044129 -9.657082735716585 -0.006184935208890566 7255 23 True
car 16.970644691394853 44.517741415387505 -1.5558264205130703 4.673638820648193 1.8118125200271606 1.441947340965271 1.5696000233658025 -4.948134102136009 0.0049627055800002704 7258 5 True
truck -10.565528357106814 -4.0060602043569755 -0.145191591585065 8.46804141998291 2.8910882472991943 3.8274123668670654 -3.141570309886998 5.012649679972921 0.002940614994146092 7261 1912 True
car -23.60721121974285 -3.998870811669966 -1.11661871879235 4.611005783081055 2.241713285446167 1.6672759056091309 3.1411942373338673 5.132175430650414 0.001432025419747141 7260 32 True
car -0.003608878593922782 8.903831005824259e-09 -1.3288561260387475 4.855708599090576 2.0327565670013428 1.6493593454360962 0.0 14.150323837677087 0.007600598148354063 -100 1927 False
car 45.506977185623896 -4.00019228575106 -1.685458614796997 5.237514495849609 1.9297595024108887 1.638383150100708 3.1379984467251436 -3.383523608468741e-06 -2.498353267136689e-08 7243 16 True
motorcycle -34.66003551349911 0.003707989117691435 -1.0972507108836393 2.0333523750305176 0.8025798797607422 1.499274730682373 -0.000379192337082078 5.968773313859133 -0.001270183105598057 7257 0 True
pedestrian 12.582121934434213 17.105595439253786 -1.1846142949111633 0.3753577768802643 0.3753577768802643 1.8600000143051147 1.7061871818770704 -1.4843449518038774 -0.36621322710738885 7251 0 True
pedestrian 40.500322466890566 -9.090426574309618 -1.4071414114651395 0.9953577518463135 0.3753577768802643 1.8600000143051147 -3.1320623001942764 2.9629952557076624 0.034140505277083386 7249 4 False
pedestrian 24.53002340263862 15.681408029474145 -1.2709137424213188 0.3753577768802643 0.3753577768802643 1.8600000143051147 -1.3558163135406305 -1.0054834519349405 -0.3658946687406708 7245 2 True
pedestrian 9.987392484378915 -2.0797039904806653 -1.2669082035405692 0.9953577518463135 0.3753577768802643 1.8600000143051147 1.500182258184579 -3.657020232252274 0.5171275705999023 7247 33 True
pedestrian 12.39905890564603 24.140517746003063 -1.1831750081925017 0.3753577768802643 0.3753577768802643 1.8600000143051147 1.662677824318714 -1.73592110315887 -0.30980783280590607 7253 3 True