-0.004918182734400034 4.242225646972656
car 27.61889043437779 73.24352347301044 -0.7188547036431121 4.181210041046143 1.994117259979248 1.3805816173553467 3.1407132881096733 0.0 0.0 20001 0 False
car 50.14682268447096 80.43326388050696 -0.06310783896983185 4.4777727127075195 2.069315195083618 2.0377910137176514 -1.5716713124163735 0.0 0.0 20011 0 False
car 108.33541590525556 -0.055690937823953846 0.49898300667870377 3.633375883102417 1.845113754272461 1.5012825727462769 -0.0010735193286471897 0.022003386777857167 18.510237968587607 7259 0 True
car -42.94183800357747 81.53343898768037 -1.9942660982475289 4.552699089050293 2.097072124481201 1.7671663761138916 -1.5719237798745898 3.0179609077230604e-09 2.242666019024022e-11 7256 0 False
car -28.175945798377168 0.3434348216819103 -1.9135396418225472 4.673638820648193 1.8118125200271606 1.441947340965271 -0.04947762967809041 1.0694261857523994 11.374179401808918 7244 35 True
car -42.95653223368393 16.689068740132996 -2.169934684467096 4.673638820648193 1.8118125200271606 1.441947340965271 -1.571923779809571 -0.014149929501711131 -10.29695491332507 7255 0 False
car 79.72437981322442 57.938407153167134 -0.040253620819336255 4.673638820648193 1.8118125200271606 1.441947340965271 0.22231504053794013 -3.988831254848807 7.306167349446616 7258 0 False
car -0.0035922832116028758 -1.928020736841063e-05 -1.3288560185307459 4.855708599090576 2.0327565670013428 1.6493593454360962 0.0 -0.0049181827315068006 4.242225855598 -100 1915 False
car -46.954789159478 33.66785057630864 -2.14080398653391 5.237514495849609 1.9297595024108887 1.638383150100708 1.5701375992401971 1.886310191621882e-08 1.7835215943472022e-08 7243 0 False
motorcycle -42.93692842953244 88.1002125269369 -2.124511232721619 2.0333523750305176 0.8025798797607422 1.4992756843566895 -1.5711510957084274 4.467924485389214e-08 -5.375212390464063e-09 7257 0 False
pedestrian -13.746823692105334 62.28258746668922 -1.3272325926458324 0.3753577768802643 0.3753577768802643 1.8600000143051147 0.020632823117574056 -0.07002019208595174 1.6896374436147998 7251 0 False
pedestrian -50.52816868456562 59.98567829243444 -1.964496421084604 0.9953577518463135 0.3753577768802643 1.8600000143051147 1.4977279082594979 -0.51912585316469 -3.5489099753680873 7249 0 False
pedestrian -34.61086141318309 55.0522346797739 -1.792607966036548 0.3753577768802643 0.3753577768802643 1.8600000143051147 1.8842420044839645 1.0298463910807822 -1.4195439546293322 7245 0 False
pedestrian -44.22612449808398 62.82720210206759 -2.723467804111084 0.3753577768802643 0.3753577768802643 1.8600000143051147 2.664045006707509 -0.049454305351744283 0.028734496657576516 7247 0 False
pedestrian -4.944884989403334 62.492389623848624 -1.1744508030618093 0.3753577768802643 0.3753577768802643 1.8600000143051147 -0.002628937249501546 0.00011002106576205666 1.8249083391770582 7253 0 False