-0.02735397033393383 14.138895988464355
car 38.64621489027208 73.17396672349952 -0.794077592891508 4.181210041046143 1.994117259979248 1.3805816173553467 3.138729767405192 0.0 0.0 20001 0 False
car 61.19166838153794 80.31936918447735 -0.26892421755397855 4.4777727127075195 2.069315195083618 2.0377910137176514 -1.5736548331208549 0.0 0.0 20011 0 False
car 98.89699837097044 -0.22804387547512306 -0.21499321327551257 3.633375883102417 1.845113754272461 1.5012825727462769 -0.0028957857653299965 0.05467974982052079 18.366546601987025 7259 0 True
car -31.903944946276166 81.60321368814795 -1.6817235514090498 4.552699089050293 2.097072124481201 1.7671663761138916 -1.5739073005790711 4.159534391463607e-09 -2.3675200270231593e-10 7256 0 False
car -28.997138835855555 3.626476915058902 -1.7099170858923323 4.673638820648193 1.8118125200271606 1.441947340965271 -0.7646000936660766 13.95925056492617 -1.098962279685947 7244 36 True
car -31.99736280761724 27.87738905583177 -1.8199355249145306 4.673638820648193 1.8118125200271606 1.441947340965271 -1.5784154953442961 -0.12944896304234607 -10.709900541702469 7255 0 False
car 83.98332667092349 57.28418607435515 -0.4749146760185319 4.673638820648193 1.8118125200271606 1.441947340965271 -0.0020977702187432185 0.008072637403093821 5.770822805829612 7258 0 False
car -0.0035977616766444953 1.4760699684757128e-05 -1.3288563531578799 4.855708599090576 2.0327565670013428 1.6493593454360962 0.0 -0.027353970784756793 14.138894825626638 -100 1983 False
car -36.01257726152751 33.745608887579294 -1.772852177995052 5.237514495849609 1.9297595024108887 1.638383150100708 1.5681540785357158 -3.3171818807711573e-07 -4.448336762596566e-08 7243 0 False
motorcycle -31.88673767926939 88.1698741265019 -1.81652588621645 2.0333523750305176 0.8025798797607422 1.499274730682373 -1.5731346164129087 8.882177154312724e-08 4.2123652586180825e-07 7257 0 False
pedestrian -4.606966954501939 62.26145582771727 -1.186136371328713 0.3753577768802643 0.3753577768802643 1.8600000143051147 0.03240784677335951 -0.0901657171546375 1.5758829443875908 7251 0 False
pedestrian -39.83021226188502 56.13624963915231 -1.59550098431912 0.9953577518463135 0.3753577768802643 1.8600000143051147 1.4826789302830166 -0.597805279577173 -3.4537602897507527 7249 0 False
pedestrian -23.033400383553477 53.26939576037353 -1.499988777658949 0.3753577768802643 0.3753577768802643 1.8600000143051147 1.8822584837794831 1.0271124867078074 -1.4215750807611034 7245 0 False
pedestrian -33.31275027860398 62.94231331179566 -2.3917995291420393 0.3753577768802643 0.3753577768802643 1.8600000143051147 2.662063350214216 -0.013874351222777673 0.008395113473996477 7247 0 False
pedestrian 4.0536794631514255 62.46886354135353 -1.084271711249837 0.3753577768802643 0.3753577768802643 1.8600000143051147 -0.002109621275583903 -0.017255897173610948 1.8186432615945325 7253 0 False