16.751888275146484 0.009270240552723408
car -54.54777051992795 70.57640724670304 -1.3856136859467694 4.181210041046143 1.994117259979248 1.3805816173553467 -1.5713481107834122 0.0 0.0 20001 0 False
car -61.74568617946079 93.1099960042379 -1.145930646248014 4.4777727127075195 2.069315195083618 2.0377910137176514 -0.0005527113094591449 0.0 0.0 20011 0 False
car 18.67981552122427 81.15590248203512 -1.3135653447414644 3.633375883102417 1.845113754272461 1.5012825727462769 1.5713361811841915 -14.362473124110045 -0.02368580530040534 7259 0 False
car -62.81461214923314 0.0014943455570024522 -1.4655956315831145 4.552699089050293 2.097072124481201 1.7671663761138916 -0.0008051787676753269 -2.3043178375000563e-09 2.0877765942482366e-09 7256 7 True
car -21.97261537265149 0.2542023505792801 -1.497822143703917 4.673638820648193 1.8118125200271606 1.441947340965271 -0.08111542173202253 7.277736792797171 -1.0676266511977721 7244 48 True
car -33.72982972096173 5.200203371589476 -1.5394323616925136 4.673638820648193 1.8118125200271606 1.441947340965271 -1.1791421783268659 -5.087009378593294 -5.810301798580559 7255 31 True
car -38.76215453784749 88.8848278912667 -1.5565046084357401 4.673638820648193 1.8118125200271606 1.441947340965271 1.570693827271838 -13.702463527844237 -0.0055858889857343915 7258 0 False
truck -90.41696271528122 -4.000404741164892 -0.5467588175691955 8.46804141998291 2.8910882472991943 3.8274123668670654 3.141263390875981 8.118260945142204 -0.000656731170983333 7261 0 True
car -118.32328019822236 -3.9832581866050205 -1.7206740856311664 4.611005783081055 2.241713285446167 1.6672759056091309 3.1412657877189374 13.62474836575206 -0.0013339290660766363 7260 0 False
car -0.0035732281826881263 2.33922365033834e-07 -1.3288559813636436 4.855708599090576 2.0327565670013428 1.6493593454360962 0.0 16.751887427707487 0.009270239928064661 -100 1960 False
car -14.94775244393685 -3.9979007292796735 -1.375287702492642 5.237514495849609 1.9297595024108887 1.638383150100708 3.141256200347111 -7.367664153030489e-06 -3.969868552868571e-08 7243 166 True
motorcycle -73.01319434322005 0.0020452796456156275 -1.6311817478629866 2.0333523750305176 0.8025798797607422 1.4992746114730835 7.163143066316844e-05 2.7828662275123657 0.001930810593352043 7257 0 False
pedestrian -43.43872644754248 22.845042973054273 -1.2375068157240139 0.3753577768802643 0.3753577768802643 1.8600000143051147 1.5857935384242325 -1.5271900175731579 -0.04712889487628762 7251 0 False
pedestrian -27.381286188149602 -8.83364789550421 -1.180530061577227 0.9953577518463135 0.3753577768802643 1.8600000143051147 3.0494174340447904 3.543964164409319 -0.55132697664389 7249 3 False
pedestrian -30.79907459726394 11.297281882977291 -1.1840197310154643 0.3753577768802643 0.3753577768802643 1.8600000143051147 -1.5852796273103762 0.0 0.0 7245 0 False
pedestrian -44.24213051440984 -1.5534312185756909 -2.107474062741004 0.3753577768802643 0.3753577768802643 1.8600000143051147 -2.0480135958687935 0.02211758442897978 0.043621517856708036 7247 3 True
pedestrian -43.69635239219065 30.774726443802955 -1.23835277336357 0.3753577768802643 0.3753577768802643 1.8600000143051147 1.6263001843898088 -1.7904179681252121 -0.20198193740669088 7253 0 False