17.51372718811035 0.017411736771464348
car -30.573288213872615 70.59062816888182 -0.9751721734905052 4.181210041046143 1.994117259979248 1.3805816173553467 -1.5717152870466335 0.0 0.0 20001 0 True
car -37.76009337426888 93.12681036963474 -0.6582676540321026 4.4777727127075195 2.069315195083618 2.0377910137176514 -0.0009198875726805809 0.0 0.0 20011 0 False
car 42.65922003017721 63.033149040995895 -1.6563860010626899 3.633375883102417 1.845113754272461 1.5012825727462769 1.5711130818142467 -11.199516577060734 -0.017998391548657993 7259 0 False
car -38.86651507213452 0.01875244213016991 -0.9809900236765401 4.552699089050293 2.097072124481201 1.7671663761138916 -0.001172355030896763 -0.00011735254958949282 9.67995626640552e-07 7256 13 True
car -6.736438057400562 2.1304514359259845 -1.3714134518570655 4.673638820648193 1.8118125200271606 1.441947340965271 -0.575261183928373 4.1839386897956246 -7.746929416166342 7244 764 True
car -10.80013402448941 16.039436267559857 -1.3438187721474524 4.673638820648193 1.8118125200271606 1.441947340965271 -1.5717672186440255 -7.303142255644078 0.01033830489675441 7255 101 True
car -14.792068611777722 67.38970934968344 -1.3082544051375868 4.673638820648193 1.8118125200271606 1.441947340965271 1.5704856415914008 -14.740607788796153 -0.0029308719172720264 7258 1 True
truck -55.79011398896836 -3.979826198468483 0.14806164123404852 8.46804141998291 2.8910882472991943 3.8274123668670654 3.140707929282729 7.064850766530985 -0.0029698532259636867 7261 29 True
car -75.95599813713221 -3.958664319020318 -0.7932558544092945 4.611005783081055 2.241713285446167 1.6672759056091309 3.140780633519077 11.834374696390467 -0.008534128477153345 7260 0 False
car -0.0035706062478197964 -9.767428332807526e-08 -1.328856466509504 4.855708599090576 2.0327565670013428 1.6493593454360962 0.0 17.513726821145514 0.017411737495064535 -100 1939 False
car 8.993648131542841 -3.998156232450288 -1.3825817104858564 5.237514495849609 1.9297595024108887 1.638383150100708 3.140894883033339 0.20740165195325239 -6.791060350392624e-05 7243 556 True
motorcycle -52.99436601169782 0.024134820162398984 -1.016021368470521 2.0333523750305176 0.8025798797607422 1.499274730682373 -0.0003674163766393645 1.6439038264369081 -0.0002457286518077618 7257 0 False
pedestrian -19.447509995867676 20.724560096716647 -0.9487835431921265 0.3753577768802643 0.3753577768802643 1.8600000143051147 1.6810228455874232 -1.6531762417801554 -0.3598283329837891 7251 3 True
pedestrian 1.476218566735099 -9.0389534332542 -1.0940481721896824 0.9953577518463135 0.3753577768802643 1.8600000143051147 3.132125633603001 3.3534411842022975 -0.056859899168474025 7249 57 False
pedestrian -6.900144290595392 12.751870484125837 -1.0255509781311654 0.3753577768802643 0.3753577768802643 1.8600000143051147 -1.521419401814768 -0.40553285702496555 0.0018610602887169916 7245 25 True
pedestrian -20.34310282126347 -1.621988889247088 -1.8133095293253145 0.3753577768802643 0.3753577768802643 1.8600000143051147 1.0932122239216806 0.025865609190235332 0.051982051039275244 7247 5 True
pedestrian -19.59185438533217 28.273374970118436 -0.946603570713989 0.3753577768802643 0.3753577768802643 1.8600000143051147 1.586940501119836 -1.7578685146485142 -0.0596408322722658 7253 4 True