17.324710845947266 0.010705391876399517
car -44.2701985300335 70.57946711583949 -1.0228638272855655 4.181210041046143 1.994117259979248 1.3805816173553467 -1.5714104437845804 0.0 0.0 20001 0 False
car -51.4647605674603 93.11350148646527 -0.7301664002738733 4.4777727127075195 2.069315195083618 2.0377910137176514 -0.0006150443106273827 0.0 0.0 20011 0 False
car 28.96037050565343 72.85391186907033 -1.4879183799238511 3.633375883102417 1.845113754272461 1.5012825727462769 1.5711361628709641 -13.209343669560806 -0.017847879558991454 7259 0 False
car -52.54180033401644 0.005066940676303755 -1.0430588117315498 4.552699089050293 2.097072124481201 1.7671663761138916 -0.0008675117688435646 -1.392409062795066e-07 2.7481575895989534e-08 7256 13 True
car -14.953386896374866 0.5578354164138566 -1.3630756581944423 4.673638820648193 1.8118125200271606 1.441947340965271 -0.14840349883982787 3.7472238380015095 -1.0367346600323766 7244 141 True
car -24.459844044439592 9.973037757466036 -1.325767857000356 4.673638820648193 1.8118125200271606 1.441947340965271 -1.5546541146753885 -8.626746308941836 -0.34843184172194686 7255 51 True
car -28.48564250294055 79.96478799843024 -1.3092280812517494 4.673638820648193 1.8118125200271606 1.441947340965271 1.5706602563861485 -15.851516754160377 -0.005556941497632086 7258 0 False
truck -75.38338870949394 -3.9966675245135215 0.05976187553829582 8.46804141998291 2.8910882472991943 3.8274123668670654 3.141365907407046 7.6914412686397124 0.0011115464915038605 7261 0 True
car -99.81846575853967 -3.979393093103549 -0.9241578042221068 4.611005783081055 2.241713285446167 1.6672759056091309 3.1412087810354503 13.524214646996276 -0.002025579553452979 7260 0 False
car -0.0035939442687435985 1.7042220257224017e-07 -1.3288562441056344 4.855708599090576 2.0327565670013428 1.6493593454360962 0.0 17.324710873215828 0.010705391989354463 -100 1940 False
car -4.675843115302996 -3.9973067451503552 -1.3036723902473137 5.237514495849609 1.9297595024108887 1.638383150100708 3.141193867345943 -0.00011210497514369143 -9.108666250145557e-08 7243 1773 True
motorcycle -64.39441645704187 0.006237327037721396 -1.127306793208392 2.0333523750305176 0.8025798797607422 1.499274730682373 9.185947444289923e-06 3.1222101023836526 0.0019743153306436283 7257 0 False
pedestrian -33.149558041976036 21.931729433154768 -0.9568103142209861 0.3753577768802643 0.3753577768802643 1.8600000143051147 1.5861980571678223 -1.5207122175856707 -0.048428652644082394 7251 0 False
pedestrian -14.966002008296073 -8.943518507036682 -1.0260653346452313 0.9953577518463135 0.3753577768802643 1.8600000143051147 3.1176819032057925 3.5601419197783373 -0.20545576148704398 7249 15 True
pedestrian -20.512253929990095 11.57355485876614 -0.9960795540027414 0.3753577768802643 0.3753577768802643 1.8600000143051147 -1.567784686181041 -1.3365279325750545 -0.054023695032395735 7245 1 True
pedestrian -33.992492928637034 -1.5854993051612354 -1.8210158667709935 0.3753577768802643 0.3753577768802643 1.8600000143051147 -2.048099231509817 0.025129783603791853 0.05066150093972793 7247 1 True
pedestrian -33.35985349465881 29.69856058567053 -0.9558595073961147 0.3753577768802643 0.3753577768802643 1.8600000143051147 1.6283554621407466 -1.784402319259696 -0.20768681150281543 7253 0 False