11.077547073364258 -0.04616967961192131
car -12.003041408495392 70.6026008252424 -2.5176075571219982 4.181210041046143 1.994117259979248 1.3805816173553467 -1.5701471865470047 0.0 0.0 20001 0 True
car -86.27300158106056 70.09611981789045 -3.596465151001521 5.357479572296143 2.033203125 1.4147460460662842 -1.5701466539152364 0.0 0.0 20003 0 False
car -19.230178060618186 93.12714873310924 -2.725638068373023 4.4777727127075195 2.069315195083618 2.0377910137176514 0.0006482129269483586 0.0 0.0 20011 0 False
car 61.263301310435224 51.04797501132955 -1.333635344284442 3.633375883102417 1.845113754272461 1.5012825727462769 1.5724613385515842 -7.588122687036354 -0.022317411121811744 7259 0 False
car -23.317671667516095 0.02000173887102985 -1.5732302942725669 4.552699089050293 2.097072124481201 1.7671663761138916 0.0012491752650578402 7.009885144448682 0.014447418116542805 7256 56 True
car 7.866132354472143 11.123368191316882 -1.483883279005525 4.673638820648193 1.8118125200271606 1.441947340965271 -1.56350526839854 -8.592668899546085 -0.1703771123670357 7244 208 True
car 7.843647730383566 27.071324151274464 -1.7458839273250284 4.673638820648193 1.8118125200271606 1.441947340965271 -1.5698411895962194 -9.253923672565808 -0.00644662137143032 7255 34 True
car 3.8091440478096388 51.51410004641147 -2.2041987636527622 4.673638820648193 1.8118125200271606 1.441947340965271 1.5723007500734953 -9.447023763289687 -0.024488257276568323 7258 8 True
truck -28.856479353925636 -3.9768746192178033 -0.5709187459075622 8.46804141998291 2.8910882472991943 3.8274123668670654 -3.140350565810565 5.521014544669804 0.011956019796499621 7261 174 True
car -43.90517803995186 -4.006786603306082 -1.8636747896946044 4.611005783081055 2.241713285446167 1.6672759056091309 -3.1406805311909154 8.560807541081532 0.010439659612763174 7260 3 True
car -0.0036028486451868957 -4.0213921081999615e-09 -1.3288559708090197 4.855708599090576 2.0327565670013428 1.6493593454360962 0.0 11.077546715688989 -0.046169675118767 -100 2070 False
car 32.041867707993504 -3.901934380433329 -0.7933152251102973 5.237514495849609 1.9297595024108887 1.638383150100708 3.1392157939586207 1.7198747775051317 -0.0037548940445119613 7243 34 True
motorcycle -40.5842286749359 -0.005696974282416445 -1.9506973098721838 2.0333523750305176 0.8025798797607422 1.4992749691009521 0.000926013553344748 6.246901787445526 0.011325601897277054 7257 0 True
pedestrian -0.7046849483005531 18.7315224336091 -1.3956674708221115 0.3753577768802643 0.3753577768802643 1.8600000143051147 1.5765202589405474 -1.5002499970689491 -0.07065219068792322 7251 3 True
pedestrian 24.295349570261408 -9.000294036885736 -0.5823074812081934 0.9953577518463135 0.3753577768802643 1.8600000143051147 3.134121171096546 3.1456447152903184 -0.028090871831527763 7249 6 True
pedestrian 11.87750925257427 14.427310909350702 -1.135744200768876 0.3753577768802643 0.3753577768802643 1.8600000143051147 -1.225892627436999 -0.9740139012284925 -0.8074883298207323 7245 4 True
pedestrian -2.452672867425349 -1.2051488224246059 -1.2329947120539444 0.3753577768802643 0.3753577768802643 1.8600000143051147 0.6456668820162447 0.6826259956169329 0.010851977941830526 7247 244 False
pedestrian -0.8482837323053332 26.000354602473532 -1.5169360870671298 0.3753577768802643 0.3753577768802643 1.8600000143051147 1.6728377926230529 -1.873532913392385 -0.3736679984001427 7253 2 True