0.023008247837424278 17.02431869506836
car 44.606335103807794 73.34876297273598 -0.9203869565938678 4.181210041046143 1.994117259979248 1.3805816173553467 -3.1402373816248574 0.0 0.0 20001 0 False
car 67.1252285750204 80.58809551071863 -0.5716899830001765 4.4777727127075195 2.069315195083618 2.0377910137176514 -1.5694419821509045 0.0 0.0 20011 0 False
car 97.75230323115477 0.19247675905268125 -1.0721682484759256 3.633375883102417 1.845113754272461 1.5012825727462769 0.0011527483041551376 -0.016157311982433708 18.725959675338572 7259 0 True
car -25.9837001249054 81.48181193916764 -1.1774688519363403 4.552699089050293 2.097072124481201 1.7671663761138916 -1.5696944496091207 2.499026414257187e-13 -1.3351643961463887e-10 7256 0 False
car -25.23262247244734 8.664539501797378 -1.4836014636653325 4.673638820648193 1.8118125200271606 1.441947340965271 -1.3163122630371515 6.885531189935136 -12.923072706076232 7244 49 True
car -25.83214238773803 31.90254573917946 -1.4440970019537476 4.673638820648193 1.8118125200271606 1.441947340965271 -1.5781877947432763 -0.17521378198509685 -10.75292822553441 7255 0 False
car 87.29609191793298 57.644862720615606 -1.0414008242957227 4.673638820648193 1.8118125200271606 1.441947340965271 0.0021166786465115018 -0.021313591125087173 7.434209213325809 7258 0 False
car -0.0035970482687162075 -6.201343012435245e-06 -1.3288561528815115 4.855708599090576 2.0327565670013428 1.6493593454360962 0.0 0.023008248865140236 17.024318811661445 -100 1980 False
car -29.891607620503542 33.607638921323144 -1.3550183570274614 5.237514495849609 1.9297595024108887 1.638383150100708 1.572366929505666 -2.3096573674435678e-07 -1.0154564083323566e-07 7243 0 False
motorcycle -25.995282837681888 88.0488044652987 -1.2956909932860232 2.0333523750305176 0.8025798797607422 1.499274730682373 -1.5689217654429586 -1.4766030320210902e-08 7.378013023989134e-06 7257 0 False
pedestrian 0.7637068264784972 62.234571180150624 -0.968845759616066 0.3753577768802643 0.3753577768802643 1.8600000143051147 0.0131599994108412 -0.05976978851563329 1.57317542547374 7251 0 False
pedestrian -33.88558910646795 54.933183055035045 -1.0898921897045308 0.9953577518463135 0.3753577768802643 1.8600000143051147 1.4968264289919535 -0.5865666907525122 -3.440268254209114 7249 0 False
pedestrian -16.77502906545312 52.51856876777879 -1.145039627208767 0.3753577768802643 0.3753577768802643 1.8600000143051147 1.88647373159239 1.0332082510508351 -1.4172299758758466 7245 0 False
pedestrian -27.347758362614154 62.83114575029202 -1.922966473946289 0.3753577768802643 0.3753577768802643 1.8600000143051147 2.666276600657993 -0.002494610079766929 0.0030737087912966316 7247 0 False
pedestrian 9.330731854389946 62.4929263057179 -0.9414896624571467 0.3753577768802643 0.3753577768802643 1.8600000143051147 0.025454738514370388 -0.06650198406278227 1.8139313130618104 7253 0 False