-0.026951005682349205 14.958370208740234
car 40.16145425414929 73.13814390105154 -0.8487391922912835 4.181210041046143 1.994117259979248 1.3805816173553467 3.13785731656901 0.0 0.0 20001 0 False
car 62.71357998742225 80.26412266338303 -0.34661614992397105 4.4777727127075195 2.069315195083618 2.0377910137176514 -1.5745272839570363 0.0 0.0 20011 0 False
car 98.50894287013276 -0.30904103712680353 -0.3036110940541832 3.633375883102417 1.845113754272461 1.5012825727462769 -0.0038398755743238658 0.07419850763442147 18.442381137140256 7259 0 True
car -30.38205929422178 81.62854616352564 -1.6801943789524536 4.552699089050293 2.097072124481201 1.7671663761138916 -1.5747797514152526 2.1112898284824535e-09 -4.4486302762924406e-11 7256 0 False
car -28.378262247721292 4.79118545068701 -1.6925638599889758 4.673638820648193 1.8118125200271606 1.441947340965271 -0.9437161012295617 13.062959551954284 -5.330424676378687 7244 45 True
car -30.51361325115664 28.950858091215025 -1.7919355046696281 4.673638820648193 1.8118125200271606 1.441947340965271 -1.580240292822174 -0.15074148822671676 -10.25329891282138 7255 0 False
car 84.86253173028689 57.21085610299053 -0.5669743689934776 4.673638820648193 1.8118125200271606 1.441947340965271 -0.003047186345418294 0.015646862209568062 6.676010810683921 7258 0 False
car -0.003599575856206627 -1.1875387428972317e-05 -1.3288562859852462 4.855708599090576 2.0327565670013428 1.6493593454360962 0.0 -0.026951007628703994 14.958369544573236 -100 1933 False
car -34.532543240604085 33.774506495283106 -1.7431196992059024 5.237514495849609 1.9297595024108887 1.638383150100708 1.567281627699534 -4.501634687088e-10 4.1205601027084766e-08 7243 0 False
motorcycle -30.35923553759051 88.19511891303682 -1.818397509340608 2.0333523750305176 0.8025798797607422 1.4992748498916626 -1.5740070672490907 -9.33634096032634e-09 1.2968497321062417e-06 7257 0 False
pedestrian -3.2625868778830416 62.257432951648696 -1.199807728730681 0.3753577768802643 0.3753577768802643 1.8600000143051147 0.024929297275119357 -0.06430290907349095 1.5760818233689105 7251 0 False
pedestrian -38.3304768580539 56.16856169228436 -1.5740385253983011 0.9953577518463135 0.3753577768802643 1.8600000143051147 1.4818128710280525 -0.5858643715511347 -3.456143997062727 7249 0 False
pedestrian -21.48250571634592 53.120140279735324 -1.4906698489182464 0.3753577768802643 0.3753577768802643 1.8600000143051147 1.8813860329433016 1.0258820709469072 -1.4224646807707257 7245 0 False
pedestrian -31.8147858654074 62.97214694018561 -2.3795843250683566 0.3753577768802643 0.3753577768802643 1.8600000143051147 2.6611908993780347 -0.010403380861307753 0.008217098674810042 7247 0 False
pedestrian 5.377399252548145 62.46445641932792 -1.1057187459077475 0.3753577768802643 0.3753577768802643 1.8600000143051147 0.0035779539023505316 -0.04321877211312207 1.8173354317023356 7253 0 False