12.015703201293945 0.06464317440986633
car -14.066220473214457 70.65147259816517 -1.6037604014493745 4.181210041046143 1.994117259979248 1.3805816173553467 -1.5735250147905406 0.0 0.0 20001 0 True
car -88.34521678353332 70.41460641594372 -1.4541628880001092 5.357479572296143 2.033203125 1.4147460460662842 -1.5735244821587726 0.0 0.0 20003 0 False
car -21.21354857113903 93.20201714270024 -1.4669502244488655 4.4777727127075195 2.069315195083618 2.0377910137176514 -0.002729615316587688 0.0 0.0 20011 0 False
car 59.140383150274374 52.40793597925784 -1.8418336392582209 3.633375883102417 1.845113754272461 1.5012825727462769 1.569180582447788 -8.149142623725451 0.004164699597795237 7259 0 False
car -24.343011444652007 0.09999636281280644 -1.1791502274361871 4.552699089050293 2.097072124481201 1.7671663761138916 -0.002166894079899415 5.981908887851421 -0.009788214626750343 7256 57 True
car 5.6418749612913075 9.48700335859062 -1.4835719658516715 4.673638820648193 1.8118125200271606 1.441947340965271 -1.53990236811204 -7.580435596078963 -0.6386774719989757 7244 336 True
car 5.626706555320709 25.296401817244135 -1.5851201734225313 4.673638820648193 1.8118125200271606 1.441947340965271 -1.571270517674028 -8.308134756572535 0.00016205498273694658 7255 51 True
car 1.6830288558279562 53.499410078151115 -1.7562652017407778 4.673638820648193 1.8118125200271606 1.441947340965271 1.56903970134512 -10.444927390509886 0.008745866230839243 7258 9 True
truck -32.28984970473431 -3.8824846062597835 -0.11938218373332621 8.46804141998291 2.8910882472991943 3.8274123668670654 3.1390683773887362 5.8192377263877955 -0.012304054571831105 7261 110 True
car -48.000942056496 -3.8444940989996477 -1.1606379172211416 4.611005783081055 2.241713285446167 1.6672759056091309 3.139102199506012 9.09163327829145 -0.021840344391070462 7260 3 True
car -0.0036013498597640137 -6.185577805517539e-08 -1.3288561884379484 4.855708599090576 2.0327565670013428 1.6493593454360962 0.0 12.015703547468828 0.06464317332375914 -100 2006 False
car 29.276678702596087 -4.018346274348183 -1.3536553246403609 5.237514495849609 1.9297595024108887 1.638383150100708 3.136784984998803 2.7505171985114543 -0.014039970230561048 7243 39 True
motorcycle -41.585261075039966 0.13771090630496063 -1.268225107666439 2.0333523750305176 0.8025798797607422 1.499274730682373 -0.0024799247511233615 6.802096552757861 -0.015397785619006671 7257 0 True
pedestrian -2.939775881690423 19.033809224757537 -1.1892408254252231 0.3753577768802643 0.3753577768802643 1.8600000143051147 1.5704904571235385 -1.5048815299148874 -0.00889400975624875 7251 5 True
pedestrian 21.337782070639435 -9.082234746817551 -1.0645969123104473 0.9953577518463135 0.3753577768802643 1.8600000143051147 3.124269203711504 3.1520943116208793 -0.08636636177589632 7249 6 True
pedestrian 9.665018529183783 14.197522349059533 -1.1782273189277124 0.3753577768802643 0.3753577768802643 1.8600000143051147 -1.329087779553419 -0.8319604500605108 -0.5341758149128966 7245 8 True
pedestrian -4.6277141323494675 -1.2774499362294591 -1.225624332589512 0.3753577768802643 0.3753577768802643 1.8600000143051147 0.5239615109571822 0.7074897808733408 0.029846652438763725 7247 96 True
pedestrian -3.0986261350595328 26.37135009584299 -1.2358998671501036 0.3753577768802643 0.3753577768802643 1.8600000143051147 1.6792345562721829 -1.8522697669120693 -0.3925806448245739 7253 7 True