16.635746002197266 0.010965232737362385
car -40.876021065064776 70.58094209018718 -1.363295032591986 4.181210041046143 1.994117259979248 1.3805816173553467 -1.571444401530502 0.0 0.0 20001 0 False
car -48.07192203214845 93.11521863728673 -1.1278225168728113 4.4777727127075195 2.069315195083618 2.0377910137176514 -0.0006490020565490772 0.0 0.0 20011 0 False
car 32.35679290864351 70.25427724561766 -1.2437295679340874 3.633375883102417 1.845113754272461 1.5012825727462769 1.57117024883342 -12.750454329420423 -0.01850482086010695 7259 0 False
car -49.14960443726022 0.006827573048103774 -1.4502466921598702 4.552699089050293 2.097072124481201 1.7671663761138916 -0.0009014695147652592 -2.986234434766235e-07 1.4528977405955394e-08 7256 10 True
car -12.374556178563694 0.6765386866484464 -1.472625230796682 4.673638820648193 1.8118125200271606 1.441947340965271 -0.1795927698221451 5.410918270682304 -1.9481896959977194 7244 238 True
car -21.089441719730587 11.582473210212209 -1.508863820175875 4.673638820648193 1.8118125200271606 1.441947340965271 -1.5709242866089324 -7.482362054564871 -0.002572280344379095 7255 81 True
car -25.089870638633556 76.77426597562882 -1.523542901408391 4.673638820648193 1.8118125200271606 1.441947340965271 1.5706422775932702 -16.05212225671772 -0.005209267687274072 7258 0 False
truck -70.47472995165396 -3.9945999482427403 -0.5235800790150869 8.46804141998291 2.8910882472991943 3.8274123668670654 3.1412714959554426 7.544441600198373 0.0012360395848768474 7261 12 True
car -93.75552027279338 -3.977127634589856 -1.6978446709783936 4.611005783081055 2.241713285446167 1.6672759056091309 3.1411782853960215 13.131473545723614 -0.0024176118097859454 7260 0 False
car -0.0035938785691769226 -1.2260284965037727e-07 -1.3288563650298708 4.855708599090576 2.0327565670013428 1.6493593454360962 0.0 16.63574483790587 0.010965232820927847 -100 1946 False
car -1.2832913675659938 -3.99717951966108 -1.328723415787029 5.237514495849609 1.9297595024108887 1.638383150100708 3.1411596432841375 -0.0005620882587248169 -1.5306741756488975e-07 7243 3474 True
motorcycle -61.46649427145229 0.008413679015010667 -1.6318912534834298 2.0333523750305176 0.8025798797607422 1.4992749691009521 -2.4900665196693605e-05 2.2422553154836806 0.0013636499643142849 7257 0 False
pedestrian -29.75329701102703 21.628453481257033 -1.2089346967445387 0.3753577768802643 0.3753577768802643 1.8600000143051147 1.5867071175094996 -1.5184752754714375 -0.053074223391307136 7251 2 False
pedestrian -10.861381768329124 -8.959297922396148 -1.1303702839313443 0.9953577518463135 0.3753577768802643 1.8600000143051147 3.1039342753260684 3.5672473644598703 -0.37604338440725027 7249 27 True
pedestrian -17.11992172190537 11.825352967500997 -1.1474061211333444 0.3753577768802643 0.3753577768802643 1.8600000143051147 -1.53705556405356 -1.6111923642272419 -0.17554440971000126 7245 5 True
pedestrian -30.600781674796167 -1.59589104805765 -2.0801092232713208 0.3753577768802643 0.3753577768802643 1.8600000143051147 1.0934880362816672 0.026302552218014363 0.05181597260164606 7247 0 True
pedestrian -29.947311562452 29.34087783607282 -1.2095195719754233 0.3753577768802643 0.3753577768802643 1.8600000143051147 1.628812724042974 -1.7825989034726897 -0.2084031607200798 7253 0 False