11.97435188293457 0.006119449622929096
car 6.421586905916911 70.5753558003928 -1.248477267220125 4.181210041046143 1.994117259979248 1.3805816173553467 -1.5713038938942498 0.0 0.0 20001 0 False
car -67.85431555156458 70.17255359016704 -0.6353438892110117 5.357479572296143 2.033203125 1.4147460460662842 -1.5713033612624818 0.0 0.0 20003 0 False
car -0.7739046408892136 93.10862883207945 -0.9219658582656929 4.4777727127075195 2.069315195083618 2.0377910137176514 -0.0005084944202967005 0.0 0.0 20011 0 False
car 79.66966662576465 43.406011328709546 -2.0619562802059748 3.633375883102417 1.845113754272461 1.5012825727462769 1.5714797338981086 -3.5765380902073005 -0.0067074135696193185 7259 0 False
car -15.771386814213145 -0.00033482971121046035 -1.1076755811877579 4.552699089050293 2.097072124481201 1.7671663761138916 5.651020201957888e-06 8.796840225718354 0.004634242439918034 7256 135 True
car 26.210050052587576 23.855519305435227 -1.644209081294516 4.673638820648193 1.8118125200271606 1.441947340965271 -1.5706024178556348 -11.553850843048359 -0.009634260983278275 7244 20 True
car 26.22432222141407 39.57329529961301 -1.6447316161729546 4.673638820648193 1.8118125200271606 1.441947340965271 -1.5639748807649094 -7.8071028049672595 -0.08151441375919008 7255 11 True
car 22.20831470967852 42.503117139017405 -1.6101737138133316 4.673638820648193 1.8118125200271606 1.441947340965271 1.5673349266365355 -6.379454431010524 0.018841694392073106 7258 8 True
truck -3.4944901327004345 -4.006099901749842 -0.19950592740845519 8.46804141998291 2.8910882472991943 3.8274123668670654 -3.141491294204766 4.077851415612427 0.002923962486190981 7261 8384 True
car -16.31886395412721 -3.9993633461771276 -1.1669829710520343 4.611005783081055 2.241713285446167 1.6672759056091309 3.141495360463406 4.7054637762337705 0.0029037836827592537 7260 149 True
car -0.0035991894677636083 1.1331206595244225e-07 -1.3288560059955645 4.855708599090576 2.0327565670013428 1.6493593454360962 0.0 11.974352423513581 0.006119449846212834 -100 1929 False
car 50.7467602410685 -3.9986128949976485 -1.7568941210067681 5.237514495849609 1.9297595024108887 1.638383150100708 3.138030857127665 -3.156703094387418e-05 -2.7396622771697706e-07 7243 14 True
motorcycle -32.23292130853639 0.003680072448521976 -1.0956311490170219 2.0333523750305176 0.8025798797607422 1.499274730682373 -0.00030896881758918365 9.152449073099545 -0.0001683848154959211 7257 0 True
pedestrian 17.88908449444756 16.50862501885483 -1.2373837536059096 0.3753577768802643 0.3753577768802643 1.8600000143051147 1.6000804619508835 -1.4278137619476408 -0.07309116020423334 7251 1 True
pedestrian 46.96087830146763 -9.088272954798601 -1.4861774173118962 0.9953577518463135 0.3753577768802643 1.8600000143051147 3.137515269576124 3.253781614298588 -0.00770447737932525 7249 1 True
pedestrian 29.686967276643486 16.122071715422834 -1.329352932837664 0.3753577768802643 0.3753577768802643 1.8600000143051147 -1.4717736585443826 -1.4185033607657895 -0.2414205956003769 7245 0 True
pedestrian 15.123257834402978 -3.553017198574887 -1.3167677958384356 0.9953577518463135 0.3753577768802643 1.8600000143051147 1.5004785876282043 -3.6580298060055014 0.5098397569377081 7247 15 True
pedestrian 17.70009158847938 23.430526100304714 -1.2357606408633122 0.3753577768802643 0.3753577768802643 1.8600000143051147 1.6604984813041144 -1.8026967848181372 -0.3056952730761358 7253 4 True