3.9350669384002686 12.389726638793945
car 53.35158627014357 78.91416866797442 -14.450414722404346 4.181210041046143 1.994117259979248 1.3805816173553467 -3.023489025422838 0.0 0.0 20001 0 False
car 74.87064198572264 88.66675393013992 -15.653510291708344 4.4777727127075195 2.069315195083618 2.0377910137176514 -1.452693625948885 0.0 0.0 20011 0 False
car 94.7643926617001 11.1731178837735 -2.30923959009462 3.633375883102417 1.845113754272461 1.5012825727462769 0.11748005909347534 -2.021165999823136 16.945141592773385 7259 0 True
car -17.70099025530603 78.62898220962433 -15.235286503908966 4.552699089050293 2.097072124481201 1.7671663761138916 -1.452946093407101 -2.4608254321311954e-10 -1.5214678010566882e-08 7256 0 True
car -10.959361055948897 23.015920133481757 -5.593103336854341 4.673638820648193 1.8118125200271606 1.441947340965271 -1.4536236008861134 1.6183190768062576 -13.665975078187758 7244 34 True
car -12.635704410803214 40.79604399515057 -8.727471129984451 4.673638820648193 1.8118125200271606 1.441947340965271 -1.576175338193814 -0.7125720676620885 -6.484995831664598 7255 20 True
car 89.05329729842211 67.47604364465599 -12.281865756365285 4.673638820648193 1.8118125200271606 1.441947340965271 0.11870937321429782 -1.0872779708679985 8.928918739443569 7258 0 False
car -0.0035955350935381603 2.1227459114925296e-06 -1.328864763076112 4.855708599090576 2.0327565670013428 1.6493593454360962 0.0 3.9350671631865217 12.389726472148737 -100 1980 False
car -16.005245086077245 31.335697614944024 -7.006717716679461 5.237514495849609 1.9297595024108887 1.638383150100708 1.6891152857076857 1.6815931264340862e-07 -3.118760878192991e-07 7243 17 True
motorcycle -18.47823772432716 85.04325873807772 -16.500860101495782 2.0333523750305176 0.8025798797607422 1.4992746114730835 -1.4521384870427063 0.12621994569803285 -1.037360762703615 7257 0 False
pedestrian 9.403053865025953 62.71403129912585 -11.984709634242414 0.3753577768802643 0.3753577768802643 1.8600000143051147 0.13706213289048935 -0.2463003468075691 1.4994955006698893 7251 0 False
pedestrian -22.39064751628034 47.90186293669882 -9.738371264970162 0.9953577518463135 0.3753577768802643 1.8600000143051147 1.5824528446667987 -0.3312584109155092 -3.5183091005413285 7249 1 True
pedestrian -4.375286427336697 49.680435775430226 -9.84299501878246 0.3753577768802643 0.3753577768802643 1.8600000143051147 2.1049430376065574 1.6167795425411868 -0.6651482084720978 7245 0 False
pedestrian -16.951943207241463 60.13209135551875 -12.70308659936493 0.3753577768802643 0.3753577768802643 1.8600000143051147 2.783027220545027 0.02410562478653264 -0.019339639955069557 7247 0 False
pedestrian 17.606830395099877 63.94006993029353 -12.109109376339973 0.3753577768802643 0.3753577768802643 1.8600000143051147 0.14013182292811074 -0.25982903312501415 1.758898878894997 7253 0 False