12.513614654541016 0.019379623234272003
car -7.0743107017736975 69.59194769602682 10.275261764240717 4.181210041046143 1.994117259979248 1.3805816173553467 -1.5748257241947383 0.0 0.0 20001 0 False
car -81.26588946522992 68.87990125574636 13.817927092027741 5.357479572296143 2.033203125 1.4147460460662842 -1.5748251915629703 0.0 0.0 20003 0 False
car -14.171450696002864 91.7677589954155 14.457862663547893 4.4777727127075195 2.069315195083618 2.0377910137176514 -0.00403032472078552 0.0 0.0 20011 0 False
car 65.99967285772942 47.763604006314324 2.954887710553976 3.633375883102417 1.845113754272461 1.5012825727462769 1.5678403251348072 -6.3224561603510345 -0.039692959078880846 7259 0 True
car -21.914150085277527 -0.14673242351586246 -0.2400659234604845 4.552699089050293 2.097072124481201 1.7671663761138916 -0.003458232428908348 8.792587286502057 0.044940343843481084 7256 76 True
car 12.484957847983367 14.293253057861264 0.1929805227095578 4.673638820648193 1.8118125200271606 1.441947340965271 -1.574315196644995 -7.586820681788171 -0.03659316610770644 7244 113 True
car 12.551524182372077 30.455314267006862 2.785824463135313 4.673638820648193 1.8118125200271606 1.441947340965271 -1.5761190872856774 -9.011225949856836 -0.009555182253282474 7255 30 True
car 8.606245038165298 47.45346449780856 5.712220495283717 4.673638820648193 1.8118125200271606 1.441947340965271 1.567446577100224 -7.668974590867294 -0.04020820473511905 7258 11 True
truck -22.07439048757749 -4.263911444433944 0.13554291882741154 8.46804141998291 2.8910882472991943 3.8274123668670654 3.13817965865718 5.068413880640248 0.02490655213267908 7261 310 True
car -36.07079693577185 -4.145445795339395 -0.2445376740582219 4.611005783081055 2.241713285446167 1.6672759056091309 3.1379820522712074 7.465559667306396 0.03681236093397905 7260 12 True
car -0.0035906314321323407 5.8458677365536e-07 -1.3288570401001074 4.855708599090576 2.0327565670013428 1.6493593454360962 0.0 12.513615171258246 0.019379625777446126 -100 2519 False
car 36.91887942423949 -3.8297152421968637 -3.8308667007634654 5.237514495849609 1.9297595024108887 1.638383150100708 3.1345372563108866 0.14694324868375644 0.0002136274149079031 7243 21 True
motorcycle -38.99150754547412 -0.19786977499114933 0.46738833699992455 2.0333523750305176 0.8025798797607422 1.499274730682373 -0.003866740221637715 8.091359284434319 0.042725193736967974 7257 0 True
pedestrian 3.991545301831593 17.77207916025571 1.5137050111998533 0.3753577768802643 0.3753577768802643 1.8600000143051147 1.7000657620969348 -1.5488923415882616 -0.4483246299013047 7251 0 True
pedestrian 30.07438173791519 -8.927647407747667 -4.0684611137248865 0.9953577518463135 0.3753577768802643 1.8600000143051147 -3.1397190310460195 3.0229385772587247 0.023736562337621107 7249 6 True
pedestrian 16.346585891674295 14.660889510707886 0.4102718601292352 0.3753577768802643 0.3753577768802643 1.8600000143051147 -1.2202251924628151 -1.2669753442123675 -1.0444000692334798 7245 3 True
pedestrian 1.7813026677538346 -0.6513784813336763 -1.4404220107800434 0.3753577768802643 0.3753577768802643 1.8600000143051147 1.5019316711999045 -0.27259382630136 0.03502363162359451 7247 247 False
pedestrian 3.943163572111075 24.808521091304474 2.646320161453069 0.3753577768802643 0.3753577768802643 1.8600000143051147 1.5964567658247417 -1.7413907028461182 -0.111733194125492 7253 3 True