13.619027137756348 0.0072776805609464645
car 2.574894877054817 70.57522064795732 -1.2146533271705224 4.181210041046143 1.994117259979248 1.3805816173553467 -1.5713325646261895 0.0 0.0 20001 0 True
car -71.70130027417767 70.1745511099622 -0.6367936765587547 5.357479572296143 2.033203125 1.4147460460662842 -1.5713320319944213 0.0 0.0 20003 0 False
car -4.620104748528945 93.10870209949982 -0.8916845916628184 4.4777727127075195 2.069315195083618 2.0377910137176514 -0.0005371651522363864 0.0 0.0 20011 0 False
car 75.82197345647069 44.56725081655101 -1.9932523245970293 3.633375883102417 1.845113754272461 1.5012825727462769 1.5713424062854722 -4.168342640893155 -0.006827133530703142 7259 0 False
car -17.262043023240665 0.00014354823499629354 -1.104976753770572 4.552699089050293 2.097072124481201 1.7671663761138916 -2.152324533452176e-05 6.751708918468866 0.0034562489394122423 7256 112 True
car 22.362692240439287 20.380856086972717 -1.6010511231555045 4.673638820648193 1.8118125200271606 1.441947340965271 -1.5707972696992283 -10.941921399538744 -0.0061007838059487784 7244 22 True
car 22.380880160245965 37.03245283796319 -1.6010519948550197 4.673638820648193 1.8118125200271606 1.441947340965271 -1.5685389110023966 -9.292225259996677 -0.029236411723782028 7255 13 True
car 18.361410707250002 44.042466912038805 -1.569198491251674 4.673638820648193 1.8118125200271606 1.441947340965271 1.5691630102482645 -4.559479400008993 0.007374390494262027 7258 9 True
truck -8.682002421549498 -4.006069680042787 -0.15944802565165084 8.46804141998291 2.8910882472991943 3.8274123668670654 -3.1415553849492857 4.8027014870626505 0.002953031569703269 7261 3012 True
car -21.697364731397897 -3.998876766556584 -1.1301008714651775 4.611005783081055 2.241713285446167 1.6672759056091309 3.1412594959736673 5.152074427870118 0.0015974481104634325 7260 59 True
car -0.003585265761444134 1.375448392959555e-07 -1.328856099604748 4.855708599090576 2.0327565670013428 1.6493593454360962 0.0 13.619027150174288 0.007277680291152335 -100 1970 False
car 46.89816568397191 -4.000022273731058 -1.701603508209407 5.237514495849609 1.9297595024108887 1.638383150100708 3.1380021863957257 -6.727494646953908e-06 -2.7837395953781265e-07 7243 15 True
motorcycle -33.91589811508635 0.0038107655534573848 -1.09935083533207 2.0333523750305176 0.8025798797607422 1.4992749691009521 -0.0003751772155131524 6.825482217526706 -0.00150097744702329 7257 0 True
pedestrian 13.99554288155349 16.953068061190997 -1.1974476356229076 0.3753577768802643 0.3753577768802643 1.8600000143051147 1.6918958838389457 -1.488984647299423 -0.2913919510652874 7251 3 True
pedestrian 42.2073168484348 -9.086798376116487 -1.4253075869989003 0.9953577518463135 0.3753577768802643 1.8600000143051147 -3.137835218364847 2.970227618800136 0.0020584174061959943 7249 3 True
pedestrian 25.89127155811508 15.784963204748529 -1.2846015450453643 0.3753577768802643 0.3753577768802643 1.8600000143051147 -1.4062047322940021 -1.106055101986238 -0.30646664436408727 7245 1 True
pedestrian 11.352605812519641 -2.4480998737754582 -1.2790402927456586 0.9953577518463135 0.3753577768802643 1.8600000143051147 1.500195052595219 -3.6570262865115173 0.5170810012205371 7247 30 True
pedestrian 13.806552038746531 23.96561390440309 -1.1959517037395715 0.3753577768802643 0.3753577768802643 1.8600000143051147 1.6607857943686124 -1.779322826528353 -0.30411130011463205 7253 4 True