10.961251258850098 -0.24076059460639954
car -9.331765733799955 70.63546565869339 -0.3139669055430261 4.181210041046143 1.994117259979248 1.3805816173553467 -1.576940150079348 0.0 0.0 20001 3 True
car -83.61124582810197 70.6523214034404 -0.39022428190555125 5.357479572296143 2.033203125 1.4147460460662842 -1.57693961744758 0.0 0.0 20003 0 False
car -16.40286119430465 93.20360085236173 0.24183940434230422 4.4777727127075195 2.069315195083618 2.0377910137176514 -0.006144750605394941 0.0 0.0 20011 0 False
car 63.79753762129866 49.10844989438636 -0.7302750824404676 3.633375883102417 1.845113754272461 1.5012825727462769 1.5657233692492991 -6.991894716942168 0.02789361106738952 7259 0 True
car -22.63189313123445 0.14059012315885067 -1.2983395371979254 4.552699089050293 2.097072124481201 1.7671663761138916 -0.005486184908781821 8.163352373449719 -0.04020640467686017 7256 69 True
car 10.13443228025153 12.78084676873705 -1.2851468749743926 4.673638820648193 1.8118125200271606 1.441947340965271 -1.576124291368529 -8.643207155070797 0.037711147878659486 7244 138 True
car 10.230725782673005 28.872871281201277 -1.0740617213302386 4.673638820648193 1.8118125200271606 1.441947340965271 -1.5778452246113268 -9.479270103047373 0.07624367085664445 7255 37 True
car 6.339398642361175 49.64496925316593 -0.8041597877447124 4.673638820648193 1.8118125200271606 1.441947340965271 1.56557716182895 -8.493655929210652 0.037032808394365305 7258 7 True
truck -25.59718157869986 -3.861622850061947 -0.3374984009978661 8.46804141998291 2.8910882472991943 3.8274123668670654 3.1362700296874126 5.280080996431394 -0.026280291996347044 7261 213 True
car -40.075624467093746 -3.7579930562859176 -1.4244750204364487 4.611005783081055 2.241713285446167 1.6672759056091309 3.1357342021286834 8.021309520792794 -0.04561150927023312 7260 6 True
car -0.0035543015365533392 -1.485169649484419e-07 -1.3288561111281012 4.855708599090576 2.0327565670013428 1.6493593454360962 0.0 10.961250550551174 -0.2407605692124713 -100 2149 False
car 34.46472364968088 -4.178781923445751 -1.3924241327921352 5.237514495849609 1.9297595024108887 1.638383150100708 3.132578358902568 0.8070992986274685 -0.0065117139514308635 7243 23 True
motorcycle -39.77846608213764 0.23998628037463043 -1.4384727969602982 2.0333523750305176 0.8025798797607422 1.499274730682373 -0.005980857983450612 8.371684324791845 -0.04834975804129667 7257 0 True
pedestrian 1.6141747901030499 18.379811284536533 -0.8821400310858287 0.3753577768802643 0.3753577768802643 1.8600000143051147 1.6122599394617692 -1.667547830805177 -0.28026433687850444 7251 9 True
pedestrian 27.059653448487495 -9.236441751085168 -1.2257173641175996 0.9953577518463135 0.3753577768802643 1.8600000143051147 3.136764045652345 3.134410188820211 -7.886819900906456e-05 7249 7 True
pedestrian 14.09353432849906 14.506010698106488 -0.9149119196970723 0.3753577768802643 0.3753577768802643 1.8600000143051147 -1.2330544384687658 -1.218499091939484 -1.0074560114294524 7245 3 True
pedestrian -0.37890913283064265 -1.1473032108590853 -1.2710831176812205 0.3753577768802643 0.3753577768802643 1.8600000143051147 0.7847734776710487 0.7694533944165822 -0.0001774755747460308 7247 613 False
pedestrian 1.55932031126855 25.570965010526123 -0.7878609919248802 0.3753577768802643 0.3753577768802643 1.8600000143051147 1.6582538910604665 -1.9070849617065468 -0.28402964682616 7253 3 True