17.435575485229492 0.2068449854850769
car -57.368705894631034 71.05056801760628 -1.1948016511064612 4.181210041046143 1.994117259979248 1.3805816173553467 -1.5797407388392386 0.0 0.0 20001 0 False
car -64.37534201842192 93.6445387103707 -0.9720835660065816 4.4777727127075195 2.069315195083618 2.0377910137176514 -0.008945339365285802 0.0 0.0 20011 0 False
car 15.967018229996029 83.94786884951212 -1.6902562577833908 3.633375883102417 1.845113754272461 1.5012825727462769 1.5625894861605067 -14.935590085881776 0.11380229108007565 7259 0 False
car -66.22791355552545 0.5477875412845978 -1.000368801327899 4.552699089050293 2.097072124481201 1.7671663761138916 -0.009197806823501985 8.592731138822671e-09 4.480060671819455e-09 7256 2 True
car -23.747601589843214 0.35948089333870525 -1.3324381547036968 4.673638820648193 1.8118125200271606 1.441947340965271 -0.060254831174383565 8.84713898694119 -0.9052750996226889 7244 31 True
car -36.1981603779941 4.149632150476437 -1.2981490475729087 4.673638820648193 1.8118125200271606 1.441947340965271 -0.9630272537502547 -2.102035152774052 -8.253832315702669 7255 21 True
car -41.40907957917784 91.88685165912942 -1.5429451141918857 4.673638820648193 1.8118125200271606 1.441947340965271 1.5622011976015469 -12.963581380263811 0.1063603340697473 7258 0 False
truck -95.49334353414991 -3.2046905544169313 0.13495918019319486 8.46804141998291 2.8910882472991943 3.8274123668670654 3.132846794390589 8.253233905843397 -0.07043513003169329 7261 0 True
car -0.00363009414257931 4.140428329080237e-07 -1.3288559080450213 4.855708599090576 2.0327565670013428 1.6493593454360962 0.0 17.435575565063303 0.20684496298398955 -100 1996 False
car -18.396895496095624 -3.853936862636054 -1.2416876337036062 5.237514495849609 1.9297595024108887 1.638383150100708 3.1328635722912845 -7.934260565004987e-07 1.559716365893094e-07 7243 97 True
motorcycle -75.8746560571962 0.6289915591302613 -1.095017986249878 2.0333523750305176 0.8025798797607422 1.4992746114730835 -0.00839135661854326 2.7536426621391876 -0.021152102561803204 7257 0 False
pedestrian -46.66306954564783 23.53417968178465 -0.9819679199357743 0.3753577768802643 0.3753577768802643 1.8600000143051147 1.5821003204585347 -1.5295006663751125 -0.041495394396223295 7251 0 False
pedestrian -31.581914317963026 -8.505681154567656 -0.9404800220626348 0.9953577518463135 0.3753577768802643 1.8600000143051147 3.0318816490574045 3.513036607610343 -0.7229694956611833 7249 6 True
pedestrian -34.155059957737876 11.374820403023552 -0.9824333716570381 0.3753577768802643 0.3753577768802643 1.8600000143051147 -1.7144355898363162 -0.27837166815494885 0.05052788817867007 7245 0 False
pedestrian -47.66812910891241 -1.1537505182292485 -1.7709536412159594 0.3753577768802643 0.3753577768802643 1.8600000143051147 -2.056410218662881 0.020871815935859024 0.04135396221193598 7247 0 True
pedestrian -46.86406461973968 31.51923934686006 -1.0052485213856022 0.3753577768802643 0.3753577768802643 1.8600000143051147 1.6054359834834369 -1.796149183615431 -0.16306672547353135 7253 0 False