14.706199645996094 0.007899741642177105
car -3.238267987755819 70.57521201916224 -1.182054651623769 4.181210041046143 1.994117259979248 1.3805816173553467 -1.5713355426372442 0.0 0.0 20001 0 False
car -77.51627899247083 70.17476025277337 -0.9278306275506626 5.357479572296143 2.033203125 1.4147460460662842 -1.571335010005476 0.0 0.0 20003 0 False
car -10.4345401781801 93.10871300000973 -0.8903028412102703 4.4777727127075195 2.069315195083618 2.0377910137176514 -0.000540143163290994 0.0 0.0 20011 0 False
car 70.01082550104655 46.38818864373441 -1.6417233093469377 3.633375883102417 1.845113754272461 1.5012825727462769 1.5712916245732287 -5.099408959227205 -0.007877265773018297 7259 0 True
car -20.311250851438388 0.00015824880535397767 -1.1677043388288104 4.552699089050293 2.097072124481201 1.7671663761138916 -9.353630223828885e-06 7.6096658462132964 0.0039561606525443 7256 70 True
car 16.55056395640389 16.68048435770074 -1.482833542345666 4.673638820648193 1.8118125200271606 1.441947340965271 -1.5709015809041675 -7.7770391749120416 -0.002717500534879889 7244 62 True
car 16.564969975383406 33.35885850573358 -1.4826707454514039 4.673638820648193 1.8118125200271606 1.441947340965271 -1.5726351641514584 -8.348397386365173 0.028550018864092773 7255 7 True
car 12.550133108581349 46.114686649532324 -1.467266404831849 4.673638820648193 1.8118125200271606 1.441947340965271 1.5705005332396276 -5.512325605534006 -0.0014317599855842207 7258 12 True
truck -16.51413962579022 -4.006023227556082 -0.1673917550778652 8.46804141998291 2.8910882472991943 3.8274123668670654 -3.141477402931586 5.087348075362898 0.0035984952818581793 7261 627 True
car -29.860943452602953 -3.998793183961916 -1.1964981700893624 4.611005783081055 2.241713285446167 1.6672759056091309 -3.1415732766498476 6.730201749701854 0.002761384524904536 7260 15 True
car -0.0035744182618486775 -7.126281964531245e-08 -1.3288563652375533 4.855708599090576 2.0327565670013428 1.6493593454360962 0.0 14.70620042263497 0.007899741393657265 -100 1949 False
car 41.08648475268416 -4.000160117395402 -1.4763279196396206 5.237514495849609 1.9297595024108887 1.638383150100708 3.137999208384671 -8.293612664831433e-07 -5.887931093840741e-07 7243 17 True
motorcycle -37.1914150793433 0.002968207967796177 -1.234566472292352 2.0333523750305176 0.8025798797607422 1.4992748498916626 -0.0003777863927222271 6.791839770717811 -0.0014774773760394514 7257 0 True
pedestrian 8.08688455401358 17.57526319115022 -1.1150519853444172 0.3753577768802643 0.3753577768802643 1.8600000143051147 1.7219678254568822 -1.513720252946436 -0.46846351543427317 7251 1 True
pedestrian 35.145686855020756 -9.094268638297656 -1.2157998770090885 0.9953577518463135 0.3753577768802643 1.8600000143051147 -3.136595566460876 3.1561281701631025 0.027799503189573624 7249 2 True
pedestrian 20.233901034176938 15.307575262857508 -1.1513270784702205 0.3753577768802643 0.3753577768802643 1.8600000143051147 -1.2551481477062985 -1.0875623527121965 -0.7348589946317976 7245 4 True
pedestrian 5.6435266986160855 -1.0167577719072862 -1.2090263228053486 0.9953577518463135 0.3753577768802643 1.8600000143051147 1.5045980045700584 -3.6425923404985125 0.5163039336015289 7247 148 True
pedestrian 7.961060463278841 24.663760590681047 -1.11457524750983 0.3753577768802643 0.3753577768802643 1.8600000143051147 1.6045713895510019 -1.7386619311664975 -0.14786187044809326 7253 3 True