16.58455467224121 0.009274316020309925
car -52.882069591201855 70.57661747836782 -1.4843921016018093 4.181210041046143 1.994117259979248 1.3805816173553467 -1.5713518934312398 0.0 0.0 20001 0 False
car -60.08035839657475 93.11023324722997 -1.2588679698540792 4.4777727127075195 2.069315195083618 2.0377910137176514 -0.000556493957286992 0.0 0.0 20011 0 False
car 20.346040262874396 79.73328748321615 -1.267964279379104 3.633375883102417 1.845113754272461 1.5012825727462769 1.5713493095950017 -14.124023988315834 -0.0235416254866924 7259 0 False
car -61.14900529365093 0.0017359547256288188 -1.5807871107649478 4.552699089050293 2.097072124481201 1.7671663761138916 -0.000808961415503174 -2.106165841779904e-08 1.3995863638039637e-08 7256 10 True
car -20.993173380679195 0.3022359511191621 -1.5363983676550834 4.673638820648193 1.8118125200271606 1.441947340965271 -0.0945399769754149 6.138631058664178 -1.0740987764487189 7244 63 True
car -32.37970505054392 5.891028070645165 -1.599054455980006 4.673638820648193 1.8118125200271606 1.441947340965271 -1.2663116824594078 -5.823801083747432 -4.698245438896565 7255 25 True
car -37.09611479574676 87.49709989445364 -1.6241296326720356 4.673638820648193 1.8118125200271606 1.441947340965271 1.5707450388540687 -14.095982388519321 -0.007226993258247017 7258 0 False
truck -87.94381518934301 -4.000289806107489 -0.7119839179129799 8.46804141998291 2.8910882472991943 3.8274123668670654 3.1412774513923853 8.061963648731304 -0.00039500221984997144 7261 0 True
car -115.29158842747808 -3.983253400469507 -1.9379908107531936 4.611005783081055 2.241713285446167 1.6672759056091309 3.1412614724393415 13.674395725786153 -0.0013951443218037077 7260 0 False
car -0.0035578798966184877 1.6677732528336264e-09 -1.3288562038383591 4.855708599090576 2.0327565670013428 1.6493593454360962 0.0 16.584553908376723 0.009274315225063782 -100 1916 False
car -13.282431810616458 -3.997841085836826 -1.3960941885589269 5.237514495849609 1.9297595024108887 1.638383150100708 3.1412524176992833 -1.1562273386754856e-05 -3.9740913149142974e-08 7243 222 True
motorcycle -71.62525346653229 0.0023069266326536386 -1.7677682121100995 2.0333523750305176 0.8025798797607422 1.499274730682373 6.785326911364164e-05 2.798459156954324 0.0019320010474040165 7257 0 False
pedestrian -41.771224722540296 22.692325853556497 -1.314442933821912 0.3753577768802643 0.3753577768802643 1.8600000143051147 1.585843285269101 -1.5261000247603604 -0.04718866306709402 7251 0 False
pedestrian -25.35934322672898 -8.868327609181645 -1.2239141693671662 0.9953577518463135 0.3753577768802643 1.8600000143051147 3.0657401466692815 3.534695826751278 -0.3869349624594294 7249 4 False
pedestrian -29.142444369337 11.38972181121156 -1.236105748705989 0.3753577768802643 0.3753577768802643 1.8600000143051147 -1.6472445967016223 0.0 0.0 7245 0 False
pedestrian -42.57823261245352 -1.5590186112596927 -2.186076188698401 0.3753577768802643 0.3753577768802643 1.8600000143051147 -2.048018843253984 0.0225643501440249 0.04554214753372654 7247 4 True
pedestrian -42.02117363088155 30.594904562286736 -1.3157428854577944 0.3753577768802643 0.3753577768802643 1.8600000143051147 1.6266786981935497 -1.789306891558334 -0.20338508186545445 7253 0 False