-0.38700321316719055 15.06962776184082
car 63.91096382132507 68.44855794677073 -6.997236470863125 4.181210041046143 1.994117259979248 1.3805816173553467 3.062014014895121 0.0 0.0 20001 0 False
car 86.94380543547354 73.83335719667303 -7.346865637296396 4.4777727127075195 2.069315195083618 2.0377910137176514 -1.6503705856309256 0.0 0.0 20011 0 False
car 96.25988840738029 -7.398517704291578 -1.635705959146641 3.633375883102417 1.845113754272461 1.5012825727462769 -0.0799978294652303 1.4330294841005682 17.72842863076261 7259 0 True
car -5.788896541125549 82.26310983764517 -7.5005347844537695 4.552699089050293 2.097072124481201 1.7671663761138916 -1.650623053089142 6.004044325482945e-10 -2.3255926165110698e-09 7256 0 False
car -10.595527961843821 21.67210342337205 -2.9782364654123867 4.673638820648193 1.8118125200271606 1.441947340965271 -1.6508148005581746 -1.1188467707136114 -13.828082339871399 7244 51 True
car -8.725550060136548 41.52787095522041 -4.520017959783178 4.673638820648193 1.8118125200271606 1.441947340965271 -1.728292507747147 -1.9870084112807578 -8.680677129071587 7255 0 False
car 99.17611468424728 49.834865472268746 -6.101779226842552 4.673638820648193 1.8118125200271606 1.441947340965271 -0.07909368703884548 0.6480321019476231 8.204393006974774 7258 0 False
car -0.003598781603848522 1.4005186130816583e-06 -1.3288541398093408 4.855708599090576 2.0327565670013428 1.6493593454360962 0.0 -0.3870030930001385 15.069629013850545 -100 1959 False
car -13.55483087395747 34.99996159013381 -3.8776950682000937 5.237514495849609 1.9297595024108887 1.638383150100708 1.491438326025645 -2.0636720773109652e-07 -6.909925378144304e-08 7243 15 True
motorcycle -5.270973571648632 88.78187890371277 -8.137353473674672 2.0333523750305176 0.8025798797607422 1.499274730682373 -1.649842737535992 0.00021175165311058724 0.0026672998620740048 7257 0 False
pedestrian 18.065186842101525 61.050347062045944 -5.9181079757087645 0.3753577768802643 0.3753577768802643 1.8600000143051147 -0.057861120550367566 0.059737797098653296 1.540106818894005 7251 0 False
pedestrian -16.314834218278655 53.73791909945078 -5.054582555333017 0.9953577518463135 0.3753577768802643 1.8600000143051147 1.3843220827183194 -1.0365967905512847 -3.4229615869872863 7249 0 True
pedestrian 1.3759870579552693 51.38514913827498 -5.02006089395082 0.3753577768802643 0.3753577768802643 1.8600000143051147 1.8120498935805427 0.978928526627707 -1.451497277017635 7245 0 False
pedestrian -8.71419816739142 63.815557845646936 -6.766188894297592 0.3753577768802643 0.3753577768802643 1.8600000143051147 2.58534919559945 0.015516906335471873 -0.01383470200094477 7247 0 False
pedestrian 26.428691235373336 60.62885676370922 -5.958804954854301 0.3753577768802643 0.3753577768802643 1.8600000143051147 -0.07229011514875625 0.09548055089650498 1.799919111197874 7253 0 False