5.557276248931885 0.002809481229633093
car 15.989370877401655 70.57725936021454 -1.3131884764310482 4.181210041046143 1.994117259979248 1.3805816173553467 -1.571210919287061 0.0 0.0 20001 0 False
car -58.28714765245141 70.16755417745591 -0.7849757308396632 5.357479572296143 2.033203125 1.4147460460662842 -1.571210386655293 0.0 0.0 20003 0 False
car 8.791415638496233 93.10986529992968 -0.995020547340181 4.4777727127075195 2.069315195083618 2.0377910137176514 -0.000415519813107825 0.0 0.0 20011 0 False
car 89.2439347169738 40.52494120201582 -2.0431731839790364 3.633375883102417 1.845113754272461 1.5012825727462769 1.5715419490206886 -1.6890920471667639 -0.0032188108608988165 7259 0 False
car -13.623400199820992 -0.0007945975691976415 -1.1414115880310316 4.552699089050293 2.097072124481201 1.7671663761138916 -0.00025543859343463555 4.149264885846766 0.0004420983782652837 7256 203 True
car 35.77958731755621 32.99168966514194 -1.686102419281894 4.673638820648193 1.8118125200271606 1.441947340965271 -1.570929157081725 -5.133915029021118 -0.0018881512876053812 7244 10 True
car 35.44991591798697 47.9061647855655 -1.6837481710508944 4.673638820648193 1.8118125200271606 1.441947340965271 -1.365194544011555 -4.818291841018829 -1.7364909162208246 7255 0 False
car 31.780527962087774 36.03576665690416 -1.6564590580332217 4.673638820648193 1.8118125200271606 1.441947340965271 1.5708560524612911 -3.7117660147150215 -0.0019663610329895514 7258 6 True
truck 9.888008259933088 -4.004389226207621 -0.3040495667734282 8.46804141998291 2.8910882472991943 3.8274123668670654 -3.1412800753450543 3.376983320434705 0.001785597215591601 7261 2021 True
car -3.3517382939131153 -3.9996366737232765 -1.2822449867162709 4.611005783081055 2.241713285446167 1.6672759056091309 3.14156569822045 1.5709074081189123 0.00030990401540247504 7260 2678 True
car -0.003598001070315604 -1.6708055916581088e-07 -1.328856301360946 4.855708599090576 2.0327565670013428 1.6493593454360962 0.0 5.557276705249443 0.0028094813433870366 -100 1942 False
car 60.322609542403995 -3.992585949881685 -1.770651077584327 5.237514495849609 1.9297595024108887 1.638383150100708 3.1381430064785065 0.3906712663608498 0.0027398129647072775 7243 7 True
motorcycle -27.928243981981495 0.0036178694568753667 -1.1663600061302732 2.0333523750305176 0.8025798797607422 1.4992752075195312 -0.00030602841162477205 -2.5147336099051207e-08 3.46993977198371e-08 7257 0 True
pedestrian 27.48281842573516 14.982513551151381 -1.2888508379393135 0.3753577768802643 0.3753577768802643 1.8600000143051147 1.5776827938332938 -1.370055301963754 -0.01881216163068058 7251 1 True
pedestrian 60.14178435753473 -9.060514341409874 -1.5310075853019174 0.9953577518463135 0.3753577768802643 1.8600000143051147 -3.1239801955164954 3.2747615070930522 0.12594752847348317 7249 1 True
pedestrian 38.98803840016109 17.947403606014806 -1.3651674909699132 0.3753577768802643 0.3753577768802643 1.8600000143051147 -1.2648207530989266 -0.4066578123012618 -0.26037242847613257 7245 1 True
pedestrian 25.03944981468453 -7.2171017398857735 -1.2696850185253457 0.3753577768802643 0.3753577768802643 1.8600000143051147 2.875405608952295 1.2754654661068041 -0.6410850743785516 7247 0 False
pedestrian 27.367825262592078 21.537932155414882 -1.2880337385141178 0.3753577768802643 0.3753577768802643 1.8600000143051147 1.5938791937962487 -1.6597117479103791 -0.07661242404829974 7253 1 True