7.784399032592773 0.005195912439376116
car 13.411459162213134 70.57011406300614 -1.3135127552761023 4.181210041046143 1.994117259979248 1.3805816173553467 -1.571722093316012 0.0 0.0 20001 0 False
car -60.86449056529747 70.19839682019855 -0.6864991550766977 5.357479572296143 2.033203125 1.4147460460662842 -1.571721560684244 0.0 0.0 20003 0 False
car 6.225452266090201 93.10640672167037 -0.9865211063179036 4.4777727127075195 2.069315195083618 2.0377910137176514 -0.0009266938420592927 0.0 0.0 20011 0 False
car 86.64884922456832 41.29738410450893 -2.1395111191558973 3.633375883102417 1.845113754272461 1.5012825727462769 1.5710468871027226 -2.3607187666442537 -0.003367019063544186 7259 0 False
car -14.192167985199433 0.006083279192154567 -1.1182824022903248 4.552699089050293 2.097072124481201 1.7671663761138916 -0.0005660337356788416 5.559281652149484 -0.0006631206617627664 7256 176 True
car 33.18137757286922 30.607911823273767 -1.7112936764565538 4.673638820648193 1.8118125200271606 1.441947340965271 -1.5710120951691076 -7.320857941528508 -0.003603491474680579 7244 14 True
car 33.0812101654966 45.4808099007979 -1.7109424448943824 4.673638820648193 1.8118125200271606 1.441947340965271 -1.483513079355492 -7.368376101644486 -1.0891989327560248 7255 0 True
car 29.184894255771894 37.944020319728594 -1.6764886718734289 4.673638820648193 1.8118125200271606 1.441947340965271 1.5704419505720797 -5.395835621738438 -0.0011497205722216825 7258 8 True
truck 5.899092146734176 -4.007941253751065 -0.2798957166269598 8.46804141998291 2.8910882472991943 3.8274123668670654 3.1413410800827473 3.246712329524176 0.0015153652331586168 7261 5563 True
car -6.8061184459474475 -3.9963860291700137 -1.247093601459221 4.611005783081055 2.241713285446167 1.6672759056091309 3.1410201694424544 2.5943648167728344 -0.0007356791894766542 7260 1064 True
car -0.0035890347625127106 -9.76365668314827e-08 -1.3288562113931115 4.855708599090576 2.0327565670013428 1.6493593454360962 0.0 7.784399609340549 0.005195912231451343 -100 1957 False
car 57.704981428030635 -4.022416798928207 -1.8273818352522881 5.237514495849609 1.9297595024108887 1.638383150100708 3.1376126577059025 -0.0016533629358687417 -5.4381707782348084e-05 7243 6 True
motorcycle -30.077296254581086 0.018552583909244635 -1.1076239027893364 2.0333523750305176 0.8025798797607422 1.499274730682373 -0.0008267295564830872 3.633613731303525 -0.002648703289585212 7257 0 True
pedestrian 24.87295864090214 15.518911209106008 -1.3026008409689176 0.3753577768802643 0.3753577768802643 1.8600000143051147 1.5773134330126044 -1.37385570590818 -0.018330629811416303 7251 1 True
pedestrian 56.21924737269666 -9.104275414505326 -1.5759529069536455 0.9953577518463135 0.3753577768802643 1.8600000143051147 -3.130396125326832 3.205497918965509 0.07408219522647483 7249 2 True
pedestrian 36.55669142869874 17.2493131164682 -1.3958307799480583 0.3753577768802643 0.3753577768802643 1.8600000143051147 -1.3487327409596315 -1.3420338928650586 -0.7098892073296055 7245 2 True
pedestrian 21.920618567550264 -6.140652446807704 -1.2750939326096553 0.9953577518463135 0.3753577768802643 1.8600000143051147 1.661061256441288 -2.73105318183083 -1.922774125191428 7247 0 True
pedestrian 24.749584495004967 22.190439754526064 -1.3017497860437586 0.3753577768802643 0.3753577768802643 1.8600000143051147 1.5937628330654168 -1.6625647119785998 -0.07726607153337722 7253 2 True