5.308012008666992 0.002637367695569992
car 16.53598775316192 70.57797220900552 -1.3400012753059594 4.181210041046143 1.994117259979248 1.3805816173553467 -1.571170074063621 0.0 0.0 20001 0 False
car -57.73970714098354 70.16523545443714 -0.7084744785895216 5.357479572296143 2.033203125 1.4147460460662842 -1.571169541431853 0.0 0.0 20003 0 False
car 9.337561946872256 93.11028461575079 -1.011873647788469 4.4777727127075195 2.069315195083618 2.0377910137176514 -0.00037467458966796764 0.0 0.0 20011 0 False
car 89.7906610296132 40.36852201056409 -2.172037802051894 3.633375883102417 1.845113754272461 1.5012825727462769 1.571589052667404 -1.4833535346567048 -0.0029055552654107925 7259 0 False
car -13.461375347686555 -0.0012588853096306973 -1.1235071822399 4.552699089050293 2.097072124481201 1.7671663761138916 -0.0002572114454661754 3.5346541279986785 0.0003090543028345464 7256 210 True
car 36.32707436567324 33.474033934162385 -1.7404318073786476 4.673638820648193 1.8118125200271606 1.441947340965271 -1.57105129717933 -4.40825098908426 -0.000731322723067517 7244 8 True
car 35.927126295793585 48.38224613247222 -1.737036460698159 4.673638820648193 1.8118125200271606 1.441947340965271 -1.3328161594081473 -4.046420140661912 -1.7041827333681532 7255 0 False
car 32.327996334059776 35.69660128661427 -1.7051935535882423 4.673638820648193 1.8118125200271606 1.441947340965271 1.5708585481974262 -3.020126237131672 -0.0015315399444614309 7258 6 True
truck 10.76303961571864 -4.003869022881009 -0.325365798711049 8.46804141998291 2.8910882472991943 3.8274123668670654 -3.1411912932624837 3.0619115212086325 0.00382455141515994 7261 1690 True
car -2.655534911449138 -3.9997098230311434 -1.2832034511158383 4.611005783081055 2.241713285446167 1.6672759056091309 -3.141560140761907 1.3172492084060525 0.0003350858435447566 7260 3112 True
car -0.003618006333908852 1.0203917977236188e-07 -1.3288560338037887 4.855708599090576 2.0327565670013428 1.6493593454360962 0.0 5.30801240396247 0.0026373677038890623 -100 1968 False
car 61.020483038843054 -3.989822093418866 -1.8601123180443278 5.237514495849609 1.9297595024108887 1.638383150100708 3.139558574295466 2.276249323817635 -0.003722873169990895 7243 8 True
motorcycle -27.37849832597783 0.0025390303804500025 -1.1319235877801277 2.0333523750305176 0.8025798797607422 1.499276041984558 -0.0002651831881849147 6.210848879067569e-08 -4.9924320672684775e-08 7257 0 True
pedestrian 28.03268414309946 14.846582751377316 -1.3315295131676472 0.3753577768802643 0.3753577768802643 1.8600000143051147 1.5776932790459506 -1.3690875246366747 -0.018820025198523684 7251 0 True
pedestrian 61.017865276502846 -9.052415614660719 -1.6219388320510397 0.9953577518463135 0.3753577768802643 1.8600000143051147 -3.121865548503878 3.2798109400384643 0.13841110217519836 7249 1 True
pedestrian 39.481048771944074 18.115336810606838 -1.423357785417911 0.3753577768802643 0.3753577768802643 1.8600000143051147 -1.290630524951513 -0.2012838118454094 -0.0993784826885489 7245 0 True
pedestrian 25.940496132587725 -7.330385183580559 -1.3120127045131578 0.3753577768802643 0.3753577768802643 1.8600000143051147 2.9484564211591064 0.8074162725532508 -0.3569016848615869 7247 0 False
pedestrian 27.920312768270833 21.372931294682584 -1.3305928439224113 0.3753577768802643 0.3753577768802643 1.8600000143051147 1.593820303721108 -1.6590140739778503 -0.0764988142737981 7253 2 True