-0.001969950506463647 1.7896268367767334
car 27.316207267508602 73.2443911307044 -0.4341928551829679 4.181210041046143 1.994117259979248 1.3805816173553467 3.1407520370708037 0.0 0.0 20001 0 False
car 49.8356343719651 80.43497970192925 0.4607298832859401 4.4777727127075195 2.069315195083618 2.0377910137176514 -1.5716325634552426 0.0 0.0 20011 0 False
car 109.86606623313872 -0.05366462870114219 1.6899148023494153 3.633375883102417 1.845113754272461 1.5012825727462769 -0.0011094719729953342 0.02309225246111831 18.468515849837644 7259 0 True
car -43.22733327929436 81.53162923707015 -2.4580095926803907 4.552699089050293 2.097072124481201 1.7671663761138916 -1.5718850309134589 7.3779711852597605e-09 -3.231362392354355e-10 7256 0 False
car -27.33989650474588 0.2925495046769697 -2.191445859324507 4.673638820648193 1.8118125200271606 1.441947340965271 -0.04693457930119832 0.9861266565817395 10.932034981711153 7244 28 True
car -43.238646315196135 15.662485247847599 -2.635540236529892 4.673638820648193 1.8118125200271606 1.441947340965271 -1.571722578224182 -0.010934105353200975 -10.313840309188455 7255 0 False
car 80.21065227907529 58.22144422990971 0.8191398490309387 4.673638820648193 1.8118125200271606 1.441947340965271 0.31063750506507026 -5.423027373657984 6.580088237011271 7258 0 False
car -0.0035976438838432045 -1.1427933145569114e-05 -1.3288562890849267 4.855708599090576 2.0327565670013428 1.6493593454360962 0.0 -0.001969950329018263 1.7896268103354607 -100 1924 False
car -47.23665257188805 33.665892036310595 -2.6483177041884423 5.237514495849609 1.9297595024108887 1.638383150100708 1.5701763482013278 2.0816333772707146e-08 5.041861020802588e-08 7243 0 False
motorcycle -43.221295946284854 88.09840606383398 -2.588030800748508 2.0333523750305176 0.8025798797607422 1.4992756843566895 -1.571112346747297 3.7087768528463532e-09 2.6540963752179073e-09 7257 0 False
pedestrian -13.872057323188546 62.285464872572334 -1.4770156993183396 0.3753577768802643 0.3753577768802643 1.8600000143051147 0.020979033766852485 -0.07128690551616279 1.6856912929479193 7251 0 False
pedestrian -50.78655922747322 60.341312975849576 -2.5085330316308685 0.9953577518463135 0.3753577768802643 1.8600000143051147 1.4977666572206285 -0.5188635537652684 -3.5489295631864026 7249 0 False
pedestrian -34.951999545862094 55.217594955906065 -2.1701372320886394 0.3753577768802643 0.3753577768802643 1.8600000143051147 1.8842807534450954 1.0296536731550243 -1.4195048154527996 7245 0 False
pedestrian -44.49535870186328 62.82135794406378 -3.201008855074293 0.3753577768802643 0.3753577768802643 1.8600000143051147 2.6640844214583503 -0.051015064908110974 0.028853743575419467 7247 0 False
pedestrian -5.057961086851478 62.491408277103574 -1.2304448535251504 0.3753577768802643 0.3753577768802643 1.8600000143051147 -0.003159305332607693 0.006545821390180701 1.8253790115869082 7253 0 False