8.9073486328125 11.054201126098633
car 22.225076918478237 91.6433472827656 -24.21502639901864 4.181210041046143 1.994117259979248 1.3805816173553467 -2.625230065816455 0.0 0.0 20001 0 False
car 38.257924902569926 108.5786701725066 -28.18651110226277 4.4777727127075195 2.069315195083618 2.0377910137176514 -1.0544346663425024 0.0 0.0 20011 0 False
car 82.63163556569106 43.18896956229031 -12.289896765597888 3.633375883102417 1.845113754272461 1.5012825727462769 0.515787887664583 -8.278544005982864 14.177784019322244 7259 0 True
car -43.214722946698515 64.77321950208085 -17.522170640549092 4.552699089050293 2.097072124481201 1.7671663761138916 -1.0546871338007184 5.892429130608153e-09 -6.967027209833926e-08 7256 0 True
car -17.20039376334148 20.378825854365004 -6.595083071337697 4.673638820648193 1.8118125200271606 1.441947340965271 -1.057068530175912 6.658611070392332 -11.515105110812117 7244 25 True
car -24.375129999725175 33.98728791469773 -10.000787179196081 4.673638820648193 1.8118125200271606 1.441947340965271 -1.2315690673470496 1.1601408209850212 -6.001984243983504 7255 14 True
car 57.10212168242134 93.20468328066357 -24.848438819365917 4.673638820648193 1.8118125200271606 1.441947340965271 0.5170496923232608 -4.9693211288171275 8.464660892695102 7258 0 False
truck -64.94141389244072 94.24950140755672 -23.849332714654096 8.46804141998291 2.8910882472991943 3.8274123668670654 2.087237891581429 4.355690212295871 -7.44029182411816 7261 0 False
car -0.0036020580479316777 2.1665708857199206e-05 -1.3288644514926489 4.855708599090576 2.0327565670013428 1.6493593454360962 0.0 8.907348297270865 11.054200516984244 -100 1936 False
car -23.035837202457373 22.46883352246232 -7.0154531791503985 5.237514495849609 1.9297595024108887 1.638383150100708 2.0873742453140682 -3.539652240483651e-08 -3.901067249995385e-07 7243 37 True
motorcycle -46.73467882506253 70.74923942377873 -19.15213440851349 2.0333523750305176 0.8025798797607422 1.4992749691009521 -1.053879300586685 1.0880965849385211 -1.8527841424944185 7257 0 False
pedestrian -12.329308970636362 60.259891825980105 -16.23539163110088 0.3753577768802643 0.3753577768802643 1.8600000143051147 0.5381235345448387 -0.81569302082767 1.26658047901766 7251 0 False
pedestrian -35.00122845212991 34.18064541519766 -9.69880907290144 0.9953577518463135 0.3753577768802643 1.8600000143051147 1.9878067257404326 1.1824537143105742 -3.2849563511021125 7249 2 False
pedestrian -19.075109825311245 43.221140853728116 -11.957984066568272 0.3753577768802643 0.3753577768802643 1.8600000143051147 2.966981255616294 1.1998283596776975 1.2407292954739304 7245 0 False
pedestrian -35.316772492118844 48.19782759290496 -14.103029012033602 0.3753577768802643 0.3753577768802643 1.8600000143051147 -3.1018950182700684 0.0309927732612291 -0.012133125202713885 7247 0 False
pedestrian -5.3111886699354045 64.40990453525109 -17.27630528196822 0.3753577768802643 0.3753577768802643 1.8600000143051147 0.5228343396409352 -0.9255785980881494 1.500285954717488 7253 0 False