16.61679458618164 0.02205711044371128
car -27.135306184740386 70.59887921896237 -0.9819301464948409 4.181210041046143 1.994117259979248 1.3805816173553467 -1.5719928679105377 0.0 0.0 20001 0 True
car -34.31577170386896 93.1370135439401 -0.6602431642200255 4.4777727127075195 2.069315195083618 2.0377910137176514 -0.0011974684365847889 0.0 0.0 20011 0 False
car 46.09545249238147 60.83990431209808 -1.6842950869530262 3.633375883102417 1.845113754272461 1.5012825727462769 1.5709155288735026 -10.565584272653458 -0.015598231667951618 7259 0 False
car -35.44864168170972 0.029314130923482784 -0.9949411108205717 4.552699089050293 2.097072124481201 1.7671663761138916 -0.0014499358622917077 -0.0006412175988423537 4.728331767204323e-06 7256 26 True
car -4.688938248629995 3.04470885821729 -1.3834499770808568 4.673638820648193 1.8118125200271606 1.441947340965271 -0.7977282373908829 0.5447470705701432 -7.67006204683713 7244 1277 True
car -7.375268612354262 17.5375733857495 -1.3623684767205555 4.673638820648193 1.8118125200271606 1.441947340965271 -1.5716174956719546 -7.936706631276491 0.006297573574549371 7255 94 True
car -11.356433393495195 64.51280231282244 -1.320441744701594 4.673638820648193 1.8118125200271606 1.441947340965271 1.5703975444790053 -14.029268245946394 -0.004150586039962314 7258 4 True
truck -50.97799830563645 -3.9656824290122414 0.12881389299919244 8.46804141998291 2.8910882472991943 3.8274123668670654 3.140696397987001 6.826059108464029 -0.004634421812153988 7261 41 True
car -70.21202210626728 -3.9403832024231713 -0.8137893751519714 4.611005783081055 2.241713285446167 1.6672759056091309 3.140533146350072 11.35848322339293 -0.010908966297429656 7260 0 False
car -0.0036218457649965785 -3.551524607736667e-08 -1.3288557342919272 4.855708599090576 2.0327565670013428 1.6493593454360962 0.0 16.616793874966035 0.022057109784291887 -100 1905 False
car 12.79258372961823 -4.001193791600902 -1.4119112130664226 5.237514495849609 1.9297595024108887 1.638383150100708 3.1406191663806236 2.8604093078913015 -0.001703140073730654 7243 250 True
motorcycle -49.93583069936108 0.03877718096272731 -1.02307528323389 2.0333523750305176 0.8025798797607422 1.4992752075195312 -0.0007307276135600275 2.2346230979849593 -0.0010515546561833892 7257 1 False
pedestrian -15.985190574829176 20.39293258837746 -0.9652153842071955 0.3753577768802643 0.3753577768802643 1.8600000143051147 1.6724921354764892 -1.5909227944523583 -0.25031418489800306 7251 1 True
pedestrian 5.5616599090622 -9.04550362696541 -1.1241951890789221 0.9953577518463135 0.3753577768802643 1.8600000143051147 3.131455769441876 3.13620829848477 -0.058586736872007016 7249 48 True
pedestrian -3.5084097038811706 13.00992161556317 -1.0456914676171332 0.3753577768802643 0.3753577768802643 1.8600000143051147 -1.745738016461207 -1.603940427507975 0.584183433073108 7245 5 True
pedestrian -16.93079887024993 -1.6269686599338624 -1.831705599443155 0.3753577768802643 0.3753577768802643 1.8600000143051147 1.094152039542787 -0.05541578665377159 0.09736674176285584 7247 8 True
pedestrian -16.159988178546655 27.92682032966414 -0.9618122913267237 0.3753577768802643 0.3753577768802643 1.8600000143051147 1.5871120619944 -1.7570482581190927 -0.06149348583145214 7253 3 True