5.894479751586914 0.00305569008924067
car 15.418388327104196 70.5765944071272 -1.277923865205625 4.181210041046143 1.994117259979248 1.3805816173553467 -1.571250735657339 0.0 0.0 20001 0 False
car -58.859065235410355 70.16984537004198 -0.9011058412857011 5.357479572296143 2.033203125 1.4147460460662842 -1.571250203025571 0.0 0.0 20003 0 False
car 8.220696748404237 93.10948564034497 -0.9744086067185782 4.4777727127075195 2.069315195083618 2.0377910137176514 -0.00045533618338621494 0.0 0.0 20011 0 False
car 88.6728041874257 40.70050820992973 -1.858428472624495 3.633375883102417 1.845113754272461 1.5012825727462769 1.5715395500321205 -1.8697073092181093 -0.004466762671737872 7259 0 False
car -13.749884184484529 -0.00033070130892776106 -1.168958353214475 4.552699089050293 2.097072124481201 1.7671663761138916 -0.00024670558129975367 4.740508452233289 0.0007675905186936691 7256 179 True
car 35.20800784386637 32.44447764676056 -1.610314020351757 4.673638820648193 1.8118125200271606 1.441947340965271 -1.570825162874611 -5.551279866255741 -0.003027950439473663 7244 12 True
car 34.94548602026731 47.363749224671025 -1.6089796471977105 4.673638820648193 1.8118125200271606 1.441947340965271 -1.398941562353523 -5.32875404220807 -1.571010501885175 7255 0 False
car 31.20883701792178 36.43913420650392 -1.5890266295119064 4.673638820648193 1.8118125200271606 1.441947340965271 1.5708449982064911 -4.311937476171071 -0.0023528887134111865 7258 7 True
truck 8.961128724207754 -4.004880387951941 -0.27910884572212713 8.46804141998291 2.8910882472991943 3.8274123668670654 -3.141343061197246 3.5693117442076456 0.003646784907233387 7261 2599 True
car -4.097370233758795 -3.999509657012924 -1.2855725260271484 4.611005783081055 2.241713285446167 1.6672759056091309 3.1415176260577655 1.8201375394325148 0.0003141874867248831 7260 2283 True
car -0.0035989603024972894 -1.1626944540488182e-07 -1.3288561407043482 4.855708599090576 2.0327565670013428 1.6493593454360962 0.0 5.894479671903568 0.0030556901111067473 -100 1959 False
car 59.746048102909356 -3.99508481623056 -1.6451616822653592 5.237514495849609 1.9297595024108887 1.638383150100708 3.1380832164169234 -0.0022900568431604798 -6.0369108140470046e-05 7243 7 True
motorcycle -28.502241471453658 0.0047039646089475085 -1.2206702390301076 2.0333523750305176 0.8025798797607422 1.4992752075195312 -0.00034584478190316195 5.4706593570187925e-09 -8.379675324613067e-10 7257 0 True
pedestrian 26.908573610652297 15.11860288118179 -1.2302025661306764 0.3753577768802643 0.3753577768802643 1.8600000143051147 1.5776756011588127 -1.3710254334337098 -0.018808937283333424 7251 0 True
pedestrian 59.24349138201552 -9.067451930751226 -1.4040591777006908 0.9953577518463135 0.3753577768802643 1.8600000143051147 -3.126898087645814 3.2635367189720257 0.10967737446045969 7249 1 True
pedestrian 38.46630242428125 17.77812914597621 -1.2833476323256223 0.3753577768802643 0.3753577768802643 1.8600000143051147 -1.2703312303595726 -0.6134671650491511 -0.416638468316584 7245 1 True
pedestrian 24.148703394463723 -7.027815064940717 -1.214326527602308 0.3753577768802643 0.3753577768802643 1.8600000143051147 2.7103237139644967 1.5339036703159763 -1.239752051530933 7247 0 True
pedestrian 26.790953986696422 21.70307219466022 -1.2295988036589278 0.3753577768802643 0.3753577768802643 1.8600000143051147 1.593939379040435 -1.6604609934217827 -0.07672931812852331 7253 2 True