9.016676902770996 0.005143553949892521
car 11.711080764270264 70.57281505965061 -1.3094918647763936 4.181210041046143 1.994117259979248 1.3805816173553467 -1.5715289335470588 0.0 0.0 20001 0 False
car -62.56398244621377 70.18672351379168 -0.592711710982003 5.357479572296143 2.033203125 1.4147460460662842 -1.5715284009152908 0.0 0.0 20003 0 False
car 4.521122694075075 93.10770547623574 -0.9728334157385197 4.4777727127075195 2.069315195083618 2.0377910137176514 -0.0007335340731057873 0.0 0.0 20011 0 False
car 84.9526158009441 41.820752924647394 -2.2252675118185965 3.633375883102417 1.845113754272461 1.5012825727462769 1.571226731077473 -2.6891682052732193 -0.004293738342395961 7259 0 False
car -14.662776856185701 0.0030947649320676174 -1.0956971703072012 4.552699089050293 2.097072124481201 1.7671663761138916 -0.0003202380236372765 6.984449320074607 0.0011190064639863427 7256 158 True
car 31.488303784369236 28.976089249918388 -1.7329085139524407 4.673638820648193 1.8118125200271606 1.441947340965271 -1.5706751248227615 -8.896702041438294 -0.007902248702781937 7244 18 True
car 31.454284641100287 43.83917090554387 -1.7325122098801513 4.673638820648193 1.8118125200271606 1.441947340965271 -1.5270452593268677 -8.813796777338611 -0.6634730609217957 7255 1 False
car 27.490406146666828 39.051300902859715 -1.6931425486890812 4.673638820648193 1.8118125200271606 1.441947340965271 1.5707248587939615 -5.70208376080666 -0.004286346451821192 7258 12 True
truck 3.561420366143409 -4.006566450560803 -0.2633225518321707 8.46804141998291 2.8910882472991943 3.8274123668670654 3.1414868356243377 3.3279928299655803 0.001982894755875701 7261 8745 False
car -9.070892154751789 -3.99741544085971 -1.2161785850930067 4.611005783081055 2.241713285446167 1.6672759056091309 3.141240759747466 3.1573149908733624 0.001116726700344103 7260 592 True
car -0.003545341153881054 -1.9254070626750774e-07 -1.328856553979589 4.855708599090576 2.0327565670013428 1.6493593454360962 0.0 9.016677289253428 0.005143554141439087 -100 1904 False
car 56.018596791557 -4.011127972058817 -1.8801239181904208 5.237514495849609 1.9297595024108887 1.638383150100708 3.137805817474856 -0.0002047955751211701 -8.9844976799831e-06 7243 5 True
motorcycle -30.800102059063363 0.012156609072592639 -1.0637211760638494 2.0333523750305176 0.8025798797607422 1.4992749691009521 -0.0006954508286663071 5.780067075661676 -0.006040079503799287 7257 0 True
pedestrian 23.18134172536554 15.799110995721744 -1.3148096521722028 0.3753577768802643 0.3753577768802643 1.8600000143051147 1.5775886180738483 -1.3757582580866288 -0.01950354380335968 7251 0 True
pedestrian 53.86749038006036 -9.099561163519489 -1.6204838947847837 0.9953577518463135 0.3753577768802643 1.8600000143051147 -3.1328466833389457 3.340766995527451 0.06862963311453762 7249 0 True
pedestrian 34.91573562621829 16.909313026580623 -1.4226021579116082 0.3753577768802643 0.3753577768802643 1.8600000143051147 -1.4246803577070626 -1.6482321863464835 -0.5987105456930438 7245 1 True
pedestrian 20.26867942389424 -5.399850695089001 -1.3890146411636093 0.9953577518463135 0.3753577768802643 1.8600000143051147 1.5257976354688678 -3.6925079860279517 -0.07928725791265055 7247 12 True
pedestrian 23.050802595883454 22.528498472663216 -1.3134600099153122 0.3753577768802643 0.3753577768802643 1.8600000143051147 1.5941501371138502 -1.6639618103832445 -0.07872575446006183 7253 2 True