13.077223777770996 0.006916804239153862
car 3.9119789759168384 70.57524313350743 -1.2260256117401722 4.181210041046143 1.994117259979248 1.3805816173553467 -1.5713253757552923 0.0 0.0 20001 0 False
car -70.36414517270961 70.17404029161985 -0.6394439786420794 5.357479572296143 2.033203125 1.4147460460662842 -1.5713248431235243 0.0 0.0 20003 0 False
car -3.2831446688130086 93.10867310712648 -0.9022347018220813 4.4777727127075195 2.069315195083618 2.0377910137176514 -0.0005299762813391802 0.0 0.0 20011 0 False
car 77.15933450971329 44.16013750932224 -2.013178248380388 3.633375883102417 1.845113754272461 1.5012825727462769 1.5713542556843405 -3.9656352602938263 -0.006684831744255486 7259 0 False
car -16.629731452438364 2.054791231409503e-05 -1.1074504783099277 4.552699089050293 2.097072124481201 1.7671663761138916 -1.1059618828300801e-05 7.667177129488797 0.0039486551098100375 7256 132 True
car 23.699890994593773 21.501382222593264 -1.6145353791840527 4.673638820648193 1.8118125200271606 1.441947340965271 -1.5706904786876923 -11.526839506364746 -0.008275871801035744 7244 22 True
car 23.71750534568787 37.933081018213095 -1.6148080912628497 4.673638820648193 1.8118125200271606 1.441947340965271 -1.5667330246505558 -8.650552987261536 -0.05218437197425835 7255 9 True
car 19.69843757524842 43.593410604304665 -1.5823538385168718 4.673638820648193 1.8118125200271606 1.441947340965271 1.5687642005539117 -4.5224998208456055 0.009272827474198792 7258 12 True
truck -6.874120533981625 -4.006088614248078 -0.17331868431036934 8.46804141998291 2.8910882472991943 3.8274123668670654 -3.1415367444953737 4.574353587594704 0.0029594998237460752 7261 4608 True
car -19.83467236187505 -3.9989875241681876 -1.1435418120115086 4.611005783081055 2.241713285446167 1.6672759056091309 3.1413596290881016 5.24330890342248 0.0009932040621070926 7260 79 True
car -0.0035782204920451477 8.612642377059387e-09 -1.328856005877629 4.855708599090576 2.0327565670013428 1.6493593454360962 0.0 13.077223875757914 0.006916804844820936 -100 1990 False
car 48.23566744827548 -3.9996816089687957 -1.7181050429706834 5.237514495849609 1.9297595024108887 1.638383150100708 3.1380093752666225 -1.2417623901911618e-05 -8.070591158435289e-08 7243 12 True
motorcycle -33.24686169814305 0.003837497409274304 -1.1023453282129787 2.0333523750305176 0.8025798797607422 1.4992748498916626 -0.0003677370967753749 6.396664684353538 -0.0014585403310341544 7257 0 True
pedestrian 15.35441813624277 16.801792441324203 -1.2102823460467071 0.3753577768802643 0.3753577768802643 1.8600000143051147 1.6628474771270931 -1.4223037746267448 -0.16974610516082755 7251 3 True
pedestrian 43.84123450635468 -9.085187741457487 -1.4436952134861922 0.9953577518463135 0.3753577768802643 1.8600000143051147 -3.1406251452242357 3.1147581475944865 -0.019602372281581744 7249 0 True
pedestrian 27.20450502646014 15.889374228928972 -1.2984575226042963 0.3753577768802643 0.3753577768802643 1.8600000143051147 -1.4540606330540795 -1.163802518674568 -0.2497518184784146 7245 2 True
pedestrian 12.664134703279956 -2.816448095506497 -1.2911523772199294 0.9953577518463135 0.3753577768802643 1.8600000143051147 1.5002304709498266 -3.6570807851724783 0.5169542149916613 7247 23 True
pedestrian 15.16154978272499 23.790251011485072 -1.208739568659552 0.3753577768802643 0.3753577768802643 1.8600000143051147 1.646224039644047 -1.7829004653774765 -0.2914383124115047 7253 1 True