16.947826385498047 0.01079014502465725
car -42.555803532556865 70.58019307066611 -1.1879709944761458 4.181210041046143 1.994117259979248 1.3805816173553467 -1.5714268406767116 0.0 0.0 20001 0 False
car -49.75103194598421 93.11434503441791 -0.921895243905146 4.4777727127075195 2.069315195083618 2.0377910137176514 -0.0006314412027585855 0.0 0.0 20011 0 False
car 30.67642268252871 71.54267190613422 -1.3811564668408314 3.633375883102417 1.845113754272461 1.5012825727462769 1.5711539875699347 -12.982161973631769 -0.018199481382348105 7259 0 False
car -50.82843551772805 0.005928574204634884 -1.2391719734077329 4.552699089050293 2.097072124481201 1.7671663761138916 -0.0008839086609747674 -2.5024783212251424e-07 2.0984815522131196e-08 7256 10 True
car -13.605203126820356 0.6052868545857528 -1.4195332360024455 4.673638820648193 1.8118125200271606 1.441947340965271 -0.15839132835243144 3.3529750281178416 -1.074737420910986 7244 191 True
car -22.762206565100826 10.80710681102681 -1.417633024124041 4.673638820648193 1.8118125200271606 1.441947340965271 -1.5646672109074922 -7.9975672761625365 -0.16699639769485 7255 61 True
car -26.770345669830533 78.37457189932594 -1.4156902640137519 4.673638820648193 1.8118125200271606 1.441947340965271 1.5706551779190896 -15.965590764127874 -0.005532327700202958 7258 0 False
truck -72.9076702663985 -3.99566000608961 -0.22128630012209527 8.46804141998291 2.8910882472991943 3.8274123668670654 3.1413220799788566 7.61274844333277 0.0005256920025303334 7261 11 True
car -96.76037377518497 -3.9782871557885544 -1.2960218843281517 4.611005783081055 2.241713285446167 1.6672759056091309 3.1411945146703917 13.32992115624438 -0.002196722806138637 7260 0 False
car -0.0036098759263154534 3.2391415505372834e-07 -1.3288560659716895 4.855708599090576 2.0327565670013428 1.6493593454360962 0.0 16.947827320946587 0.010790145743019607 -100 1965 False
car -2.961935728130811 -3.997232880082915 -1.322076020028348 5.237514495849609 1.9297595024108887 1.638383150100708 3.141177470453812 -0.0002945691363267651 5.471603936987345e-09 7243 2679 True
motorcycle -62.95687226480277 0.007296589372956852 -1.3688152532948856 2.0333523750305176 0.8025798797607422 1.4992748498916626 -7.602226178679201e-06 2.1910203952557237 0.0013458088933673937 7257 0 False
pedestrian -31.43397053186277 21.78003292965251 -1.080833089110146 0.3753577768802643 0.3753577768802643 1.8600000143051147 1.586372076132794 -1.5196166597231213 -0.05023888808211322 7251 0 False
pedestrian -12.895566877462613 -8.951639454808245 -1.0827433335033032 0.9953577518463135 0.3753577768802643 1.8600000143051147 3.115884918312834 3.5432246113047845 -0.27875877352756995 7249 20 True
pedestrian -18.797554304939297 11.691260150720645 -1.0732166981612232 0.3753577768802643 0.3753577768802643 1.8600000143051147 -1.5534158974377115 -1.461111302608487 -0.10665765494574253 7245 6 True
pedestrian -32.279417983755934 -1.5907032731444894 -1.9482793280552355 0.3753577768802643 0.3753577768802643 1.8600000143051147 1.0934948779211242 0.025770155661946872 0.0525890972448471 7247 0 True
pedestrian -31.636161703828634 29.51966952652797 -1.0806324400825609 0.3753577768802643 0.3753577768802643 1.8600000143051147 1.6286212269277773 -1.7834827946851817 -0.20811013443876863 7253 0 False