10.431880950927734 10.282732963562012
car 9.286606001008096 94.09817637834126 -23.134670725623707 4.181210041046143 1.994117259979248 1.3805816173553467 -2.4749542042855155 0.0 0.0 20001 0 False
car 22.536672774757676 113.22252245224922 -27.415468034248406 4.4777727127075195 2.069315195083618 2.0377910137176514 -0.9041588048115625 0.0 0.0 20011 0 False
car 75.1643219412448 53.6574431874088 -14.585428800780534 3.633375883102417 1.845113754272461 1.5012825727462769 0.6661923797675238 -10.262715959116546 12.751561329515141 7259 0 True
car -51.26789182343168 57.99435771585357 -14.2558874182902 4.552699089050293 2.097072124481201 1.7671663761138916 -0.9044112722697787 -1.7296419241214933e-09 -5.604777273966089e-09 7256 0 True
car -19.529715868019707 18.672245077712546 -5.633383282255203 4.673638820648193 1.8118125200271606 1.441947340965271 -0.9079122601014135 8.029056257656274 -10.109224407121822 7244 39 True
car -28.214793913422966 30.68715578856677 -8.333091447033802 4.673638820648193 1.8118125200271606 1.441947340965271 -1.107977042069647 1.954705781845313 -6.640287082052668 7255 16 True
car 42.730096129022456 100.06728339781648 -25.06511235418712 4.673638820648193 1.8118125200271606 1.441947340965271 0.667287736998664 -6.2008421468340895 7.669539328806757 7258 0 False
truck -76.7065059787598 83.45729004556844 -18.867270596240765 8.46804141998291 2.8910882472991943 3.8274123668670654 2.237510291005876 5.418803709941838 -6.719622542480961 7261 0 False
car -0.003621506579435163 3.041028395500689e-05 -1.32886697882293 4.855708599090576 2.0327565670013428 1.6493593454360962 0.0 10.431880957670499 10.282733465909978 -100 1992 False
car -24.79240922147531 18.87722014902164 -5.530182557310745 5.237514495849609 1.9297595024108887 1.638383150100708 2.237650106845008 -8.706428759948632e-08 -6.295904784110178e-08 7243 34 True
motorcycle -55.87351280599145 63.67080522386135 -15.658675741509398 2.0333523750305176 0.8025798797607422 1.499274730682373 -0.9036028944605684 2.4105776458333286 -2.9932001223264995 7257 0 False
pedestrian -20.14697091387265 57.85659665777547 -14.354044529205837 0.3753577768802643 0.3753577768802643 1.8600000143051147 0.685439561340332 -1.0007410395850116 1.1403474005060872 7251 0 False
pedestrian -38.227051807759665 28.489848965074543 -7.383697904720677 0.9953577518463135 0.3753577768802643 1.8600000143051147 2.149451346046024 1.7494641182490396 -3.030383187642717 7249 1 False
pedestrian -23.89306431090091 40.04048807928166 -10.184690082608498 0.3753577768802643 0.3753577768802643 1.8600000143051147 -3.064155594076792 0.8015590949753282 1.5040629694359564 7245 0 False
pedestrian -40.94075932624321 42.67598902623871 -11.533056866009275 0.3753577768802643 0.3753577768802643 1.8600000143051147 -2.9516182246335347 0.03215825911669143 -0.007194862435331203 7247 0 False
pedestrian -13.872139567539165 62.97601774357227 -15.598521725043767 0.3753577768802643 0.3753577768802643 1.8600000143051147 0.6886109840456645 -1.1507213093288617 1.3526500519552147 7253 0 False