-3.3842978155007586e-05 -0.015533127821981907
car 27.271895183959444 73.2445614059294 -0.7853464592022283 4.181210041046143 1.994117259979248 1.3805816173553467 3.1407550997034708 0.0 0.0 20001 0 False
car 49.80095165687817 80.43524021495136 -0.18049868140814418 4.4777727127075195 2.069315195083618 2.0377910137176514 -1.571629500822576 0.0 0.0 20011 0 False
car 115.37174652522239 -0.05894837707018041 0.3607725269220632 3.633375883102417 1.845113754272461 1.5012825727462769 -0.0011616698862711588 0.026326004897162313 18.423702862848206 7259 0 True
car -43.29188330531958 81.53153126321922 -1.901122872060121 4.552699089050293 2.097072124481201 1.7671663761138916 -1.5718819682807923 2.0588693470797354e-09 -1.3098903519642582e-10 7256 0 False
car -24.4587828505361 0.18239194158047667 -1.7933816661794384 4.673638820648193 1.8118125200271606 1.441947340965271 -0.03358150087441338 0.5541975366467782 8.530667456112381 7244 44 True
car -43.29013646832348 12.26039290475552 -2.0769271066603343 4.673638820648193 1.8118125200271606 1.441947340965271 -1.5591659257710508 0.35656869335106156 -12.237581951882119 7255 0 False
car 82.29656621265865 59.64845307937435 -0.1809505972643648 4.673638820648193 1.8118125200271606 1.441947340965271 0.7016641907869975 -8.712066943851132 0.6978739523176077 7258 0 False
car -0.0035952162108898733 8.859946092343307e-06 -1.3288560938188094 4.855708599090576 2.0327565670013428 1.6493593454360962 0.0 -3.384297860383593e-05 -0.015533127481397882 -100 1952 False
car -47.30315236485377 33.66577759376179 -2.0389170127679304 5.237514495849609 1.9297595024108887 1.638383150100708 1.5701794108339944 7.250786583577586e-09 2.574803478457051e-09 7243 0 False
motorcycle -43.28754311628106 88.09830565965183 -2.0313332349825117 2.0333523750305176 0.8025798797607422 1.4992756843566895 -1.5711092841146301 -5.1680948182525536e-08 -1.1738022613762009e-08 7257 0 False
pedestrian -13.423637132235122 62.29650668836467 -1.2901205493519305 0.3753577768802643 0.3753577768802643 1.8600000143051147 0.022138839441935218 -0.07458020405677883 1.6745892227599828 7251 0 False
pedestrian -50.784222865993335 61.40680797683996 -1.8529235405204794 0.9953577518463135 0.3753577768802643 1.8600000143051147 1.5221738422050475 -0.4322511782492523 -3.56054067269492 7249 0 False
pedestrian -35.17565698738994 55.71796990326436 -1.7217458183913632 0.3753577768802643 0.3753577768802643 1.8600000143051147 1.8842862129207185 1.0299469214387076 -1.4194983922663025 7245 0 False
pedestrian -44.546239763947824 62.809320975731566 -2.6270419708106436 0.3753577768802643 0.3753577768802643 1.8600000143051147 2.6640853535639444 -0.05851688843444164 0.03220499219314159 7247 0 False
pedestrian -4.561737424179043 62.48993350661277 -1.156343253372587 0.3753577768802643 0.3753577768802643 1.8600000143051147 -0.002569149333530002 0.008599433932402905 1.8270835069626548 7253 0 False