10.223848342895508 0.005091956350952387
car 9.769801827129015 70.57460879462363 -1.2816388947393844 4.181210041046143 1.994117259979248 1.3805816173553467 -1.5713791716288907 0.0 0.0 20001 0 False
car -64.50572065948748 70.17738202046122 -0.6210556888403707 5.357479572296143 2.033203125 1.4147460460662842 -1.5713786389971227 0.0 0.0 20003 0 False
car 2.576216891557408 93.1084151194514 -0.949996131789645 4.4777727127075195 2.069315195083618 2.0377910137176514 -0.0005837721549378931 0.0 0.0 20011 0 False
car 83.01585045448314 42.40701140725291 -2.142546497783872 3.633375883102417 1.845113754272461 1.5012825727462769 1.5713630440434958 -3.0309082322187395 -0.005214092310557279 7259 0 False
car -15.064559180049855 0.0007858827536353363 -1.1029923745478851 4.552699089050293 2.097072124481201 1.7671663761138916 -0.0001280061990922938 8.240925438623918 0.0031609424784513483 7256 151 True
car 29.55400840251616 27.063636627098326 -1.6909741797386064 4.673638820648193 1.8118125200271606 1.441947340965271 -1.5705200365869123 -10.191171568966423 -0.009906602153334734 7244 8 True
car 29.55398034879073 42.024504052202545 -1.690822491345369 4.673638820648193 1.8118125200271606 1.441947340965271 -1.552906037173104 -8.890773607698367 -0.28373978785992254 7255 6 True
car 25.5541072483083 40.42595746683122 -1.6537369963261792 4.673638820648193 1.8118125200271606 1.441947340965271 1.571221763467002 -7.429600073598484 -0.008757227231843504 7258 9 True
truck 0.9576016203817517 -4.006042189072975 -0.23735529758833263 8.46804141998291 2.8910882472991943 3.8274123668670654 -3.141543668773378 3.3934302828596645 0.0022915032437065322 7261 11903 False
car -11.698152178566772 -3.9986161659024475 -1.1991343181403908 4.611005783081055 2.241713285446167 1.6672759056091309 3.141365487972532 3.7748519091822312 0.00048241843715095435 7260 325 True
car -0.0035927618249047555 7.552452951919975e-08 -1.3288562042574394 4.855708599090576 2.0327565670013428 1.6493593454360962 0.0 10.223847937171156 0.005091956415656072 -100 1933 False
car 54.0889646382347 -4.002682560759414 -1.8201474899112817 5.237514495849609 1.9297595024108887 1.638383150100708 3.137955579393024 -0.00018658643524559085 -1.5319249573581544e-06 7243 4 True
motorcycle -31.401700890036693 0.00700658176948199 -1.0820376968147154 2.0333523750305176 0.8025798797607422 1.499274730682373 -0.0005207403632206971 7.382462400571434 -0.003169834569965466 7257 0 True
pedestrian 21.246320043922935 16.078297263270795 -1.2792845593559705 0.3753577768802643 0.3753577768802643 1.8600000143051147 1.577829992656133 -1.3776919886178407 -0.019849497458919077 7251 1 True
pedestrian 51.279118574576046 -9.094281026644367 -1.5561471389337438 0.9953577518463135 0.3753577768802643 1.8600000143051147 -3.137920174854853 3.3051973969956823 0.041488658071467226 7249 2 True
pedestrian 32.99777754975793 16.564317485922555 -1.3783524113436707 0.3753577768802643 0.3753577768802643 1.8600000143051147 -1.5209128442312265 -1.7279367869700444 -0.29903359671000684 7245 1 True
pedestrian 18.388150459865813 -4.6597483017045365 -1.356554050064076 0.9953577518463135 0.3753577768802643 1.8600000143051147 1.5042722138992495 -3.6708303466525702 0.4074246585963457 7247 3 True
pedestrian 21.09537701192255 22.8827589004152 -1.2777261973560412 0.3753577768802643 0.3753577768802643 1.8600000143051147 1.636707907251843 -1.6606283645321076 -0.1495512581247123 7253 0 True