15.67044734954834 0.03102213516831398
car -23.851324417311787 70.61702518201311 -0.9845376106238279 4.181210041046143 1.994117259979248 1.3805816173553467 -1.572695135874804 0.0 0.0 20001 0 True
car -31.015861534276894 93.16013518277092 -0.6563761071363725 4.4777727127075195 2.069315195083618 2.0377910137176514 -0.0018997364008510294 0.0 0.0 20011 0 False
car 49.37154742058823 58.76268412260241 -1.7121813141539985 3.633375883102417 1.845113754272461 1.5012825727462769 1.5702837014605704 -9.818943529899466 -0.008555317398812334 7259 0 False
car -32.21565727452071 0.05332472354608497 -1.009549975112134 4.552699089050293 2.097072124481201 1.7671663761138916 -0.0021522038590672116 -0.0009114927024772112 4.1744520707950235e-07 7256 24 True
car -2.4870505061902577 4.137615364946951 -1.3978882233664254 4.673638820648193 1.8118125200271606 1.441947340965271 -1.027551714363048 -3.1003632572896747 -6.965353808301812 7244 1694 True
car -4.126035263183894 19.250826238500565 -1.3800678046265662 4.673638820648193 1.8118125200271606 1.441947340965271 -1.5710233379126153 -9.134270555901363 -0.005637459419814222 7255 85 True
car -8.079741299965747 61.78255855906718 -1.3304210169329975 4.673638820648193 1.8118125200271606 1.441947340965271 1.5697489391653772 -13.303544843996955 0.0031210231023156634 7258 8 True
truck -46.39702654167513 -3.93332327366517 0.10975775126901954 8.46804141998291 2.8910882472991943 3.8274123668670654 3.1397946594255735 6.6439717815205706 -0.009364995076798298 7261 56 True
car -64.74938998023669 -3.895995049153809 -0.8332550161881569 4.611005783081055 2.241713285446167 1.6672759056091309 3.1398559120789074 10.870945462020682 -0.017705063994608146 7260 0 False
car -0.0036161085733965592 -1.3496040285332356e-08 -1.3288559172368473 4.855708599090576 2.0327565670013428 1.6493593454360962 0.0 15.670446838153739 0.031022134821789497 -100 1930 False
car 16.6929034884144 -4.011857833360477 -1.4459501508768589 5.237514495849609 1.9297595024108887 1.638383150100708 3.1397270151910224 3.760586645558152 -0.004725396298487534 7243 119 True
motorcycle -46.94310266777637 0.07331937515375153 -1.035550971712024 2.0333523750305176 0.8025798797607422 1.4992752075195312 -0.001436758427512832 0.7586892194157606 -0.00015529804231819789 7257 0 True
pedestrian -12.700246857037257 20.07584878595565 -0.9811479074916294 0.3753577768802643 0.3753577768802643 1.8600000143051147 1.6057476561614645 -1.4757956366237395 -0.08991523151425243 7251 1 True
pedestrian 9.416894371234719 -9.056900954204679 -1.1565965260127928 0.9953577518463135 0.3753577768802643 1.8600000143051147 3.1311116963416703 3.1384762658448713 -0.06426334177113412 7249 23 True
pedestrian -0.23576439791639814 13.179700145836245 -1.0666335182113316 0.3753577768802643 0.3753577768802643 1.8600000143051147 -1.752437984450396 -1.6402335845163223 0.6031007559955114 7245 18 True
pedestrian -13.705583569065084 -1.6245860394598872 -1.840556785534452 0.3753577768802643 0.3753577768802643 1.8600000143051147 1.0552763856521683 0.366281497217675 -0.11048941950628174 7247 15 True
pedestrian -12.900499236742462 27.58562872594236 -0.9760648540095977 0.3753577768802643 0.3753577768802643 1.8600000143051147 1.5871954258881116 -1.7553208193059466 -0.07411622513022047 7253 2 True