-0.01009970623999834 8.889092445373535
car 30.544655986644088 73.24204040663909 -0.8893243764011571 4.181210041046143 1.994117259979248 1.3805816173553467 3.140632594396803 0.0 0.0 20001 0 False
car 53.07737188364398 80.42995320883279 -0.3987097751916906 4.4777727127075195 2.069315195083618 2.0377910137176514 -1.5717520061292438 0.0 0.0 20011 0 False
car 103.83246153018533 -0.056810959252857174 -0.3398396134825603 3.633375883102417 1.845113754272461 1.5012825727462769 -0.0007897597541809083 0.01178231539892337 18.591554809415815 7259 0 True
car -40.022859728187676 81.537662713207 -1.6469220913515343 4.552699089050293 2.097072124481201 1.7671663761138916 -1.57200447358746 2.033918740485653e-09 -1.866344455988218e-10 7256 0 False
car -29.617482085191547 0.4967187649292555 -1.7178983737172187 4.673638820648193 1.8118125200271606 1.441947340965271 0.014351363518185084 0.027564938951238013 10.153531846991005 7244 25 True
car -40.03828801531512 20.474760160490177 -1.823907991059514 4.673638820648193 1.8118125200271606 1.441947340965271 -1.572869999950582 -0.028759676099988717 -9.434165106776161 7255 0 False
car 79.69322439178109 57.48064726787277 -0.6229269262536727 4.673638820648193 1.8118125200271606 1.441947340965271 0.0245970682097541 -0.5212599490844674 6.549683469613619 7258 0 False
car -0.003600234533635671 4.42372649445133e-05 -1.3288563798619684 4.855708599090576 2.0327565670013428 1.6493593454360962 0.0 -0.010099705775214471 8.889092083275973 -100 1971 False
car -44.04063861812212 33.672402724954395 -1.7649760840103674 5.237514495849609 1.9297595024108887 1.638383150100708 1.5700569055273268 -2.0782493990283323e-08 2.00453072038458e-08 7243 0 False
motorcycle -40.01837605155758 88.10443822283167 -1.777068321845914 2.0333523750305176 0.8025798797607422 1.4992756843566895 -1.5712317894212977 -5.636999639751516e-08 -2.0892790925227424e-09 7257 0 False
pedestrian -11.5023851728571 62.270659804586444 -1.201243102253457 0.3753577768802643 0.3753577768802643 1.8600000143051147 0.019712435422261552 -0.06874639296997401 1.7036144252089436 7251 0 False
pedestrian -47.71535446405769 58.559582486630006 -1.5630192928764202 0.9953577518463135 0.3753577768802643 1.8600000143051147 1.4976277734870909 -0.5199589856883188 -3.5488266365654195 7249 0 False
pedestrian -31.47653896852512 54.388463709234316 -1.5047629077244846 0.3753577768802643 0.3753577768802643 1.8600000143051147 1.8841613107710942 1.0298352298619238 -1.419627168013946 7245 0 False
pedestrian -41.34520356889243 62.84762724266403 -2.3673157845333033 0.3753577768802643 0.3753577768802643 1.8600000143051147 2.663965245100233 -0.0380880242569948 0.021022610093241308 7247 0 False
pedestrian -2.752163143051142 62.48971862842325 -1.1135567382738403 0.3753577768802643 0.3753577768802643 1.8600000143051147 -0.0038316197819179957 0.004641061999997857 1.822993651977727 7253 0 False