14.672480583190918 0.04560099169611931
car -20.71261873326864 70.64772766831108 -0.9703903176840822 4.181210041046143 1.994117259979248 1.3805816173553467 -1.5740838381016806 0.0 0.0 20001 0 True
car -94.98951275642602 70.45097834477616 -0.377521595954478 5.357479572296143 2.033203125 1.4147460460662842 -1.5740833054699126 0.0 0.0 20003 0 False
car -27.84553119591891 93.20067618678435 -0.6296721680404733 4.4777727127075195 2.069315195083618 2.0377910137176514 -0.003288438627727828 0.0 0.0 20011 0 False
car 52.48940632768807 56.77855400439993 -1.7740417762980156 3.633375883102417 1.845113754272461 1.5012825727462769 1.5687694312943592 -9.458429414808833 0.006963391969336467 7259 0 False
car -29.293744748715596 0.09605575215021467 -1.003017361297085 4.552699089050293 2.097072124481201 1.7671663761138916 -0.0028693984190183174 1.9820261135559596 -0.004522013115277706 7256 26 True
car -0.2320386732365023 5.5471885493107935 -1.4135236146968366 4.673638820648193 1.8118125200271606 1.441947340965271 -1.241049966134789 -6.492019312690363 -5.7002737917999085 7244 1632 True
car -1.0554374664523607 21.114977329642304 -1.3964484346509742 4.673638820648193 1.8118125200271606 1.441947340965271 -1.57080429114742 -9.05033242125915 -0.01662795657161352 7255 54 True
car -4.960093035543366 59.20234762119987 -1.3356806759959419 4.673638820648193 1.8118125200271606 1.441947340965271 1.5682457211083545 -12.534508540605225 0.02240186947406229 7258 7 True
truck -42.04887582032654 -3.876366547374545 0.11646110202371629 8.46804141998291 2.8910882472991943 3.8274123668670654 3.1373140620740494 6.441139679156745 -0.026100858195637188 7261 54 True
car -59.58088213978448 -3.8152399873819176 -0.8153790000266841 4.611005783081055 2.241713285446167 1.6672759056091309 3.13849011301806 10.37426558973398 -0.030964499488939246 7260 0 False
car -0.0036092148269517565 -1.0040054343463112e-09 -1.3288560223392114 4.855708599090576 2.0327565670013428 1.6493593454360962 0.0 14.67247944104743 0.04560098236728379 -100 1984 False
car 20.4609060877533 -4.039301487467581 -1.4953647780415626 5.237514495849609 1.9297595024108887 1.638383150100708 3.1379982275802005 4.751927912923776 -0.015427823732864323 7243 75 True
motorcycle -44.48421989614559 0.13781861081663305 -1.006864292357176 2.0333523750305176 0.8025798797607422 1.4992749691009521 -0.0027622782837020024 6.108375334589801 -0.01399897944279024 7257 0 False
pedestrian -9.62095654207559 19.780360343090905 -0.9906786321072092 0.3753577768802643 0.3753577768802643 1.8600000143051147 1.5922297301530017 -1.5719236878090364 -0.04621266623433809 7251 6 True
pedestrian 13.07239327385389 -9.079747693852523 -1.1998160574119434 0.9953577518463135 0.3753577768802643 1.8600000143051147 3.1278244281773273 3.1435072141655436 -0.08808581892047367 7249 18 True
pedestrian 2.8875361974661473 13.518865149917424 -1.0899960838151626 0.3753577768802643 0.3753577768802643 1.8600000143051147 -1.743501619852254 -1.3862865750746982 0.39330209897408797 7245 20 True
pedestrian -10.88446925741431 -1.5736041094904771 -1.4409980593016165 0.9953577518463135 0.3753577768802643 1.8600000143051147 0.5275187327921366 -0.7873783821439004 0.4806386051564909 7247 16 True
pedestrian -9.816527425433776 27.249736237336712 -0.9835285112124352 0.3753577768802643 0.3753577768802643 1.8600000143051147 1.5899292935464886 -1.7731095813019624 -0.1355244143022002 7253 5 True