13.395359992980957 0.007146840449422598
car -6.054573410925684 70.57518415970112 -1.241377565434144 4.181210041046143 1.994117259979248 1.3805816173553467 -1.571329960179078 0.0 0.0 20001 0 False
car -80.33078676329822 70.17431856880724 -1.8168489898649627 5.357479572296143 2.033203125 1.4147460460662842 -1.57132942754731 0.0 0.0 20003 0 False
car -13.253781133036739 93.10864464986068 -1.0299992366842878 4.4777727127075195 2.069315195083618 2.0377910137176514 -0.0005345607051251059 0.0 0.0 20011 0 False
car 67.19486806678748 47.50145028698065 -0.883256378417971 3.633375883102417 1.845113754272461 1.5012825727462769 1.571237951747191 -5.959724832963912 -0.008573758482608596 7259 0 True
car -21.519916769347276 -2.2496271337768547e-05 -1.4059358120720842 4.552699089050293 2.097072124481201 1.7671663761138916 3.990690857637673e-05 7.94564668862603 0.003812753119460787 7256 60 True
car 13.736713575452598 15.19054427719615 -1.3210045304944038 4.673638820648193 1.8118125200271606 1.441947340965271 -1.5708667036987554 -7.340237674419936 -0.0031962277898610904 7244 83 True
car 13.747726304437549 31.693167542601316 -1.3207307717950272 4.673638820648193 1.8118125200271606 1.441947340965271 -1.5727229254106556 -8.526838196210424 0.029968768709579992 7255 27 True
car 9.735977164451299 47.311993958768745 -1.3501001125094865 4.673638820648193 1.8118125200271606 1.441947340965271 1.5707600478932449 -6.929757418554885 -0.0025349617078061193 7258 4 False
truck -20.3632443774286 -4.006292206615943 -0.38239573909866387 8.46804141998291 2.8910882472991943 3.8274123668670654 -3.141585004724146 5.0260438973483055 0.0030572675753085922 7261 359 True
car -34.07832899744665 -3.998576579225173 -1.5627866521331835 4.611005783081055 2.241713285446167 1.6672759056091309 3.1414882026063458 7.2065013132407145 0.0010529622897014496 7260 14 True
car -0.003628601593561598 2.130658227628146e-08 -1.328856574780798 4.855708599090576 2.0327565670013428 1.6493593454360962 0.0 13.395360264024898 0.007146840603057946 -100 2036 False
car 38.26812590945872 -3.999939276102915 -1.040636641873602 5.237514495849609 1.9297595024108887 1.638383150100708 3.138010383476402 -0.01920818795971653 8.980529629094853e-05 7243 15 True
motorcycle -38.54860995520187 0.002210349635760611 -1.661999045087903 2.0333523750305176 0.8025798797607422 1.499274730682373 -0.0003713742981597057 7.7256162837298445 -0.0016252457698945775 7257 2 True
pedestrian 5.222410275425034 17.893454031505176 -1.0482879587469327 0.3753577768802643 0.3753577768802643 1.8600000143051147 1.7176744037566043 -1.533330984183168 -0.46930918685451306 7251 1 True
pedestrian 31.723027675719095 -9.092537901783583 -0.8509463228793406 0.9953577518463135 0.3753577768802643 1.8600000143051147 3.1371347368496116 3.0218013007806457 -0.004674317866308805 7249 5 True
pedestrian 17.52378504500581 15.012344172421827 -0.947737818204839 0.3753577768802643 0.3753577768802643 1.8600000143051147 -1.2235039719058816 -1.1746669734586679 -0.9303554102520258 7245 5 True
pedestrian 3.0478817361871506 -0.7876547389577013 -1.1675898574373065 0.9953577518463135 0.3753577768802643 1.8600000143051147 1.505427435215565 -2.127657109530919 0.28490558116586695 7247 9 True
pedestrian 5.1333688078898945 25.01286258176112 -1.0489357247668472 0.3753577768802643 0.3753577768802643 1.8600000143051147 1.6006414890324663 -1.7422274739023331 -0.1114177922135162 7253 7 True