5.6188483238220215 12.043126106262207
car 44.48945214904833 83.77077379897577 -19.563457096412975 4.181210041046143 1.994117259979248 1.3805816173553467 -2.901023133505927 0.0 0.0 20001 0 False
car 64.64983972677035 95.9362929107026 -21.841396377952385 4.4777727127075195 2.069315195083618 2.0377910137176514 -1.3302277340319741 0.0 0.0 20011 0 False
car 92.324289763694 21.68482055629113 -5.512932008078565 3.633375883102417 1.845113754272461 1.5012825727462769 0.23993689627032808 -4.067856181711833 16.255172316770327 7259 0 True
car -26.015266804961442 75.02447939394631 -18.23963125056197 4.552699089050293 2.097072124481201 1.7671663761138916 -1.3304802014901902 -1.9955053767952624e-09 -4.076897115598512e-09 7256 0 True
car -12.766295748260774 22.48341930815627 -6.591410296159907 4.673638820648193 1.8118125200271606 1.441947340965271 -1.3315161701491478 3.386052665542567 -13.622871447234234 7244 40 True
car -16.384357775089214 39.041081393028946 -10.314540764812506 4.673638820648193 1.8118125200271606 1.441947340965271 -1.4709635447405178 -0.10111434248065451 -6.061627711158615 7255 18 True
car 80.4341692637903 76.54497999571538 -17.89004341158396 4.673638820648193 1.8118125200271606 1.441947340965271 0.2412262646230062 -2.3205308780659792 9.175929454954723 7258 0 False
car -0.0036030316735775614 1.3893642574203113e-05 -1.3288542735654687 4.855708599090576 2.0327565670013428 1.6493593454360962 0.0 5.618848244377386 12.043126606400497 -100 1980 False
car -18.468429454722354 28.721480226896006 -7.928603118094671 5.237514495849609 1.9297595024108887 1.638383150100708 1.8115811776245963 2.3080388039769028e-07 -3.7729668151738996e-07 7243 13 True
motorcycle -27.63196946388183 81.41657027311464 -19.812111420561024 2.0333523750305176 0.8025798797607422 1.4992746114730835 -1.329672362489508 0.5793983489380966 -2.293341430008481 7257 0 False
pedestrian 2.7211169642263684 62.57399347412132 -15.063816137018875 0.3753577768802643 0.3753577768802643 1.8600000143051147 0.2640468727281359 -0.4354097588070424 1.4425997429463873 7251 0 False
pedestrian -26.808521529663963 43.91451713484804 -11.14145442279775 0.9953577518463135 0.3753577768802643 1.8600000143051147 1.7056460452630782 0.12249109434183225 -3.4986336213146694 7249 0 True
pedestrian -9.09927833287756 48.01112563104897 -11.902250725629585 0.3753577768802643 0.3753577768802643 1.8600000143051147 2.3799994089817473 1.752574823618952 0.06006745267818428 7245 0 False
pedestrian -23.001492893651218 56.89334825968905 -14.894915951085167 0.3753577768802643 0.3753577768802643 1.8600000143051147 2.905492846146054 0.027151941774015594 -0.018719813308796525 7247 0 False
pedestrian 10.689094757831114 64.7468065037582 -15.483469430505181 0.3753577768802643 0.3753577768802643 1.8600000143051147 0.242262899201711 -0.4439822820021461 1.6829178182117521 7253 0 False