8.406621932983398 0.005196071695536375
car 12.59153755170803 70.57159291458224 -1.3187734233168698 4.181210041046143 1.994117259979248 1.3805816173553467 -1.5716193481798084 0.0 0.0 20001 0 False
car -61.683625080350225 70.19223359652027 -0.6088994145678557 5.357479572296143 2.033203125 1.4147460460662842 -1.5716188155480404 0.0 0.0 20003 0 False
car 5.403585752461879 93.10714019941447 -0.9833216544839849 4.4777727127075195 2.069315195083618 2.0377910137176514 -0.0008239487058554275 0.0 0.0 20011 0 False
car 85.83073800593922 41.55144065281577 -2.2270431314433274 3.633375883102417 1.845113754272461 1.5012825727462769 1.5711431074997673 -2.5235922404685094 -0.0038323756117728228 7259 0 False
car -14.441282384973704 0.004509754509779196 -1.0999979218911786 4.552699089050293 2.097072124481201 1.7671663761138916 -0.00044141805768178573 5.871422327497337 0.00015261614207023113 7256 157 True
car 32.3649503645193 29.830966423829793 -1.7393522843056197 4.673638820648193 1.8118125200271606 1.441947340965271 -1.5708226642126422 -8.174241891024694 -0.005889158947459151 7244 11 True
car 32.30218672881307 44.69459772315521 -1.7389977790632387 4.673638820648193 1.8118125200271606 1.441947340965271 -1.5071437400170344 -8.197975575905106 -0.889734713096821 7255 0 True
car 28.36799151580982 38.49581863733961 -1.7001115123033546 4.673638820648193 1.8118125200271606 1.441947340965271 1.5705414999176748 -5.497162293738023 -0.0017849239503255157 7258 10 True
truck 4.76387916352752 -4.007112717721018 -0.27477863878616127 8.46804141998291 2.8910882472991943 3.8274123668670654 3.141410802049328 3.246843332979666 -0.00017210572795045372 7261 6824 True
car -7.893671949141776 -3.9968456232135052 -1.2285753351553983 4.611005783081055 2.241713285446167 1.6672759056091309 3.141112794575064 2.8702082153234807 -0.0005291690453350169 7260 801 True
car -0.003599949783449574 -7.021839332210789e-09 -1.3288563699163949 4.855708599090576 2.0327565670013428 1.6493593454360962 0.0 8.406621932674314 0.0051960711504554485 -100 1951 False
car 56.89227055292935 -4.016368816574908 -1.8835089460624337 5.237514495849609 1.9297595024108887 1.638383150100708 3.1377154028421064 -0.0008919847692947283 -3.168420121554859e-05 7243 6 True
motorcycle -30.46041354046656 0.015416254745558522 -1.0700302871277376 2.0333523750305176 0.8025798797607422 1.499274730682373 -0.0006024783101975917 4.798541872686032 -0.0006118596231131201 7257 0 True
pedestrian 24.057770921775443 15.65916422496181 -1.3217242599396104 0.3753577768802643 0.3753577768802643 1.8600000143051147 1.577455859215533 -1.3747907629814067 -0.018532872924196194 7251 0 True
pedestrian 55.073033037027415 -9.101909294067191 -1.6272308644412599 0.9953577518463135 0.3753577768802643 1.8600000143051147 -3.130894987772721 3.3593658405233464 0.07644892765033479 7249 0 True
pedestrian 35.77049850397043 17.080115015529913 -1.4282402410847324 0.3753577768802643 0.3753577768802643 1.8600000143051147 -1.384507139618441 -1.5997739122574746 -0.7181117404792307 7245 3 True
pedestrian 21.12115975608384 -5.770400335630666 -1.3954729854406662 0.9953577518463135 0.3753577768802643 1.8600000143051147 1.5644097098451277 -3.6055288251785536 -0.8008205471636011 7247 6 True
pedestrian 23.930806882508648 22.35963197417175 -1.3205761086404681 0.3753577768802643 0.3753577768802643 1.8600000143051147 1.5939630498151867 -1.6632639244777172 -0.0776160315810875 7253 0 True