-0.07264180481433868 17.689226150512695
car 49.57845203767036 73.56414338236453 -0.6627318651446785 4.181210041046143 1.994117259979248 1.3805816173553467 -3.1358676705991955 0.0 0.0 20001 0 False
car 72.06778755193133 80.90070958628854 -0.4765773017352828 4.4777727127075195 2.069315195083618 2.0377910137176514 -1.5650722711252425 0.0 0.0 20011 0 False
car 97.41943586783431 0.6225261457431657 -2.103546907133424 3.633375883102417 1.845113754272461 1.5012825727462769 0.0052639997643364805 -0.09028536164339837 18.64488934141521 7259 0 True
car -21.04534194892914 81.3816663058895 -0.08692911003149462 4.552699089050293 2.097072124481201 1.7671663761138916 -1.5653247385834588 -1.4973292622353298e-11 1.2261290230817658e-09 7256 0 False
car -20.564568087613377 13.025176892319678 -1.1069890320539795 4.673638820648193 1.8118125200271606 1.441947340965271 -1.5300517323714362 1.199520064132087 -15.397360542391176 7244 44 True
car -20.656083731916382 35.21122430524491 -0.8332780305060892 4.673638820648193 1.8118125200271606 1.441947340965271 -1.5841948147838447 -0.37142638346937656 -11.709441885879537 7255 0 False
car 90.14005872180849 58.04063952867375 -1.3844308231957534 4.673638820648193 1.8118125200271606 1.441947340965271 0.0063134175054762095 -0.049998248948965075 7.085721595926719 7258 0 False
car -0.003598218322810709 6.457994686570601e-06 -1.3288564869230814 4.855708599090576 2.0327565670013428 1.6493593454360962 0.0 -0.07264179945199542 17.689225098581836 -100 1944 False
car -24.74474460521206 33.494859017950375 -0.7254134648392494 5.237514495849609 1.9297595024108887 1.638383150100708 1.5767366405313281 -1.1718243662587884e-08 2.3146274466125496e-08 7243 0 False
motorcycle -21.087006098402117 87.94947783150297 -0.13612341010456852 2.0333523750305176 0.8025798797607422 1.4992748498916626 -1.5645520357244702 -1.367921272413529e-06 8.195907407336291e-05 7257 0 False
pedestrian 5.314882823807583 62.244712027028584 -0.36009925611272386 0.3753577768802643 0.3753577768802643 1.8600000143051147 0.034898832394917804 -0.08292040623813925 1.5689315039814862 7251 0 False
pedestrian -28.913160286022375 53.743684784808295 -0.20661157960620358 0.9953577518463135 0.3753577768802643 1.8600000143051147 1.4695913687926399 -0.741126035778506 -3.5092867793403326 7249 0 False
pedestrian -11.544298082373501 51.96205859741525 -0.4633180393582883 0.3753577768802643 0.3753577768802643 1.8600000143051147 1.8909057605349222 1.0399972974949698 -1.4114271139677919 7245 0 False
pedestrian -22.355426104853432 62.74408340722289 -1.013292417772611 0.3753577768802643 0.3753577768802643 1.8600000143051147 2.6706463116836545 0.00414235043596471 -0.0011813280386848409 7247 0 False
pedestrian 13.80839578396268 62.535163537270364 -0.42029075461376664 0.3753577768802643 0.3753577768802643 1.8600000143051147 0.012133617993672689 -0.05089073666135138 1.8115807194976477 7253 0 False