-0.21884948015213013 17.25015640258789
car 51.857106845838075 73.2196538314434 -0.8287687550628959 4.181210041046143 1.994117259979248 1.3805816173553467 3.140101427366045 0.0 0.0 20001 0 False
car 74.39890643165498 80.39448868445578 -0.6905827797535835 4.4777727127075195 2.069315195083618 2.0377910137176514 -1.572283173160002 0.0 0.0 20011 0 False
car 97.31122634163619 -0.06179991710428112 -2.285904415309119 3.633375883102417 1.845113754272461 1.5012825727462769 -0.0019169417334662542 0.04305044363544733 18.503663986496 7259 0 True
car -18.707460612287402 81.545141040511 -0.12617164505199696 4.552699089050293 2.097072124481201 1.7671663761138916 -1.5725356406182185 2.122145949776615e-10 -1.1412748060096228e-10 7256 0 False
car -18.757756878450145 14.724853982653372 -1.0763323068912278 4.673638820648193 1.8118125200271606 1.441947340965271 -1.5626524521820477 0.2998018662568959 -15.22973843665775 7244 33 True
car -18.62576328766151 36.522085968489534 -0.8245045998557439 4.673638820648193 1.8118125200271606 1.441947340965271 -1.5987933215230306 -0.5908911765060045 -11.129402264549212 7255 0 False
car 91.59355513117227 57.40498376107945 -1.6081692292323169 4.673638820648193 1.8118125200271606 1.441947340965271 -0.0009677919226752387 0.003045617315066834 7.202802273331072 7258 0 False
car -0.003599946197685 -5.099946008613188e-06 -1.3288560171726331 4.855708599090576 2.0327565670013428 1.6493593454360962 0.0 -0.21884947370874014 17.250156483169633 -100 1910 False
car -22.752166133053926 33.685694779016444 -0.7206987269164236 5.237514495849609 1.9297595024108887 1.638383150100708 1.5695257384965684 -1.4776668296326563e-08 1.9360065637679024e-08 7243 0 False
motorcycle -18.70200835936781 88.11313509962321 -0.1803787158156207 2.0333523750305176 0.8025798797607422 1.499274730682373 -1.5717629004385956 -4.306297048916784e-07 0.00013028125385668876 7257 0 False
pedestrian 7.356863810253451 62.21296024832469 -0.43274422069322327 0.3753577768802643 0.3753577768802643 1.8600000143051147 0.011772493654886881 -0.06378407044890713 1.5688252679191417 7251 0 False
pedestrian -26.812752379960713 53.60780229850417 -0.21347970367268765 0.9953577518463135 0.3753577768802643 1.8600000143051147 1.4623804667578804 -0.7664006270311996 -3.5038956357651996 7249 0 False
pedestrian -9.364884040412548 51.89086830739768 -0.5001392292118716 0.3753577768802643 0.3753577768802643 1.8600000143051147 1.883794194324917 1.0310316937519852 -1.4184231539310626 7245 0 False
pedestrian -20.15973344513274 62.92012589621902 -1.035596638643292 0.3753577768802643 0.3753577768802643 1.8600000143051147 2.663435675964779 0.00695311175078141 -0.0016910245272717635 7247 0 False
pedestrian 15.827898740738895 62.44922649160094 -0.5088295393867242 0.3753577768802643 0.3753577768802643 1.8600000143051147 0.02010338714006212 -0.04344435353093575 1.810938079017881 7253 0 False