17.635988235473633 0.010610029101371765
car -46.02144959846515 70.57874430959258 -0.9235904436361386 4.181210041046143 1.994117259979248 1.3805816173553467 -1.5713946661288944 0.0 0.0 20001 0 False
car -53.21576637060258 93.11266556772011 -0.6165265496556489 4.4777727127075195 2.069315195083618 2.0377910137176514 -0.0005992666549414412 0.0 0.0 20011 0 False
car 27.207639481387616 74.18762826843474 -1.5354988287955966 3.633375883102417 1.845113754272461 1.5012825727462769 1.5711186510411426 -13.432853030573192 -0.017473382727403 7259 0 False
car -54.291959172694135 0.004214005130072751 -0.9269939668361735 4.552699089050293 2.097072124481201 1.7671663761138916 -0.0008517341131576233 -2.659263863405701e-08 3.279891298733932e-08 7256 11 True
car -16.286582567315236 0.5085437762597635 -1.324613470017972 4.673638820648193 1.8118125200271606 1.441947340965271 -0.13929300045399617 4.356606271491654 -1.1355247662189745 7244 113 True
car -26.171123999566987 9.083636485195976 -1.2662847902196734 4.673638820648193 1.8118125200271606 1.441947340965271 -1.5320235910929514 -8.972148634401679 -0.8767158979035684 7255 56 True
car -30.23759240900739 81.54018837937612 -1.2416486385729493 4.673638820648193 1.8118125200271606 1.441947340965271 1.570812387774473 -15.661843974933953 -0.010747497714935883 7258 0 False
truck -77.9050776716191 -3.9976473347070405 0.2261708919224117 8.46804141998291 2.8910882472991943 3.8274123668670654 3.1413100460899197 7.785252423296426 -0.0013426459010270992 7261 0 True
car -102.931241110837 -3.9804953496221565 -0.7052258153658804 4.611005783081055 2.241713285446167 1.6672759056091309 3.1412224281640637 13.687525978140902 -0.0018723548861660606 7260 0 False
car -0.0035791805055396253 -5.6070945664288274e-08 -1.3288563846084438 4.855708599090576 2.0327565670013428 1.6493593454360962 0.0 17.635988052770067 0.010610030068689972 -100 1911 False
car -6.426557975943695 -3.997403718769725 -1.2836043928302034 5.237514495849609 1.9297595024108887 1.638383150100708 3.1412096450016294 -0.0001027444879208693 1.757336391850527e-07 7243 1078 True
motorcycle -65.78095261846602 0.005206796231462363 -0.9888449872420071 2.0333523750305176 0.8025798797607422 1.4992749691009521 2.5414571629216273e-05 3.986022036522388 0.0025864448276506653 7257 0 False
pedestrian -34.902280149430794 22.0835282665492 -0.8796889846694234 0.3753577768802643 0.3753577768802643 1.8600000143051147 1.5860923947803767 -1.5217767496933825 -0.04828456087977457 7251 0 False
pedestrian -17.074630881479095 -8.934299223586756 -0.9832479828677969 0.9953577518463135 0.3753577768802643 1.8600000143051147 3.1157533085919544 3.5712923207998224 -0.18728259454130303 7249 13 True
pedestrian -22.266382908264347 11.46736126586569 -0.9442722124567413 0.3753577768802643 0.3753577768802643 1.8600000143051147 -1.584277563862371 -1.1737454051754443 -0.009176108338855266 7245 3 True
pedestrian -35.74123029825222 -1.5803011812655638 -1.7421569731719013 0.3753577768802643 0.3753577768802643 1.8600000143051147 -2.0480598848983917 0.025054298443248125 0.04925972517084937 7247 4 True
pedestrian -35.12058378104098 29.877538546717112 -0.8782918453053865 0.3753577768802643 0.3753577768802643 1.8600000143051147 1.6280549896841106 -1.7853246953609523 -0.20720093584762997 7253 0 False