-2.8376694899634458e-05 -0.013750622048974037
car 27.25807553439506 73.24468760034921 -0.4652889665787221 4.181210041046143 1.994117259979248 1.3805816173553467 3.140760026547326 0.0 0.0 20001 0 False
car 49.77826899104892 80.4355086490176 0.40823606423854164 4.4777727127075195 2.069315195083618 2.0377910137176514 -1.571624573978721 0.0 0.0 20011 0 False
car 113.4968607492844 -0.056395591965895164 1.685982877312644 3.633375883102417 1.845113754272461 1.5012825727462769 -0.0011474219864739312 0.025477619951264036 18.421901324536503 7259 0 True
car -43.28738667105041 81.53124361372318 -2.4239125176412415 4.552699089050293 2.097072124481201 1.7671663761138916 -1.5718770414369372 2.550681512269668e-09 4.412307146089609e-10 7256 0 False
car -25.347782279349982 0.21193620139609948 -2.1120067481754257 4.673638820648193 1.8118125200271606 1.441947340965271 -0.03717250425508287 0.6719719071134289 9.374721275018452 7244 40 True
car -43.29629543409153 13.459297893908797 -2.5972493489462765 4.673638820648193 1.8118125200271606 1.441947340965271 -1.5689950549435723 0.055234100102606945 -11.677364702722619 7255 0 False
car 81.6270393726049 59.07102444222875 0.779296356170347 4.673638820648193 1.8118125200271606 1.441947340965271 0.5582960972357855 -7.969091242109373 3.138279993908203 7258 0 False
car -0.003593858452610732 -3.3241871335576434e-05 -1.3288560631059383 4.855708599090576 2.0327565670013428 1.6493593454360962 0.0 -2.837669383827448e-05 -0.013750621622536983 -100 1949 False
car -47.296497930423904 33.665463639251755 -2.6076348569545544 5.237514495849609 1.9297595024108887 1.638383150100708 1.5701843376778497 2.6595982352191627e-08 -1.4479009855077288e-07 7243 0 False
motorcycle -43.28152303228457 88.0980126740904 -2.554330624833061 2.0333523750305176 0.8025798797607422 1.4992756843566895 -1.5711043572707748 -4.2846750861648156e-08 -2.8131237647363395e-09 7257 0 False
pedestrian -13.595653807485043 62.292631976740495 -1.4600364317480319 0.3753577768802643 0.3753577768802643 1.8600000143051147 0.0217180603451199 -0.0731536091525166 1.678200933986045 7251 0 False
pedestrian -50.79417028800401 61.05633649780452 -2.4647395071463407 0.9953577518463135 0.3753577768802643 1.8600000143051147 1.4977746466971502 -0.5188485189632029 -3.548934528882422 7249 0 False
pedestrian -35.11969845398214 55.550939263756106 -2.1451107161778706 0.3753577768802643 0.3753577768802643 1.8600000143051147 1.8842911397645739 1.0296947588059158 -1.4194923757617026 7245 0 False
pedestrian -44.540550633725616 62.81294030338023 -3.1642383808356795 0.3753577768802643 0.3753577768802643 1.8600000143051147 2.6640909461975095 -0.056129159346474986 0.032345291312900315 7247 0 False
pedestrian -4.751512523194833 62.490304253967054 -1.2208785158889657 0.3753577768802643 0.3753577768802643 1.8600000143051147 -0.0029064384006924097 0.009211513990702578 1.8264945859083723 7253 0 False