11.501022338867188 0.03034302592277527
car -13.018322976050513 70.62735964699623 -2.109601824482148 4.181210041046143 1.994117259979248 1.3805816173553467 -1.5717300435863626 0.0 0.0 20001 3 True
car -87.2953695726446 70.25047637542977 -2.585285423667834 5.357479572296143 2.033203125 1.4147460460662842 -1.5717295109545943 0.0 0.0 20003 0 False
car -20.208238078625584 93.16472252201834 -2.1593765550051955 4.4777727127075195 2.069315195083618 2.0377910137176514 -0.0009346441124096944 0.0 0.0 20011 0 False
car 60.22142749177186 51.719139335914804 -1.6183508905636437 3.633375883102417 1.845113754272461 1.5012825727462769 1.5709482562738497 -7.8725093848919 -0.012131810022030594 7259 0 False
car -23.781219844849147 0.060183904474232275 -1.380399162088569 4.552699089050293 2.097072124481201 1.7671663761138916 -0.000356208873172808 6.434545593132394 0.0018074807159969364 7256 60 True
car 6.770596860898934 10.279439379223124 -1.4901981232244639 4.673638820648193 1.8118125200271606 1.441947340965271 -1.5563104870572118 -8.062471585875869 -0.28763387336547647 7244 286 True
car 6.758216284403829 26.159482989655146 -1.680972406262189 4.673638820648193 1.8118125200271606 1.441947340965271 -1.570274227806147 -8.714683252252874 -0.0045003386745390795 7255 36 True
car 2.7632132737895745 52.48288529639668 -2.0209325605900332 4.673638820648193 1.8118125200271606 1.441947340965271 1.5707787462136453 -9.942111323237919 -0.009348665238346068 7258 7 True
truck -30.541473919882776 -3.9315098376988757 -0.3580554353854364 8.46804141998291 2.8910882472991943 3.8274123668670654 3.141171209754888 5.6892398699749585 0.0012951094656518192 7261 136 True
car -45.91669242762265 -3.9298422017660326 -1.5300706368036954 4.611005783081055 2.241713285446167 1.6672759056091309 3.140906758082016 8.827752557509484 -0.004623582225080817 7260 6 True
car -0.0035737507924977763 -8.621625413596234e-09 -1.3288557740616604 4.855708599090576 2.0327565670013428 1.6493593454360962 0.0 11.501023064444448 0.0303430250702196 -100 1961 False
car 30.70998063252091 -3.9578361743014976 -1.0741900261463897 5.237514495849609 1.9297595024108887 1.638383150100708 3.138258779246804 2.2390383980518522 -0.00716925721815198 7243 28 True
motorcycle -41.07569542587629 0.06495634331316746 -1.6161736907070883 2.0333523750305176 0.8025798797607422 1.4992743730545044 -0.0006807667764667938 6.461327851086629 -0.002446289978642232 7257 0 True
pedestrian -1.800000497565577 18.883389161870735 -1.3103712382071162 0.3753577768802643 0.3753577768802643 1.8600000143051147 1.5713499937849547 -1.5032296394129525 -0.025161682317631127 7251 7 True
pedestrian 22.842689226526204 -9.039908699421158 -0.8232994966145761 0.9953577518463135 0.3753577768802643 1.8600000143051147 3.1288136201027203 3.1494377203250075 -0.059269953227322196 7249 8 True
pedestrian 10.801738886974249 14.310921749915698 -1.1688907284365904 0.3753577768802643 0.3753577768802643 1.8600000143051147 -1.2601314044957188 -0.8356918562559402 -0.6441287371227148 7245 8 True
pedestrian -3.519682549033803 -1.2411300476369997 -1.2307703005332993 0.3753577768802643 0.3753577768802643 1.8600000143051147 0.5809448564992983 0.6901671122449569 0.02212983930330788 7247 146 True
pedestrian -1.951172459854945 26.190825005282253 -1.3989781283930576 0.3753577768802643 0.3753577768802643 1.8600000143051147 1.6706456048409646 -1.8640561306434975 -0.3760853190243252 7253 2 True