14.154131889343262 0.05489462614059448
car -19.217357340183298 70.66188607182472 -0.9601455025868169 4.181210041046143 1.994117259979248 1.3805816173553467 -1.5748022642100494 0.0 0.0 20001 0 True
car -93.49383708025815 70.51839557713303 -0.30335516397114803 5.357479572296143 2.033203125 1.4147460460662842 -1.5748017315782812 0.0 0.0 20003 0 False
car -26.333784582780424 93.21992104742681 -0.6114396925478456 4.4777727127075195 2.069315195083618 2.0377910137176514 -0.004006864736096397 0.0 0.0 20011 0 False
car 53.971424576183665 55.80578102533322 -1.828708897037143 3.633375883102417 1.845113754272461 1.5012825727462769 1.5680771041426287 -9.203920872035395 0.013003509479633888 7259 0 False
car -28.067430335700692 0.11712994736597515 -0.9895012786203634 4.552699089050293 2.097072124481201 1.7671663761138916 -0.003582429257558452 2.42969308298913 -0.007265077480682203 7256 30 True
car 0.9161886347156951 6.363174819102383 -1.4229763030849507 4.673638820648193 1.8118125200271606 1.441947340965271 -1.3328311140593265 -7.458182021911286 -4.403504808574721 7244 1179 True
car 0.40588744062341675 21.994464798586787 -1.406575407396347 4.673638820648193 1.8118125200271606 1.441947340965271 -1.5712959492805112 -8.479059820568674 -0.011517931777058765 7255 42 True
car -3.47752015783351 57.970922458843404 -1.3409156243467266 4.673638820648193 1.8118125200271606 1.441947340965271 1.5675547255360442 -12.0964351425455 0.03188390301810904 7258 7 True
truck -39.96525928129262 -3.8496033360356923 0.13301054393966316 8.46804141998291 2.8910882472991943 3.8274123668670654 3.136357549565331 6.337727139868992 -0.031600593485243716 7261 72 True
car -57.10969519385128 -3.777174821896048 -0.7872478296535999 4.611005783081055 2.241713285446167 1.6672759056091309 3.1377828721768215 10.122367509254097 -0.03732530467233036 7260 3 True
car -0.0035684777291749015 -2.3368609936014195e-07 -1.3288566188017348 4.855708599090576 2.0327565670013428 1.6493593454360962 0.0 14.154131342450276 0.0548946235864813 -100 1926 False
car 22.423540638643885 -4.056554725139552 -1.5316235594425645 5.237514495849609 1.9297595024108887 1.638383150100708 3.1369770003116555 5.127969944419702 -0.022312866666266574 7243 57 True
motorcycle -43.76224765471477 0.17165109091591058 -0.973210151768297 2.0333523750305176 0.8025798797607422 1.4992748498916626 -0.0034592299431400993 8.15209585216321 -0.023204047620713337 7257 0 True
pedestrian -8.157599079288389 19.639870036011178 -0.9943130014538353 0.3753577768802643 0.3753577768802643 1.8600000143051147 1.576223174404266 -1.5626657537956765 -0.015526161612061754 7251 2 True
pedestrian 14.824148289412392 -9.09410398916688 -1.2280735020712017 0.9953577518463135 0.3753577768802643 1.8600000143051147 3.124047097824642 3.1477272672728587 -0.10504140802606224 7249 17 True
pedestrian 4.375130840271368 13.686068691326716 -1.10491359343574 0.3753577768802643 0.3753577768802643 1.8600000143051147 -1.7130347222530418 -1.1885324818988265 0.19861614821995724 7245 10 True
pedestrian -9.485380820141586 -1.4679410704484404 -1.4057550398868357 0.3753577768802643 0.3753577768802643 1.8600000143051147 0.44724233119054885 -0.015572322204259095 0.24431139904423274 7247 22 True
pedestrian -8.350054324094174 27.080492798397312 -0.9863857976513639 0.3753577768802643 0.3753577768802643 1.8600000143051147 1.596520972139692 -1.791097280469774 -0.19537154874522603 7253 2 True