9.623708724975586 0.00506836362183094
car 10.770385474053 70.57378734211585 -1.2955049977346107 4.181210041046143 1.994117259979248 1.3805816173553467 -1.5714512750940555 0.0 0.0 20001 0 False
car -63.50488715149075 70.18191809393637 -0.6041423588616892 5.357479572296143 2.033203125 1.4147460460662842 -1.5714507424622874 0.0 0.0 20003 0 False
car 3.578562893546348 93.10811329331699 -0.9609789712914858 4.4777727127075195 2.069315195083618 2.0377910137176514 -0.0006558756201025943 0.0 0.0 20011 0 False
car 84.0142458261854 42.10561420192458 -2.186639052832959 3.633375883102417 1.845113754272461 1.5012825727462769 1.571297332159549 -2.858118503800773 -0.004747309745948124 7259 0 False
car -14.864238329066836 0.0018825861070996819 -1.0985443231112142 4.552699089050293 2.097072124481201 1.7671663761138916 -0.00020984703382352987 7.668649234706557 0.00221312148160294 7256 177 True
car 30.551169400404035 28.052108913043128 -1.712806688895855 4.673638820648193 1.8118125200271606 1.441947340965271 -1.5705601821459898 -9.558031879744144 -0.009336145779353938 7244 18 True
car 30.537825550622983 42.93179535668806 -1.7124505433310877 4.673638820648193 1.8118125200271606 1.441947340965271 -1.5425747769433362 -9.1689302814953 -0.4535607807951126 7255 3 True
car 26.552314075653612 39.69693469510944 -1.6740405648630996 4.673638820648193 1.8118125200271606 1.441947340965271 1.57088813780369 -6.922409264375895 -0.005363365015370176 7258 6 True
truck 2.2904482334061527 -4.006230979213381 -0.25023019600153784 8.46804141998291 2.8910882472991943 3.8274123668670654 3.141565026709109 3.3701540020790226 0.0020509601162809134 7261 10913 False
car -10.338850552147676 -3.9979888831530275 -1.2072275741025114 4.611005783081055 2.241713285446167 1.6672759056091309 3.141316021357513 3.4585380934000054 0.00017487198157322003 7260 446 True
car -0.0035844269193603395 -1.3779343888131734e-08 -1.328855965764638 4.855708599090576 2.0327565670013428 1.6493593454360962 0.0 9.623708809568674 0.005068363522284762 -100 1890 False
car 55.08391544620275 -4.006700523016249 -1.8520584243418412 5.237514495849609 1.9297595024108887 1.638383150100708 3.1378834759278593 -0.00028730843719895863 -1.2285339457379759e-05 7243 3 True
motorcycle -31.11055181339799 0.00947809455936488 -1.0715086075560096 2.0333523750305176 0.8025798797607422 1.4992748498916626 -0.0005989155875352314 6.629622166491358 -0.0029683915778231373 7257 0 True
pedestrian 22.243922684921472 15.938764636746257 -1.297682242929009 0.3753577768802643 0.3753577768802643 1.8600000143051147 1.5777107512794895 -1.376736929749833 -0.01967849754204119 7251 0 True
pedestrian 52.60256317856596 -9.097151346967035 -1.590041576022148 0.9953577518463135 0.3753577768802643 1.8600000143051147 -3.135313673158139 3.3222131485907638 0.056351775376341395 7249 1 True
pedestrian 33.99164160013959 16.737166435544005 -1.4015793229621045 0.3753577768802643 0.3753577768802643 1.8600000143051147 -1.4698001000435321 -1.692275464283614 -0.45969044337072884 7245 1 True
pedestrian 19.35801470549569 -5.029671699843522 -1.3734292706616626 0.9953577518463135 0.3753577768802643 1.8600000143051147 1.51039341947585 -3.684289016492579 0.25882092768030773 7247 10 True
pedestrian 22.10991937751828 22.697047464666266 -1.2962504902754084 0.3753577768802643 0.3753577768802643 1.8600000143051147 1.5943236692851148 -1.6647348158157973 -0.07903306626696381 7253 2 True