-0.016422322019934654 11.74996280670166
car 34.65913373918971 73.23415599212626 -0.7847633262546596 4.181210041046143 1.994117259979248 1.3805816173553467 3.1403704064089455 0.0 0.0 20001 0 False
car 57.192956578623324 80.41608413008294 -0.25856925027936883 4.4777727127075195 2.069315195083618 2.0377910137176514 -1.5720141941171013 0.0 0.0 20011 0 False
car 100.53097520782279 -0.07615115761672087 -0.2190866025729976 3.633375883102417 1.845113754272461 1.5012825727462769 -0.0010515482682122124 0.01824235302666589 18.365437695283457 7259 0 True
car -35.90496551250285 81.54840643254857 -1.649226296402361 4.552699089050293 2.097072124481201 1.7671663761138916 -1.5722666615753171 3.308689958966635e-09 1.475273381832147e-10 7256 0 False
car -29.717135311376 1.1278076706088882 -1.7625844600919836 4.673638820648193 1.8118125200271606 1.441947340965271 -0.20171777059088813 7.105910435420773 9.946057207028948 7244 25 True
car -35.92503389755648 24.50819710655304 -1.8342692750512448 4.673638820648193 1.8118125200271606 1.441947340965271 -1.5744632349870469 -0.06676814654011115 -11.069146765799669 7255 0 False
car 81.5641235575898 57.418153702596896 -0.471588567292347 4.673638820648193 1.8118125200271606 1.441947340965271 0.00037763592359754775 -0.0078553929397161 5.008367893927045 7258 0 False
car -0.0035948836335961687 4.43127856897263e-05 -1.3288564059866004 4.855708599090576 2.0327565670013428 1.6493593454360962 0.0 -0.016422323697817504 11.749963797457184 -100 1885 False
car -39.93510737923454 33.68421727678208 -1.7805238515852189 5.237514495849609 1.9297595024108887 1.638383150100708 1.5697947175394695 9.08330345040931e-08 4.461154167899518e-09 7243 0 False
motorcycle -35.898560920136795 88.11520010224933 -1.7783930855520738 2.0333523750305176 0.8025798797607422 1.4992754459381104 -1.5714939774091552 -5.8999344044065546e-09 1.7724487601658368e-07 7257 0 False
pedestrian -8.070553196394297 62.26073672568663 -1.1705751722329896 0.3753577768802643 0.3753577768802643 1.8600000143051147 0.020051588700612386 -0.07440458001721408 1.6842472568191995 7251 0 False
pedestrian -43.6992869549101 57.27111691861552 -1.5818365111436847 0.3753577768802643 0.3753577768802643 1.8600000143051147 1.496550658894009 -0.22496199405881045 -1.4936765852950833 7249 0 False
pedestrian -27.149943096679017 53.72959587515908 -1.4956146490450948 0.3753577768802643 0.3753577768802643 1.8600000143051147 1.8838991227832371 1.0294461202248029 -1.4198989281404137 7245 0 False
pedestrian -37.26154663626389 62.87451666272784 -2.3747890476656677 0.3753577768802643 0.3753577768802643 1.8600000143051147 2.6637034565862017 -0.023411259203992372 0.014466615807886175 7247 0 False
pedestrian 0.6308387623058778 62.49454437230793 -1.0700131362877983 0.3753577768802643 0.3753577768802643 1.8600000143051147 0.035894321169535316 -0.12652844859423673 1.8256879805865955 7253 0 False