11.896403312683105 8.946372032165527
car -4.16307581591019 95.00569295605996 -19.795060600601424 4.181210041046143 1.994117259979248 1.3805816173553467 -2.3207924611112807 0.0 0.0 20001 0 False
car 5.922086789636921 116.0174052391805 -23.848146035388417 4.4777727127075195 2.069315195083618 2.0377910137176514 -0.7499970616373276 0.0 0.0 20011 0 False
car 66.13899209102868 63.369660974250195 -15.195645496397084 3.633375883102417 1.845113754272461 1.5012825727462769 0.8204928735173542 -12.014642644950229 11.042299014236093 7259 0 True
car -58.28348144379177 50.02808554450536 -9.937986345574288 4.552699089050293 2.097072124481201 1.7671663761138916 -0.7502495290955437 -8.95192912732989e-09 -7.003861742785455e-09 7256 0 False
car -21.68715934887979 16.471259334180672 -4.2740403530062 4.673638820648193 1.8118125200271606 1.441947340965271 -0.7554900930620829 9.124852572999162 -8.554644865138982 7244 30 True
car -31.647860791705114 26.857017395869747 -6.1104081835137265 4.673638820648193 1.8118125200271606 1.441947340965271 -0.9899581760084892 2.6619852020743586 -6.95672520467481 7255 17 True
car 27.233891656155265 105.22325992862298 -22.66130945738328 4.673638820648193 1.8118125200271606 1.441947340965271 0.8213109959131877 -7.3956218195957355 6.774967923572012 7258 0 False
truck -86.73464218151113 70.97579084020046 -12.43729549227075 8.46804141998291 2.8910882472991943 3.8274123668670654 2.391684551026662 6.3676954499321345 -5.8450441854857536 7261 0 False
car -0.0035920174479997513 -2.8929663926646754e-06 -1.328856069599837 4.855708599090576 2.0327565670013428 1.6493593454360962 0.0 11.896402643530944 8.94637147718691 -100 1973 False
car -25.974055521220578 15.018104871771556 -3.8026915531412726 5.237514495849609 1.9297595024108887 1.638383150100708 2.391811850019243 -1.430565562204155e-09 -5.7144278266705424e-08 7243 35 True
motorcycle -63.997634289486996 55.242331528174645 -10.97697000405686 2.0333523750305176 0.8025798797607422 1.4992748498916626 -0.7494415146748773 2.3431332527553903 -2.1522722609270586 7257 0 False
pedestrian -27.620535799001686 54.410864080650754 -11.251528412032265 0.3753577768802643 0.3753577768802643 1.8600000143051147 0.8441266771744622 -1.1713590256672388 0.9813300040961733 7251 0 False
pedestrian -40.509174376312586 22.317194953961263 -4.698254302845065 0.9953577518463135 0.3753577768802643 1.8600000143051147 2.332038048789554 2.2520276701900555 -2.732311167873253 7249 1 True
pedestrian -28.237555051197205 36.25448131352502 -7.669609072422169 0.3753577768802643 0.3753577768802643 1.8600000143051147 -2.864741455883026 0.4461391701929245 1.385552100896124 7245 0 False
pedestrian -45.708816414536074 36.332576827678565 -8.226327877296924 0.3753577768802643 0.3753577768802643 1.8600000143051147 -2.7974560819854735 0.031388666930851516 0.0013181691248986564 7247 0 False
pedestrian -22.244802760946527 60.42295724862589 -12.538577387527589 0.3753577768802643 0.3753577768802643 1.8600000143051147 0.8224333842065599 -1.3146295219352324 1.1790533213273526 7253 0 False