16.14995574951172 0.025907766073942184
car -25.47497080010305 70.60633396957199 -0.9845652389685342 4.181210041046143 1.994117259979248 1.3805816173553467 -1.5722685573855095 0.0 0.0 20001 0 True
car -32.64918376038378 93.14642054549782 -0.6601034606195757 4.4777727127075195 2.069315195083618 2.0377910137176514 -0.001473157911556547 0.0 0.0 20011 0 False
car 47.75303807168234 59.78655917648533 -1.6970969295257659 3.633375883102417 1.845113754272461 1.5012825727462769 1.570679520465256 -10.209262222193908 -0.012893357178674866 7259 0 False
car -33.8084359475896 0.0390653575129305 -1.003016909525528 4.552699089050293 2.097072124481201 1.7671663761138916 -0.0017256253697727289 -0.001067579278824869 7.876480933753324e-06 7256 23 True
car -3.6026588466035605 3.5591398776553493 -1.390526135921895 4.673638820648193 1.8118125200271606 1.441947340965271 -0.9161889906834085 -1.271519097582036 -7.348858549435747 7244 1600 True
car -5.728516041898104 18.363394718880915 -1.3714818419926917 4.673638820648193 1.8118125200271606 1.441947340965271 -1.5713887828625162 -8.58646271751634 0.0016601123945737797 7255 77 True
car -9.698728403288044 63.12912571059081 -1.3260565244291143 4.673638820648193 1.8118125200271606 1.441947340965271 1.570224253461455 -13.668963274378694 -0.003913211400459698 7258 4 True
truck -48.65856138169505 -3.9526021000067804 0.11805388028985009 8.46804141998291 2.8910882472991943 3.8274123668670654 3.140393544291855 6.735259991193582 -0.005998976058361722 7261 42 True
car -67.44464889768847 -3.9226065340831298 -0.825358495304906 4.611005783081055 2.241713285446167 1.6672759056091309 3.140270240037535 11.115889664281077 -0.013548319114725049 7260 0 False
car -0.003617468093750631 1.8022807468653923e-08 -1.3288563070164714 4.855708599090576 2.0327565670013428 1.6493593454360962 0.0 16.14995699926309 0.025907766257723525 -100 1937 False
car 14.742902741735577 -4.005014984694315 -1.427959350151574 5.237514495849609 1.9297595024108887 1.638383150100708 3.1402952737306364 3.3868154739096386 -0.0019476414284917388 7243 190 True
motorcycle -48.452715303301886 0.05274308683371287 -1.0309314323167058 2.0333523750305176 0.8025798797607422 1.499274730682373 -0.000976916135028729 0.7610895209436788 -0.000123678799350834 7257 0 False
pedestrian -14.318735829984576 20.23013283650148 -0.9736329064160438 0.3753577768802643 0.3753577768802643 1.8600000143051147 1.646116157784185 -1.6212995094638698 -0.1772002405521237 7251 3 True
pedestrian 7.513640898101812 -9.05036109715159 -1.1397966250316678 0.9953577518463135 0.3753577768802643 1.8600000143051147 3.1317872801825613 3.136991493702108 -0.05905388080487049 7249 36 True
pedestrian -1.8639561349296514 13.010869531596601 -1.0560748397175805 0.3753577768802643 0.3753577768802643 1.8600000143051147 -1.7460137059361789 -1.6196844037032991 0.5914075790307359 7245 20 True
pedestrian -15.296248127722095 -1.6256457689568344 -1.8284507752014378 0.3753577768802643 0.3753577768802643 1.8600000143051147 1.0423651322990402 -0.20390752623382222 0.15675462009337293 7247 5 True
pedestrian -14.508650035497794 27.755407610649467 -0.9694598017420679 0.3753577768802643 0.3753577768802643 1.8600000143051147 1.5871305184133728 -1.756542545558314 -0.0654257118836511 7253 1 True