17.65918731689453 0.01455571036785841
car -34.13388866908576 70.58643037321052 -1.0592000211160617 4.181210041046143 1.994117259979248 1.3805816173553467 -1.5715892267870175 0.0 0.0 20001 0 True
car -41.3244384364902 93.12173221024705 -0.765469358508932 4.4777727127075195 2.069315195083618 2.0377910137176514 -0.0007938273130643715 0.0 0.0 20011 0 False
car 39.09992616352105 65.33791206735009 -1.5208645936913188 3.633375883102417 1.845113754272461 1.5012825727462769 1.5711641741525002 -11.759224553125915 -0.018634416021202 7259 0 False
car -42.4181375216362 0.013510967932675033 -1.0843583860813675 4.552699089050293 2.097072124481201 1.7671663761138916 -0.0010462947712805534 -9.120830911210084e-06 2.0295630749722442e-07 7256 9 True
car -8.617907808219002 1.4013399184653106 -1.3856500541323997 4.673638820648193 1.8118125200271606 1.441947340965271 -0.3834714102013707 6.6479267104824675 -5.965935669797282 7244 500 True
car -14.354886977609453 14.530428943440903 -1.3645793362938752 4.673638820648193 1.8118125200271606 1.441947340965271 -1.5716371636461484 -7.744800935055427 0.00969336364585419 7255 87 True
car -18.350506232763962 70.40952872538156 -1.3446764477605397 4.673638820648193 1.8118125200271606 1.441947340965271 1.5704484502140879 -15.442877151730272 -0.0006092045500037603 7258 0 True
truck -60.77738174655872 -3.9864626898599216 -0.00016901687078485494 8.46804141998291 2.8910882472991943 3.8274123668670654 3.140709886340373 7.238686624619492 -0.0036336360257054777 7261 25 True
car -81.92702501202888 -3.9669571572329243 -0.9979105739638219 4.611005783081055 2.241713285446167 1.6672759056091309 3.1409604895872736 12.290918512299912 -0.004291868743209563 7260 0 False
car -0.0036246865559519392 3.982432961180393e-08 -1.328856005550647 4.855708599090576 2.0327565670013428 1.6493593454360962 0.0 17.659188473063463 0.014555711182181798 -100 1984 False
car 5.4449215230956725 -3.997403085605124 -1.3427061306315384 5.237514495849609 1.9297595024108887 1.638383150100708 3.1410150843435063 -0.005665367804016704 -4.6798761839809925e-06 7243 1434 True
motorcycle -55.94068474955475 0.017131399255600144 -1.1616507671825378 2.0333523750305176 0.8025798797607422 1.499274730682373 -0.00012865475889295338 4.102804269651441 0.003453123817501798 7257 0 False
pedestrian -23.007992141967748 21.024852715939897 -0.9957512200628462 0.3753577768802643 0.3753577768802643 1.8600000143051147 1.603587334089193 -1.5047167803734005 -0.1783372980772452 7251 2 True
pedestrian -2.7395298056811157 -9.027951176542608 -1.073805491891359 0.9953577518463135 0.3753577768802643 1.8600000143051147 3.123647293964512 3.330804132865771 -0.09694590944018565 7249 39 True
pedestrian -10.424086734095226 12.469343834995902 -1.0346309018336328 0.3753577768802643 0.3753577768802643 1.8600000143051147 -1.4794219598417082 -0.7869975030653974 -0.1262440544789907 7245 20 True
pedestrian -23.886614569040432 -1.6142055822453771 -1.8613073419250692 0.3753577768802643 0.3753577768802643 1.8600000143051147 1.0933370191808476 0.026199054392840065 0.05223359089434172 7247 5 True
pedestrian -23.168475332766263 28.628280405794673 -0.9945145655029719 0.3753577768802643 0.3753577768802643 1.8600000143051147 1.6230655446914235 -1.7845111244237015 -0.1559491235847072 7253 1 True