4.729552268981934 0.0022698005195707083
car 17.037703686794657 70.57881002818452 -1.3552959762297627 4.181210041046143 1.994117259979248 1.3805816173553467 -1.5711236432286169 0.0 0.0 20001 0 False
car -57.237553136467966 70.16262743203532 -0.6765210551147489 5.357479572296143 2.033203125 1.4147460460662842 -1.5711231105968486 0.0 0.0 20003 0 False
car 9.838442251770914 93.11078897748648 -1.022663577336473 4.4777727127075195 2.069315195083618 2.0377910137176514 -0.00032824375466369263 0.0 0.0 20011 0 False
car 90.29318706535429 40.235207790187864 -2.233958764671996 3.633375883102417 1.845113754272461 1.5012825727462769 1.5716414756097994 -1.2287904512348418 -0.002476745926265237 7259 0 False
car -13.283189133432472 -0.0017972353812016895 -1.116412133011854 4.552699089050293 2.097072124481201 1.7671663761138916 -0.000245399115285267 2.9414499997467702 0.0003333321992387206 7256 235 True
car 36.83035559810429 33.88306973853004 -1.7682185750161565 4.673638820648193 1.8118125200271606 1.441947340965271 -1.5711677185074286 -3.655548855674633 0.000336442799196314 7244 9 True
car 36.36157253268709 48.78372081222783 -1.7639727994678975 4.673638820648193 1.8118125200271606 1.441947340965271 -1.3027105215813117 -3.254357985653393 -1.6138580102674596 7255 0 False
car 32.83100614945283 35.424753164461755 -1.7304460540329263 4.673638820648193 1.8118125200271606 1.441947340965271 1.5708838069196478 -2.4107852208967833 -0.0012302564587334853 7258 6 True
truck 11.560291616706365 -4.003159306409572 -0.33980460218187414 8.46804141998291 2.8910882472991943 3.8274123668670654 -3.141128883474436 2.725358320564683 0.002571965936480536 7261 1390 True
car -2.0292578208282066 -3.9997157950848177 -1.2871242899578945 4.611005783081055 2.241713285446167 1.6672759056091309 -3.141443668849395 1.0607436221354352 0.0003967079013956987 7260 3309 True
car -0.003599288161410641 1.0518495452416232e-07 -1.3288561443712377 4.855708599090576 2.0327565670013428 1.6493593454360962 0.0 4.729552355216621 0.0022698004129669456 -100 1985 False
car 61.76719146546532 -3.9869549825732933 -1.9056970761682859 5.237514495849609 1.9297595024108887 1.638383150100708 3.140558948627174 2.5456865278775895 -0.0027091936343541724 7243 6 True
motorcycle -26.873363556253253 0.0013402079040134574 -1.1190534978361395 2.0333523750305176 0.8025798797607422 1.499275803565979 -0.00021875235318063964 -1.672816693118052e-08 -4.901857946435235e-08 7257 0 True
pedestrian 28.537952375716202 14.710936722924725 -1.3539614053727007 0.3753577768802643 0.3753577768802643 1.8600000143051147 1.5777118798710705 -1.3681515007183591 -0.018838930371858093 7251 0 True
pedestrian 61.850742844583294 -9.04317729550084 -1.668373757134769 0.9953577518463135 0.3753577768802643 1.8600000143051147 -3.120194324460221 3.2833461035407043 0.149345811548488 7249 1 True
pedestrian 39.92541436070451 18.282125376042753 -1.4525110891941657 0.3753577768802643 0.3753577768802643 1.8600000143051147 -1.3915194120706782 -1.6416374010933943 -0.6166909428814461 7245 0 True
pedestrian 26.810830414751535 -7.385478536260546 -1.3364937805432127 0.3753577768802643 0.3753577768802643 1.8600000143051147 2.888694696015378 0.3264648633432727 -0.09803878372545889 7247 0 False
pedestrian 28.428168202980032 21.20818811494083 -1.3530017451675502 0.3753577768802643 0.3753577768802643 1.8600000143051147 1.5937660671519374 -1.658276262166165 -0.07639202979389902 7253 1 True