11.409943580627441 0.005702497437596321
car 7.5933718199870555 70.57538787519367 -1.2593141303089679 4.181210041046143 1.994117259979248 1.3805816173553467 -1.5712990683492587 0.0 0.0 20001 0 False
car -66.68240947597116 70.17222135059757 -0.6318582634021337 5.357479572296143 2.033203125 1.4147460460662842 -1.5712985357174907 0.0 0.0 20003 0 False
car 0.3978346125482517 93.10862304167937 -0.9312025990165984 4.4777727127075195 2.069315195083618 2.0377910137176514 -0.0005036688753056874 0.0 0.0 20011 0 False
car 80.8416465219878 43.057195722917065 -2.087165104939791 3.633375883102417 1.845113754272461 1.5012825727462769 1.5714996062905489 -3.389804073428661 -0.006329818143169022 7259 0 False
car -15.490459879202263 -0.00042162975838233585 -1.1064249262619965 4.552699089050293 2.097072124481201 1.7671663761138916 3.7336563682183618e-06 9.054756381205433 0.004672996691188704 7256 146 True
car 27.381754285765794 24.98096381509837 -1.6593450396856815 4.673638820648193 1.8118125200271606 1.441947340965271 -1.5705997228377164 -10.85958553383086 -0.00918194848956172 7244 7 True
car 27.39345995701632 40.35657796156256 -1.6596698965188335 4.673638820648193 1.8118125200271606 1.441947340965271 -1.5621122356127135 -7.8540376881393 -0.11046138114640855 7255 10 True
car 23.380175370875065 41.85270466430368 -1.6242317921870835 4.673638820648193 1.8118125200271606 1.441947340965271 1.5680638650702867 -6.766793998658927 0.015123390351363147 7258 9 True
truck -1.92689129615826 -4.00606324724194 -0.2122550875347322 8.46804141998291 2.8910882472991943 3.8274123668670654 -3.1414755497085283 3.809614356731591 0.0028253967191463366 7261 11074 False
car -14.689781013971412 -3.999435204574897 -1.1781471909279113 4.611005783081055 2.241713285446167 1.6672759056091309 3.1414397323027154 4.394405107320415 0.0008811856713013022 7260 192 True
car -0.0036551000013105295 1.9569767806260074e-07 -1.328856180133275 4.855708599090576 2.0327565670013428 1.6493593454360962 0.0 11.409944226443756 0.005702497439043187 -100 1899 False
car 51.91874531648233 -3.9983619704148285 -1.7769841897409955 5.237514495849609 1.9297595024108887 1.638383150100708 3.138035682672656 0.0 0.0 7243 16 True
motorcycle -31.956756326055427 0.0037471157568367275 -1.0916214954226393 2.0333523750305176 0.8025798797607422 1.4992743730545044 -0.00043686485497949695 8.680678723069883 -0.0032760482209685093 7257 0 True
pedestrian 19.0659431836595 16.36568369560699 -1.2509853315979464 0.3753577768802643 0.3753577768802643 1.8600000143051147 1.5939901158573857 -1.42708782781254 -0.05889705338018416 7251 2 True
pedestrian 48.45674900367402 -9.089578875033123 -1.5084302401887673 0.9953577518463135 0.3753577768802643 1.8600000143051147 3.1400668739203845 3.270203223357884 0.008837668158726017 7249 0 True
pedestrian 30.849420730428562 16.251557216750406 -1.345104803453904 0.3753577768802643 0.3753577768802643 1.8600000143051147 -1.4446461581031516 -1.7356585490372745 -0.25005436791415064 7245 1 True
pedestrian 16.26941601923164 -3.92138055415898 -1.3297562476380338 0.9953577518463135 0.3753577768802643 1.8600000143051147 1.5008814222619236 -3.659544459969769 0.4990598538527823 7247 13 True
pedestrian 18.888463859401668 23.24959891080814 -1.2493624134667298 0.3753577768802643 0.3753577768802643 1.8600000143051147 1.6595945038947495 -1.8164781461729116 -0.2872287299123819 7253 3 True