12.113574981689453 -0.14010752737522125
car -7.851854802761352 70.36212093778435 4.822103446230216 4.181210041046143 1.994117259979248 1.3805816173553467 -1.5813366034849847 0.0 0.0 20001 0 True
car -82.09853444359177 70.52262157272689 7.024766219742631 5.357479572296143 2.033203125 1.4147460460662842 -1.5813360708532167 0.0 0.0 20003 0 False
car -14.812515624461412 92.84970102702127 7.164748144510128 4.4777727127075195 2.069315195083618 2.0377910137176514 -0.01054120401103182 0.0 0.0 20011 0 False
car 65.13779106117403 48.09769692487527 0.6089878815018324 3.633375883102417 1.845113754272461 1.5012825727462769 1.5613587405918075 -6.668576416595599 0.03901908770807472 7259 0 True
car -22.291142823562836 0.13854814487288758 -0.634822007503729 4.552699089050293 2.097072124481201 1.7671663761138916 -0.00988063951488067 8.616439687821899 -0.05803915099306918 7256 63 True
car 11.352558541860674 13.516128229282575 -0.7029329017650809 4.673638820648193 1.8118125200271606 1.441947340965271 -1.5807553690680232 -8.085962318550202 0.05571309392116453 7244 122 True
car 11.522543150350373 29.677041107847796 0.6355215980823772 4.673638820648193 1.8118125200271606 1.441947340965271 -1.582457926514821 -9.651875467264503 0.09980765219672695 7255 30 True
car 7.705205450703545 48.601200132962724 2.322623198633835 4.673638820648193 1.8118125200271606 1.441947340965271 1.5611084036607907 -8.066968640430527 0.05046573424456772 7258 0 True
truck -23.883248442939987 -3.9258009314262425 0.093648885993872 8.46804141998291 2.8910882472991943 3.8274123668670654 3.131694878323571 5.189881279107209 -0.03742788359043498 7261 256 True
car -38.11861703511727 -3.7217147814794362 -0.5474636497093428 4.611005783081055 2.241713285446167 1.6672759056091309 3.1313950066381198 7.744136566793788 -0.05775781248200509 7260 12 True
car -0.0035997606734099463 6.732269763887189e-08 -1.3288551776573456 4.855708599090576 2.0327565670013428 1.6493593454360962 0.0 12.1135734504162 -0.14010751789266743 -100 2228 False
car 35.656045655411845 -4.2767225364655275 -2.8081008617283345 5.237514495849609 1.9297595024108887 1.638383150100708 3.1278514074848127 0.47288787766554224 -0.005424989999341266 7243 22 True
motorcycle -39.430820683634636 0.27977595078107553 -0.2424100862286167 2.0333523750305176 0.8025798797607422 1.499274730682373 -0.010377457128114376 8.236628811906442 -0.059963738252870324 7257 0 True
pedestrian 2.861250842388131 18.10344175411428 0.26850475066120794 0.3753577768802643 0.3753577768802643 1.8600000143051147 1.6794021909380126 -1.6332511761741693 -0.4133935638431617 7251 7 True
pedestrian 28.489399645984463 -9.321886442919332 -2.774646916769683 0.9953577518463135 0.3753577768802643 1.8600000143051147 3.136456073698802 3.1275392277998146 0.0026183622244150043 7249 5 True
pedestrian 15.274813361521353 14.501605498059828 -0.3917179831472879 0.3753577768802643 0.3753577768802643 1.8600000143051147 -1.2241442855693863 -1.2711589073083958 -1.0627602473053834 7245 5 True
pedestrian 0.7273763517681004 -1.1375183079743203 -1.4024898526578085 0.3753577768802643 0.3753577768802643 1.8600000143051147 0.8416324073370992 0.6763242111605478 -0.08667377968506194 7247 365 False
pedestrian 2.857940254500818 25.22974147292227 0.860991229231928 0.3753577768802643 0.3753577768802643 1.8600000143051147 1.6346713755774132 -1.7382771236926697 -0.1674045320868364 7253 6 True