13.086164474487305 0.07006265223026276
car -16.452943023176488 70.67217640155906 -1.037804046473894 4.181210041046143 1.994117259979248 1.3805816173553467 -1.5752851664282297 0.0 0.0 20001 0 True
car -90.7289940142158 70.56518994580507 -0.32778090230835 5.357479572296143 2.033203125 1.4147460460662842 -1.5752846337964617 0.0 0.0 20003 0 False
car -23.558238683891943 93.23397062308143 -0.705669988420949 4.4777727127075195 2.069315195083618 2.0377910137176514 -0.004489766954276795 0.0 0.0 20011 0 False
car 56.72233367071334 53.98807703090143 -1.9441704480099804 3.633375883102417 1.845113754272461 1.5012825727462769 1.5675386750626217 -8.68485232099547 0.014643245645455286 7259 0 False
car -25.92351557865379 0.13395770541807217 -0.9878215405937993 4.552699089050293 2.097072124481201 1.7671663761138916 -0.003947792771755097 3.6013609798127275 -0.0123269779436341 7256 32 True
car 3.2787016971561798 7.964967548077237 -1.450584841558333 4.673638820648193 1.8118125200271606 1.441947340965271 -1.4776729380753653 -7.553233736408455 -1.780489660984658 7244 608 True
car 3.15156021615212 23.632095942851052 -1.4519251078868693 4.673638820648193 1.8118125200271606 1.441947340965271 -1.5729475787558902 -8.039563240460978 0.009464594498671673 7255 50 True
car -0.7281352527451759 55.66254172206731 -1.417322634060893 4.673638820648193 1.8118125200271606 1.441947340965271 1.5671639686137486 -10.891976008342095 0.030071310740357102 7258 6 True
truck -35.98972563462024 -3.8333028202592043 0.12928803866728744 8.46804141998291 2.8910882472991943 3.8274123668670654 3.136167861135501 6.082158542873844 -0.03179486720698996 7261 100 True
car -52.398219551984994 -3.757031040470455 -0.786006320300181 4.611005783081055 2.241713285446167 1.6672759056091309 3.137321807861134 9.611498769114535 -0.03993556016310691 7260 2 True
car -0.0035993120426951464 2.3171848939629314e-07 -1.3288560905461666 4.855708599090576 2.0327565670013428 1.6493593454360962 0.0 13.086163788728463 0.07006265501055282 -100 1926 False
car 26.07270424370091 -4.070863145988213 -1.5765588498157448 5.237514495849609 1.9297595024108887 1.638383150100708 3.1357641262552653 4.014483784725814 -0.02301753275133554 7243 31 True
motorcycle -42.643461803984565 0.20013153419056884 -0.9494984756816649 2.0333523750305176 0.8025798797607422 1.4992748498916626 -0.004239745363240027 7.681386756087402 -0.03067044437068756 7257 0 True
pedestrian -5.415443623579563 19.33127615883285 -1.0308732791797546 0.3753577768802643 0.3753577768802643 1.8600000143051147 1.5632958635557144 -1.5073093746870732 0.004274812615811754 7251 0 True
pedestrian 18.179240411829937 -9.112244346844784 -1.2597210929056302 0.9953577518463135 0.3753577768802643 1.8600000143051147 3.1205345861093914 3.1528192318464603 -0.11458086527744488 7249 6 True
pedestrian 7.165302849754255 13.985468598098556 -1.1452995239734078 0.3753577768802643 0.3753577768802643 1.8600000143051147 -1.530652222155023 -0.8796629819289162 -0.2112547514730642 7245 3 True
pedestrian -6.971924329446779 -1.359450792852479 -1.2568018745288505 0.3753577768802643 0.3753577768802643 1.8600000143051147 0.44414630422848295 0.6403092862627611 0.06347376024816369 7247 32 True
pedestrian -5.598491509088774 26.72773168483991 -1.0300043598610968 0.3753577768802643 0.3753577768802643 1.8600000143051147 1.6665886097155858 -1.766964326506831 -0.37149569455774706 7253 2 True