-0.010810593143105507 9.548242568969727
car 31.473396214058283 73.23755677256514 -0.8635510821234318 4.181210041046143 1.994117259979248 1.3805816173553467 3.140482259080251 0.0 0.0 20001 0 False
car 54.00698852525974 80.42205734900335 -0.36327494219385725 4.4777727127075195 2.069315195083618 2.0377910137176514 -1.5719023414457958 0.0 0.0 20011 0 False
car 102.89241746373025 -0.07068487924709643 -0.3069137725294575 3.633375883102417 1.845113754272461 1.5012825727462769 -0.0009299750671386718 0.014513141089887015 18.553036524618104 7259 0 True
car -39.092554690348464 81.54382698833518 -1.6498529527501127 4.552699089050293 2.097072124481201 1.7671663761138916 -1.572154808904012 1.5455203688109581e-09 -4.4964272860515663e-10 7256 0 False
car -29.71128887036127 0.5207193997517265 -1.7308752939834973 4.673638820648193 1.8118125200271606 1.441947340965271 0.034763277609931094 -0.03891344825702893 10.14566054495859 7244 20 True
car -39.11499893072349 21.43286718240148 -1.8298989617727766 4.673638820648193 1.8118125200271606 1.441947340965271 -1.5732616175881298 -0.03524945833682312 -9.52598760342299 7255 0 False
car 80.01239673442348 57.445811387384424 -0.5841411579273443 4.673638820648193 1.8118125200271606 1.441947340965271 0.009968469856262206 -0.13775536345071174 5.557061062905113 7258 0 False
car -0.003595740547531534 -3.18124726845781e-05 -1.328856194384707 4.855708599090576 2.0327565670013428 1.6493593454360962 0.0 -0.010810593869028043 9.548242918092491 -100 1953 False
car -43.117479910618975 33.67917575477958 -1.7719791301782515 5.237514495849609 1.9297595024108887 1.638383150100708 1.5699065702107746 1.6567383124150855e-07 6.4154721966620754e-09 7243 0 False
motorcycle -39.08703015273667 88.1106085509835 -1.779666123979565 2.0333523750305176 0.8025798797607422 1.4992756843566895 -1.5713821247378499 1.6327944894424333e-08 1.3348738347468706e-08 7257 0 False
pedestrian -10.745471774477757 62.26916152451639 -1.1951526618113348 0.3753577768802643 0.3753577768802643 1.8600000143051147 0.019460234280056422 -0.06822708395926022 1.6990428575140255 7251 0 False
pedestrian -46.81480720273627 58.209169733702765 -1.5705840974003213 0.9953577518463135 0.3753577768802643 1.8600000143051147 1.4974454802644517 -0.4502788772423785 -3.0658685631682134 7249 0 False
pedestrian -30.49634342999657 54.226496781301535 -1.5049846403304885 0.3753577768802643 0.3753577768802643 1.8600000143051147 1.8840109754545422 1.0296175056810835 -1.4197825544878817 7245 0 False
pedestrian -40.425149035006335 62.85800198108757 -2.3718936982243046 0.3753577768802643 0.3753577768802643 1.8600000143051147 2.663814377151913 -0.034304197715726376 0.02114388464986023 7247 0 False
pedestrian -2.0072760610044114 62.491125103774834 -1.1039692337352411 0.3753577768802643 0.3753577768802643 1.8600000143051147 -0.002676607792748345 -0.008402740251279973 1.8224899138825885 7253 0 False