12.547621726989746 0.07367340475320816
car -15.205784900950789 70.66673308473209 -1.2343843521723539 4.181210041046143 1.994117259979248 1.3805816173553467 -1.5747763153161705 0.0 0.0 20001 0 True
car -89.4831284623341 70.52313822294406 -0.6841022744131333 5.357479572296143 2.033203125 1.4147460460662842 -1.5747757826844024 0.0 0.0 20003 0 False
car -22.32326524412889 93.22554780118901 -0.9670606736793985 4.4777727127075195 2.069315195083618 2.0377910137176514 -0.003980915842217375 0.0 0.0 20011 0 False
car 57.9774489049683 53.16166836738053 -1.9445490968995118 3.633375883102417 1.845113754272461 1.5012825727462769 1.5679031829655203 -8.419452385884512 0.01517325418578093 7259 0 False
car -25.042366062921644 0.12532733620161052 -1.0462675800832373 4.552699089050293 2.097072124481201 1.7671663761138916 -0.003431327177524773 4.638929936200484 -0.013527007718392929 7256 53 True
car 4.473961871958238 8.726254958082803 -1.4684329166828687 4.673638820648193 1.8118125200271606 1.441947340965271 -1.5159504654757943 -7.460276281638091 -1.0082008147005963 7244 450 True
car 4.4260122118288905 24.45634643108054 -1.5050064811226749 4.673638820648193 1.8118125200271606 1.441947340965271 -1.5722464475755393 -8.25833647945745 0.0031988169963788515 7255 47 True
car 0.5238754075140264 54.568002898263686 -1.544442720680725 4.673638820648193 1.8118125200271606 1.441947340965271 1.56770770710662 -10.946418686461108 0.025809634816618247 7258 9 True
truck -34.105194690000644 -3.8478279949301966 0.049409364658453914 8.46804141998291 2.8910882472991943 3.8274123668670654 3.13726766719429 5.95220778413232 -0.02539765862860157 7261 101 True
car -50.16053346709697 -3.7838917085639276 -0.9040774250116725 4.611005783081055 2.241713285446167 1.6672759056091309 3.137840778976788 9.35271190213826 -0.03420298741130725 7260 4 True
car -0.0035776686275994507 1.1749213002509862e-07 -1.3288558821701209 4.855708599090576 2.0327565670013428 1.6493593454360962 0.0 12.547620766112788 0.0736734098035006 -100 1960 False
car 27.733010813597048 -4.056937634630254 -1.520449480644381 5.237514495849609 1.9297595024108887 1.638383150100708 3.135872438277698 3.390499679287989 -0.019565985643488305 7243 30 True
motorcycle -42.108755627501466 0.18440054693893093 -1.0423228474717243 2.0333523750305176 0.8025798797607422 1.4992748498916626 -0.003731421145063773 7.220209040730418 -0.025302682179072503 7257 0 True
pedestrian -4.144056452266625 19.18452102643377 -1.0906711629537096 0.3753577768802643 0.3753577768802643 1.8600000143051147 1.5719715575683681 -1.5062460303436844 -0.00721386227133967 7251 2 True
pedestrian 19.782654854970303 -9.106689572557396 -1.2090731888790627 0.9953577518463135 0.3753577768802643 1.8600000143051147 3.1213947078725264 3.153109732086354 -0.10533047835450521 7249 7 True
pedestrian 8.453728913491375 14.091107892321572 -1.1669529360840452 0.3753577768802643 0.3753577768802643 1.8600000143051147 -1.4215514714220596 -0.8137915828513632 -0.38069154013232276 7245 6 True
pedestrian -5.778708419132215 -1.3158842881530939 -1.2301736758186692 0.3753577768802643 0.3753577768802643 1.8600000143051147 0.4772611744211283 0.7064192751268377 0.04005662081281941 7247 68 True
pedestrian -4.313534215003074 26.551081696577636 -1.106491056531608 0.3753577768802643 0.3753577768802643 1.8600000143051147 1.6810621336821747 -1.7708526055975897 -0.3878250797734586 7253 10 True