0.00011314134462736547 0.00032485841074958444
car 27.247660900688317 73.244826039175 -0.2659854734389464 4.181210041046143 1.994117259979248 1.3805816173553467 3.140764687075297 0.0 0.0 20001 0 False
car 49.760841987777496 80.4357287408314 0.7721083956013013 4.4777727127075195 2.069315195083618 2.0377910137176514 -1.57161991345075 0.0 0.0 20011 0 False
car 111.62717065261253 -0.05403004751673279 2.4496174259763723 3.633375883102417 1.845113754272461 1.5012825727462769 -0.0011267825054592556 0.024342702551697577 18.437252888945448 7259 0 True
car -43.281661739406594 81.53110553162657 -2.7393329233586527 4.552699089050293 2.097072124481201 1.7671663761138916 -1.5718723809089659 1.2099835275449304e-09 1.3743139285566332e-10 7256 0 False
car -26.329540521042897 0.24829873818470105 -2.332362088102676 4.673638820648193 1.8118125200271606 1.441947340965271 -0.04212624601448907 0.8375931915030086 10.370693324487181 7244 45 True
car -43.29086318408156 14.597991020062125 -2.9146654018479428 4.673638820648193 1.8118125200271606 1.441947340965271 -1.5706445159210596 0.018969216349360035 -11.016919876040834 7255 0 False
car 80.89735900051735 58.598058959614434 1.3508349933948613 4.673638820648193 1.8118125200271606 1.441947340965271 0.42670009786563445 -6.836240597628045 5.034803841572445 7258 0 False
car -0.0036015496012495873 -1.0573216968623456e-06 -1.3288562740464536 4.855708599090576 2.0327565670013428 1.6493593454360962 0.0 0.00011314133519282523 0.00032485839832066115 -100 1955 False
car -47.289092786596335 33.665311954952244 -2.953584839480145 5.237514495849609 1.9297595024108887 1.638383150100708 1.5701889982058206 -1.382548245919145e-08 -1.5921027631871081e-07 7243 0 False
motorcycle -43.27487801939568 88.09787805026332 -2.869530899739344 2.0333523750305176 0.8025798797607422 1.4992756843566895 -1.571099696742804 -3.329943022479761e-08 6.488540479469381e-09 7257 0 False
pedestrian -13.76514786733059 62.288960347955594 -1.56498937331315 0.3753577768802643 0.3753577768802643 1.8600000143051147 0.021337228630913627 -0.07179588354069363 1.6819067190390484 7251 0 False
pedestrian -50.81399802619396 60.69845899738806 -2.836399695767149 0.9953577518463135 0.3753577768802643 1.8600000143051147 1.4977793072251213 -0.5187157655548276 -3.548936560769157 7249 0 False
pedestrian -35.06205154824853 55.383978284910825 -2.3997439406228667 0.3753577768802643 0.3753577768802643 1.8600000143051147 1.8842934034495884 1.0294672623410652 -1.4194908333123524 7245 0 False
pedestrian -44.53698229161146 62.81682021658105 -3.4894860523382603 0.3753577768802643 0.3753577768802643 1.8600000143051147 2.664096405673133 -0.05347531282998692 0.029192950899571548 7247 0 False
pedestrian -4.938102250351058 62.49083029057982 -1.261787780301184 0.3753577768802643 0.3753577768802643 1.8600000143051147 -0.0031426605898539225 0.00885811992409891 1.8259088777120376 7253 0 False