13.209897994995117 7.429551124572754
car -17.23123669669792 93.86486094778276 -15.84705377215122 4.181210041046143 1.994117259979248 1.3805816173553467 -2.169024697997835 0.0 0.0 20001 0 False
car -10.4960459643371 116.27340126320914 -19.32910389961757 4.4777727127075195 2.069315195083618 2.0377910137176514 -0.5982292985238818 0.0 0.0 20011 0 False
car 56.161061837718705 71.55705954277565 -14.234933572765964 3.633375883102417 1.845113754272461 1.5012825727462769 0.97229605664338 -13.414354663531162 9.088259397847409 7259 0 True
car -63.76732319674579 41.01905985086944 -6.313936766951386 4.552699089050293 2.097072124481201 1.7671663761138916 -0.598481765982098 3.2816024376077362e-09 -4.5172086657002406e-08 7256 0 False
car -23.470946433301208 13.792775703858808 -3.1058550919932983 4.673638820648193 1.8118125200271606 1.441947340965271 -0.6063130503486278 9.865205011020864 -6.899634895576212 7244 34 True
car -34.41781491261361 22.52108536260559 -4.239434541669958 4.673638820648193 1.8118125200271606 1.441947340965271 -0.8866321237183676 3.2659873571596756 -7.4748285662276395 7255 19 True
car 11.626588472335584 107.89842386899078 -19.020000204585603 4.673638820648193 1.8118125200271606 1.441947340965271 0.972953457403183 -8.646265576953253 5.841163117013541 7258 0 False
truck -94.34733300611188 57.09518349480078 -7.120414599647617 8.46804141998291 2.8910882472991943 3.8274123668670654 2.5434421941365133 7.140635362908362 -4.832366792531952 7261 0 False
car -0.003568422125511006 1.1064410557537485e-05 -1.328858031389018 4.855708599090576 2.0327565670013428 1.6493593454360962 0.0 13.20990001082634 7.429552148428855 -100 1981 False
car -26.46139651152481 11.004590238361146 -2.4878015889603766 5.237514495849609 1.9297595024108887 1.638383150100708 2.5435796131326884 -2.0136227587783302e-07 -3.8914114343516595e-07 7243 42 True
motorcycle -70.4565275600074 45.51978689610178 -7.004850172375402 2.0333523750305176 0.8025798797607422 1.499274730682373 -0.597674114624883 1.9525214760421727 -1.3187513940362314 7257 0 False
pedestrian -34.23068239708965 49.82814067720159 -8.275350295468222 0.3753577768802643 0.3753577768802643 1.8600000143051147 0.9953933669520484 -1.3061769708708655 0.8031011132776676 7251 0 False
pedestrian -41.653083298608635 15.87365470959324 -2.6590113985081203 0.9953577518463135 0.3753577768802643 1.8600000143051147 2.4742693064106835 2.5748011216394384 -2.4746422412451943 7249 3 True
pedestrian -31.803717101262578 31.871024989805164 -5.449605027931533 0.3753577768802643 0.3753577768802643 1.8600000143051147 -2.7782571701666514 0.21948391242313736 1.3478471400037368 7245 0 False
pedestrian -49.26613737337118 29.289598536328896 -5.502389900887348 0.3753577768802643 0.3753577768802643 1.8600000143051147 -2.6456884520299697 0.03085557627819045 0.009964472362211827 7247 0 False
pedestrian -29.86473910293273 56.595571552346996 -9.464237586617465 0.3753577768802643 0.3753577768802643 1.8600000143051147 0.9823410923163095 -1.5064598280079804 0.9772828150629527 7253 0 False