-0.007929056882858276 6.754593372344971
car 28.171152531028397 73.24019252561698 -0.9441021694983056 4.181210041046143 1.994117259979248 1.3805816173553467 3.1405869212226865 0.0 0.0 20001 0 False
car 50.70465886257166 80.42710355376789 -0.4755520559034583 4.4777727127075195 2.069315195083618 2.0377910137176514 -1.5717976793033601 0.0 0.0 20011 0 False
car 107.032752157641 -0.06731374417881852 -0.41024721462676483 3.633375883102417 1.845113754272461 1.5012825727462769 -0.0010821745948791503 0.020632644559381137 18.553625579331516 7259 0 True
car -42.3966840465869 81.53899685117545 -1.6343169093125525 4.552699089050293 2.097072124481201 1.7671663761138916 -1.5720501467615764 1.7064716066887165e-09 -1.5595457350926011e-10 7256 0 False
car -28.78312103845274 0.39847088201850056 -1.6833835950171723 4.673638820648193 1.8118125200271606 1.441947340965271 -0.04758279216300117 1.0381627254990575 11.285459283231503 7244 30 True
car -42.419734516944224 17.6945306329024 -1.8076639028958397 4.673638820648193 1.8118125200271606 1.441947340965271 -1.5722861026023445 -0.018530104545741857 -9.675187360333794 7255 0 False
car 79.49136243712707 57.72259497954775 -0.7044087972704991 4.673638820648193 1.8118125200271606 1.441947340965271 0.14397848955747816 -2.796960569516002 7.368518615830813 7258 0 False
car -0.0035999188321227393 -6.000153064178448e-06 -1.3288563449179054 4.855708599090576 2.0327565670013428 1.6493593454360962 0.0 -0.007929057401382092 6.754593695743991 -100 1926 False
car -46.416758951125885 33.67391184144708 -1.7458390632343685 5.237514495849609 1.9297595024108887 1.638383150100708 1.5700112323532105 -9.734685473561827e-08 1.0042458303490311e-07 7243 0 False
motorcycle -42.392025845830254 88.10576517853389 -1.7648335594249631 2.0333523750305176 0.8025798797607422 1.4992756843566895 -1.571277462595414 5.308930554909077e-08 3.988929651771793e-09 7257 0 False
pedestrian -13.368246005666364 62.28097913015711 -1.2103786418314892 0.3753577768802643 0.3753577768802643 1.8600000143051147 0.020236278766208225 -0.06943877881945403 1.6936681307042791 7251 0 False
pedestrian -50.011456619900784 59.6344968460657 -1.5410580609622224 0.9953577518463135 0.3753577768802643 1.8600000143051147 1.4976015413725112 -0.5196555601778712 -3.548842746222244 7249 0 False
pedestrian -34.01361746240687 54.889912352492445 -1.5003451431535417 0.3753577768802643 0.3753577768802643 1.8600000143051147 1.8841156375969779 1.0297799147249935 -1.419673702357011 7245 0 False
pedestrian -43.69711291686739 62.836872439829904 -2.352175873834219 0.3753577768802643 0.3753577768802643 1.8600000143051147 2.663919571926117 -0.0475457207804459 0.025385142580845326 7247 0 False
pedestrian -4.579177539697447 62.493897535596886 -1.130765935407931 0.3753577768802643 0.3753577768802643 1.8600000143051147 -0.000772582379659017 -0.013433736776136936 1.8243273925034793 7253 0 False