17.151248931884766 0.009871185757219791
car -49.526917457796344 70.57741755517822 -1.1592301686286817 4.181210041046143 1.994117259979248 1.3805816173553467 -1.5713672218089088 0.0 0.0 20001 0 False
car -56.72333535032334 93.1111424581983 -0.8892590981321583 4.4777727127075195 2.069315195083618 2.0377910137176514 -0.0005718223349556343 0.0 0.0 20011 0 False
car 23.70278725188774 76.92114740617622 -1.3943616446156648 3.633375883102417 1.845113754272461 1.5012825727462769 1.5713507591180287 -13.871473141593732 -0.022938356426063372 7259 0 False
car -57.795368721135844 0.002661921941031098 -1.204936834767337 4.552699089050293 2.097072124481201 1.7671663761138916 -0.0008242897931718164 -7.093761356112504e-09 -1.7199634983548712e-08 7256 6 True
car -18.764873923274024 0.3992464311187396 -1.4071716823753022 4.673638820648193 1.8118125200271606 1.441947340965271 -0.11778338508319688 5.387034127515741 -1.1690342523826567 7244 67 True
car -29.458720144337974 7.364545193599469 -1.4000560182587003 4.673638820648193 1.8118125200271606 1.441947340965271 -1.423466831384816 -7.665596241343577 -2.716015786154925 7255 31 True
car -33.74195941116068 84.5998552009059 -1.3961793042306745 4.673638820648193 1.8118125200271606 1.441947340965271 1.5708434273588938 -14.926909049628765 -0.010187905296808299 7258 0 False
truck -82.98601868914625 -3.9993993339064144 -0.17216878244175393 8.46804141998291 2.8910882472991943 3.8274123668670654 3.1412994072384848 7.922146222161698 6.170734409995142e-05 7261 0 True
car -109.1905307769 -3.9824420230402944 -1.230960240542169 4.611005783081055 2.241713285446167 1.6672759056091309 3.141246676693441 13.785902067206807 -0.0015878672322165504 7260 0 False
car -0.0035945888415653826 1.3514806007641766e-07 -1.3288562498177288 4.855708599090576 2.0327565670013428 1.6493593454360962 0.0 17.15124868495382 0.009871185603429929 -100 1961 False
car -9.928656956576049 -3.997646085435923 -1.3152856666003787 5.237514495849609 1.9297595024108887 1.638383150100708 3.141237089321615 -3.4426043159831326e-05 -2.9120154181373765e-09 7243 432 True
motorcycle -68.78078130071844 0.0033664835663846926 -1.3292529130539705 2.0333523750305176 0.8025798797607422 1.499274730682373 5.211137361721032e-05 1.7016287746301477 0.0011445373602477597 7257 0 False
pedestrian -38.41138088452851 22.38751561748521 -1.0579527025105815 0.3753577768802643 0.3753577768802643 1.8600000143051147 1.5859529921989985 -1.5239690734153601 -0.04732362681806928 7251 0 False
pedestrian -21.29188381692876 -8.912323640701537 -1.0691935574283506 0.9953577518463135 0.3753577768802643 1.8600000143051147 3.1094086127540286 3.5699821050714977 -0.21336677749586638 7249 6 True
pedestrian -25.787116809815473 11.390158261335575 -1.057489540899216 0.3753577768802643 0.3753577768802643 1.8600000143051147 -1.647259925079291 -0.7784957605595403 0.08628426274723587 7245 1 False
pedestrian -39.23475203308874 -1.5699007005752723 -1.924665429360952 0.3753577768802643 0.3753577768802643 1.8600000143051147 -2.0480203232056815 0.023425734922391184 0.04692073500676051 7247 2 True
pedestrian -38.645709781502944 30.235838654927427 -1.0576938230288073 0.3753577768802643 0.3753577768802643 1.8600000143051147 1.627396803760583 -1.7873387814997317 -0.20534774789324625 7253 0 False