17.131120681762695 0.013173477724194527
car -35.87800282732809 70.58472339711686 -1.2334682623971278 4.181210041046143 1.994117259979248 1.3805816173553467 -1.571541438820312 0.0 0.0 20001 0 True
car -43.07099015186424 93.11968928983534 -0.9759569410810005 4.4777727127075195 2.069315195083618 2.0377910137176514 -0.0007460393463589268 0.0 0.0 20011 0 False
car 37.35677414769742 66.53007286137735 -1.3310936434834764 3.633375883102417 1.845113754272461 1.5012825727462769 1.5711764089486835 -12.01976069795097 -0.01875836336825921 7259 0 False
car -44.15868027316452 0.011412824962291568 -1.298219289551605 4.552699089050293 2.097072124481201 1.7671663761138916 -0.000998506804575109 -6.091310676717865e-06 5.146344957939786e-08 7256 12 True
car -9.533690850355129 1.1376574215261943 -1.4309894020461318 4.673638820648193 1.8118125200271606 1.441947340965271 -0.3125013720454139 6.914355890253591 -4.731514039818314 7244 399 True
car -16.096008931540723 13.764845750065158 -1.4394349735256724 4.673638820648193 1.8118125200271606 1.441947340965271 -1.5715218646028335 -7.511321309465192 0.007981097224452357 7255 85 True
car -20.09299029094751 71.97116432605131 -1.4404419546485907 4.673638820648193 1.8118125200271606 1.441947340965271 1.57046321501117 -15.768976605588081 -0.001750836346340669 7258 0 True
truck -63.25015677912177 -3.9891045611047447 -0.3059720898267657 8.46804141998291 2.8910882472991943 3.8274123668670654 3.140791496424354 7.302793287505173 -0.0031489807283572404 7261 28 True
car -84.91035918702755 -3.9702594889002856 -1.4093922897084994 4.611005783081055 2.241713285446167 1.6672759056091309 3.141068731259661 12.509384655287256 -0.0041191253913418656 7260 0 False
car -0.0035820378547555265 -2.9977342608233926e-08 -1.3288562319967212 4.855708599090576 2.0327565670013428 1.6493593454360962 0.0 17.13111932936448 0.013173477250287051 -100 1936 False
car 3.7063261208400036 -3.9972341500977757 -1.3186364176667689 5.237514495849609 1.9297595024108887 1.638383150100708 3.1410628723102114 -0.003558595669464757 -1.1560273709895422e-06 7243 2256 True
motorcycle -57.30454529574894 0.01430220322842124 -1.4436571423524405 2.0333523750305176 0.8025798797607422 1.4992748498916626 -0.00011410543320741919 2.982950314587293 0.0012077632384890975 7257 0 False
pedestrian -24.75257050383749 21.175387803143874 -1.113653927347811 0.3753577768802643 0.3753577768802643 1.8600000143051147 1.5932971389105024 -1.5123322553477831 -0.10905542430682895 7251 0 True
pedestrian -4.80062034786215 -9.02391782773642 -1.0907452567670932 0.9953577518463135 0.3753577768802643 1.8600000143051147 3.1273758337648148 3.3208154053705834 -0.09796825773991005 7249 45 True
pedestrian -12.150906407247874 12.30967963444816 -1.0898318754215826 0.3753577768802643 0.3753577768802643 1.8600000143051147 -1.4780405950855708 -0.9988751730322782 -0.18000991987047274 7245 11 True
pedestrian -25.62063893169625 -1.609955228337045 -1.9831022656424235 0.3753577768802643 0.3753577768802643 1.8600000143051147 1.0933857392531472 0.02632960700686316 0.05378587763657132 7247 3 True
pedestrian -24.921576493465466 28.806090669533233 -1.113389921643043 0.3753577768802643 0.3753577768802643 1.8600000143051147 1.6270050066719024 -1.78261657353336 -0.1848150307950667 7253 3 True