16.72982406616211 0.009482232853770256
car -51.21944769642704 70.57693338692401 -1.389238488438651 4.181210041046143 1.994117259979248 1.3805816173553467 -1.5713577919119532 0.0 0.0 20001 0 False
car -58.41721715084594 93.11059116027354 -1.1516450596854844 4.4777727127075195 2.069315195083618 2.0377910137176514 -0.0005623924380003595 0.0 0.0 20011 0 False
car 22.00974293301516 78.32037566261813 -1.2953841379274786 3.633375883102417 1.845113754272461 1.5012825727462769 1.5713569932243754 -14.086871028147788 -0.023564992101248634 7259 0 False
car -59.486948481209424 0.002100433055360451 -1.4719462416155844 4.552699089050293 2.097072124481201 1.7671663761138916 -0.0008148598962165415 -1.583481710331931e-08 1.5056531169524022e-08 7256 8 True
car -19.902812239516663 0.3493568380423082 -1.4968099438963223 4.673638820648193 1.8118125200271606 1.441947340965271 -0.1053540392948327 5.463881540208259 -1.0662013728272697 7244 77 True
car -30.96380420487202 6.6027990807311205 -1.5391922057642988 4.673638820648193 1.8118125200271606 1.441947340965271 -1.3496741863351203 -6.7434562810003635 -3.596233919667231 7255 42 True
car -35.43365521192186 86.06921485467164 -1.555320367613139 4.673638820648193 1.8118125200271606 1.441947340965271 1.5707969309201963 -14.506470511840922 -0.008852748358099552 7258 0 False
truck -85.47771726411963 -3.9999934543492572 -0.5553488495394805 8.46804141998291 2.8910882472991943 3.8274123668670654 3.141285135021759 7.984137450580296 -0.00019990994038575336 7261 0 True
car -112.25877929048704 -3.983027499964607 -1.7337346821735449 4.611005783081055 2.241713285446167 1.6672759056091309 3.141255573958628 13.738242994846136 -0.0014745401056722885 7260 0 False
car -0.0035959642479497234 2.803947913854188e-07 -1.3288562054767104 4.855708599090576 2.0327565670013428 1.6493593454360962 0.0 16.72982412712738 0.009482232332016784 -100 1957 False
car -11.620186060506626 -3.997758490508369 -1.3672500419867593 5.237514495849609 1.9297595024108887 1.638383150100708 3.14124651921857 -9.956927573909123e-06 -1.7994750977268906e-07 7243 313 True
motorcycle -70.24498478978313 0.002715378042394745 -1.6430487450740585 2.0333523750305176 0.8025798797607422 1.4992748498916626 6.185992637028297e-05 2.6061872543846505 0.001783362366150747 7257 0 False
pedestrian -40.10632110738959 22.53980173232344 -1.2379359497270812 0.3753577768802643 0.3753577768802643 1.8600000143051147 1.585896508914649 -1.5250352315142683 -0.04725368687498407 7251 0 False
pedestrian -23.339725367382812 -8.899779841785893 -1.1735446090345318 0.9953577518463135 0.3753577768802643 1.8600000143051147 3.1065519511067268 3.5588413166979764 -0.23296791794217164 7249 8 False
pedestrian -27.47978844383863 11.389897437858876 -1.1807301450136176 0.3753577768802643 0.3753577768802643 1.8600000143051147 -1.6472504951823357 0.0 0.0 7245 0 False
pedestrian -40.92024644915546 -1.5645161811969048 -2.1082636086398265 0.3753577768802643 0.3753577768802643 1.8600000143051147 -2.0480230106814505 0.024163448485292838 0.04630694291554038 7247 2 True
pedestrian -40.348519639964024 30.415260842837476 -1.238775005643081 0.3753577768802643 0.3753577768802643 1.8600000143051147 1.6270448430028686 -1.7883686666912186 -0.20399084028873177 7253 0 False