3.0119367693259846e-06 -0.011569165624678135
car 27.280479070239963 73.24448897536178 -1.0566563130992699 4.181210041046143 1.994117259979248 1.3805816173553467 3.1407531023343402 0.0 0.0 20001 0 False
car 49.81450046473225 80.43511745155467 -0.6787310297014939 4.4777727127075195 2.069315195083618 2.0377910137176514 -1.5716314981917063 0.0 0.0 20011 0 False
car 117.23036817517229 -0.06112801086686659 -0.7907204776588674 3.633375883102417 1.845113754272461 1.5012825727462769 -0.00117072462632921 0.02694664731635522 18.44007486222253 7259 0 True
car -43.29094460432962 81.53160074056024 -1.4610984958342037 4.552699089050293 2.097072124481201 1.7671663761138916 -1.5718839656499226 1.138870702903109e-09 -9.616311995931635e-11 7256 0 False
car -23.64517750536235 0.15846408284966174 -1.5407403850320642 4.673638820648193 1.8118125200271606 1.441947340965271 -0.030265734959920246 0.44635081098241913 7.7787726838749425 7244 41 True
car -43.2457186368089 11.009084741430684 -1.6381386507412925 4.673638820648193 1.8118125200271606 1.441947340965271 -1.5305391861465374 1.1631290190695351 -12.6956380707581 7255 0 False
car 82.88296024907169 60.333526088870485 -1.0041801550132519 4.673638820648193 1.8118125200271606 1.441947340965271 0.8482837349667018 -8.908173694832582 -1.8115137348238006 7258 0 False
car -0.003595729748553822 -2.8768303081960767e-06 -1.3288561697782282 4.855708599090576 2.0327565670013428 1.6493593454360962 0.0 3.0119362082784307e-06 -0.011569165420405859 -100 1952 False
car -47.30348926614697 33.66585655379407 -1.5594322707942825 5.237514495849609 1.9297595024108887 1.638383150100708 1.570177413464864 9.288016948966904e-08 2.5174256237473833e-08 7243 0 False
motorcycle -43.287904396137684 88.09837778439237 -1.5912128578881832 2.0333523750305176 0.8025798797607422 1.4992756843566895 -1.5711112814837607 -1.8193891187422096e-08 -5.81424320158629e-09 7257 0 False
pedestrian -13.251186767632493 62.30031072725336 -1.1506782917718492 0.3753577768802643 0.3753577768802643 1.8600000143051147 0.02260609066051907 -0.07607406316842634 1.671119401047587 7251 0 False
pedestrian -50.767937108556055 61.75712734505953 -1.3377206929313883 0.9953577518463135 0.3753577768802643 1.8600000143051147 1.5277213352279664 -0.36237853704728407 -3.48684848470443 7249 0 False
pedestrian -35.22745007881434 55.884876245440125 -1.3643112051606636 0.3753577768802643 0.3753577768802643 1.8600000143051147 1.8842842155515882 1.0300484207607692 -1.4195004506910984 7245 0 False
pedestrian -44.54494121410155 62.80543359702449 -2.174660163991865 0.3753577768802643 0.3753577768802643 1.8600000143051147 2.6640840219845243 -0.061395402306129415 0.032338997658320275 7247 0 False
pedestrian -4.372471579961996 62.48958669667053 -1.106130341011367 0.3753577768802643 0.3753577768802643 1.8600000143051147 -0.002179262879265679 0.007889149365492077 1.8276726228916282 7253 0 False