12.52880573272705 0.006529446225613356
car 5.194318251277593 70.57528978586252 -1.2372850326467684 4.181210041046143 1.994117259979248 1.3805816173553467 -1.5713150351763472 0.0 0.0 20001 0 False
car -69.08170806072798 70.17331799191628 -0.6387329255189482 5.357479572296143 2.033203125 1.4147460460662842 -1.5713145025445792 0.0 0.0 20003 0 False
car -2.0009862663421245 93.10864469818857 -0.9122965097249462 4.4777727127075195 2.069315195083618 2.0377910137176514 -0.000519635702394137 0.0 0.0 20011 0 False
car 78.44201713730286 43.77328945153259 -2.036267969543075 3.633375883102417 1.845113754272461 1.5012825727462769 1.5713898962722712 -3.768426597783435 -0.005112683371818997 7259 0 False
car -16.150658493016408 -0.00015014949094016572 -1.1083452982231488 4.552699089050293 2.097072124481201 1.7671663761138916 -2.331174244897233e-06 8.319368204685448 0.004346549087289253 7256 124 True
car 24.98252113566025 22.67561345304007 -1.628920811675067 4.673638820648193 1.8118125200271606 1.441947340965271 -1.5706162222965727 -11.88915348852354 -0.00971741200290355 7244 21 True
car 24.9987232405266 38.77484871416235 -1.6294170701573707 4.673638820648193 1.8118125200271606 1.441947340965271 -1.5652495577589312 -8.119931859763554 -0.06687232280185204 7255 12 True
car 20.980837260032047 43.0995569081535 -1.5958643607643257 4.673638820648193 1.8118125200271606 1.441947340965271 1.5683963725774912 -5.483884156087657 0.011611711876213595 7258 7 True
truck -5.14435265658642 -4.006105076556924 -0.1866061033357851 8.46804141998291 2.8910882472991943 3.8274123668670654 -3.1415144197016462 4.332981117203255 0.002956275077646353 7261 6461 True
car -18.034663372325554 -3.9991689826147896 -1.1557908650224813 4.611005783081055 2.241713285446167 1.6672759056091309 3.1415068560314534 5.0129452692243985 0.001691532232997439 7260 110 True
car -0.0036231742793120247 -8.307950882802118e-08 -1.3288565488759883 4.855708599090576 2.0327565670013428 1.6493593454360962 0.0 12.528806440587944 0.006529446103053192 -100 1934 False
car 49.5186989626751 -3.999175441782488 -1.736633797648277 5.237514495849609 1.9297595024108887 1.638383150100708 3.1380197158455676 -2.1818169634001785e-05 -5.099466742837904e-08 7243 13 True
motorcycle -32.612540643889645 0.0037738188221825286 -1.1006890093409694 2.0333523750305176 0.8025798797607422 1.4992746114730835 -0.00033538353670046974 7.538860865939341 -0.0011848563453148236 7257 0 True
pedestrian 16.65792845243749 16.65163646203658 -1.2236489459108415 0.3753577768802643 0.3753577768802643 1.8600000143051147 1.596400553049971 -1.42907129462435 -0.07567674184602936 7251 0 True
pedestrian 45.42135011475506 -9.083368627536295 -1.4640197338973544 0.9953577518463135 0.3753577768802643 1.8600000143051147 3.1268373781897587 3.2369941863450578 -0.05042104542029808 7249 1 True
pedestrian 28.472504103472204 16.003466092108614 -1.3134386098560924 0.3753577768802643 0.3753577768802643 1.8600000143051147 -1.4653346291145388 -1.2737265610244255 -0.24403315600415515 7245 1 True
pedestrian 13.9211537314618 -3.1847450810704343 -1.3037250344469693 0.9953577518463135 0.3753577768802643 1.8600000143051147 1.5003064583941923 -3.65741868448732 0.5143484253376177 7247 32 True
pedestrian 16.45639753359916 23.61029702393105 -1.2219909684860064 0.3753577768802643 0.3753577768802643 1.8600000143051147 1.6595397881065301 -1.790488975956558 -0.31226639683809865 7253 2 True