13.624191284179688 0.06429237127304077
car -17.793414796014986 70.67043109861022 -0.968272995713567 4.181210041046143 1.994117259979248 1.3805816173553467 -1.5752535585818888 0.0 0.0 20001 0 True
car -92.06941382350968 70.56051571615612 -0.2530970929520895 5.357479572296143 2.033203125 1.4147460460662842 -1.5752530259501207 0.0 0.0 20003 0 False
car -24.899400055000683 93.2317224161513 -0.617277912330378 4.4777727127075195 2.069315195083618 2.0377910137176514 -0.004458159107935596 0.0 0.0 20011 0 False
car 55.38510144170459 54.8723373546197 -1.8927818153248634 3.633375883102417 1.845113754272461 1.5012825727462769 1.567646715567688 -8.946177671049107 0.01654127605040794 7259 0 False
car -26.940513598667508 0.13068621372361955 -0.9781035243034379 4.552699089050293 2.097072124481201 1.7671663761138916 -0.004013001379798891 2.9245518386617175 -0.010044290215182645 7256 45 True
car 2.088115501157233 7.1802167276778555 -1.435080615034864 4.673638820648193 1.8118125200271606 1.441947340965271 -1.4125051255158383 -7.609038638342191 -3.0558235108141214 7244 839 True
car 1.8098679450529858 22.82477356679898 -1.422546960494266 4.673638820648193 1.8118125200271606 1.441947340965271 -1.57230144700708 -8.092780500637456 0.001409367576270154 7255 57 True
car -2.0641261396693267 56.78583433109214 -1.3603611233788837 4.673638820648193 1.8118125200271606 1.441947340965271 1.5672389859491918 -11.556471277793598 0.030899228698174304 7258 7 True
truck -37.94378430958136 -3.8342864319166927 0.14576275401813854 8.46804141998291 2.8910882472991943 3.8274123668670654 3.1358268930600417 6.230328173049407 -0.03474180734839198 7261 95 True
car -54.71505484940786 -3.7558620909714366 -0.7647311157889494 4.611005783081055 2.241713285446167 1.6672759056091309 3.1373430293879974 9.868085637891522 -0.040713933193002684 7260 4 True
car -0.003625622765582648 9.560104685668591e-08 -1.3288561746683167 4.855708599090576 2.0327565670013428 1.6493593454360962 0.0 13.624191211948004 0.06429237019500422 -100 1915 False
car 24.30162971012396 -4.068928929935256 -1.5665304718650437 5.237514495849609 1.9297595024108887 1.638383150100708 3.136183490028799 4.581018638245067 -0.02378760154014729 7243 52 True
motorcycle -43.186518143390174 0.19441215649248544 -0.9432555326152192 2.0333523750305176 0.8025798797607422 1.499274730682373 -0.004018398762729433 8.16311980224813 -0.027750254757292907 7257 0 True
pedestrian -6.75554914128179 19.48617024093302 -1.0037803370028455 0.3753577768802643 0.3753577768802643 1.8600000143051147 1.5725834131105145 -1.471357223913876 -0.004204119327964594 7251 3 True
pedestrian 16.526373714622423 -9.106422032613004 -1.2544134549698094 0.9953577518463135 0.3753577768802643 1.8600000143051147 3.1214668742756246 3.150523319128723 -0.11436325625257716 7249 2 True
pedestrian 5.803310179453831 13.842901147674574 -1.1234286711353993 0.3753577768802643 0.3753577768802643 1.8600000143051147 -1.6471828157077433 -0.9977535893722479 -0.01531169328231852 7245 13 True
pedestrian -8.207070854779317 -1.409844748369811 -1.3132983848924176 0.3753577768802643 0.3753577768802643 1.8600000143051147 0.4299312106990748 0.42935910618111045 0.11882090659146975 7247 27 True
pedestrian -6.94629320079099 26.906301293516897 -0.9967889054140069 0.3753577768802643 0.3753577768802643 1.8600000143051147 1.6383244211964012 -1.7490524411946684 -0.3070216464933339 7253 5 True