17.071279525756836 0.019312238320708275
car -28.83413435405157 70.59392154717415 -0.9785598816132 4.181210041046143 1.994117259979248 1.3805816173553467 -1.5718218472098913 0.0 0.0 20001 0 True
car -36.01849301890343 93.13085082929423 -0.659325848047279 4.4777727127075195 2.069315195083618 2.0377910137176514 -0.0010264477359384315 0.0 0.0 20011 0 False
car 44.39792394736526 61.92225321298037 -1.6710343506784104 3.633375883102417 1.845113754272461 1.5012825727462769 1.5710466021915401 -10.893938652579164 -0.017169121070304414 7259 0 False
car -37.135033884949166 0.022931396536107318 -0.9873689439448916 4.552699089050293 2.097072124481201 1.7671663761138916 -0.0012789151616453501 -0.00029939979334696944 2.219600238883059e-06 7256 16 True
car -5.736866230168857 2.5686725364215297 -1.377047408063937 4.673638820648193 1.8118125200271606 1.441947340965271 -0.6860401033988139 2.2545555991848363 -7.885596551711126 7244 941 True
car -9.065789340910612 16.773493590517973 -1.3530838677480865 4.673638820648193 1.8118125200271606 1.441947340965271 -1.5717340961260937 -7.42501364880419 0.008945095267990009 7255 105 True
car -13.053912299594856 65.9331573863976 -1.3144065441629467 4.673638820648193 1.8118125200271606 1.441947340965271 1.5705418004333038 -14.386230546179531 -0.007678290866526107 7258 5 True
truck -53.35529850170815 -3.9741819614665466 0.13920398429312586 8.46804141998291 2.8910882472991943 3.8274123668670654 3.140796046030719 6.976057609617986 -0.00348381393035648 7261 47 True
car -73.04961795617118 -3.951634007964293 -0.8025381682931008 4.611005783081055 2.241713285446167 1.6672759056091309 3.140689519677095 11.598085421130591 -0.009373792727029682 7260 0 False
car -0.003576909745845569 -1.9908256221334852e-07 -1.3288563889971328 4.855708599090576 2.0327565670013428 1.6493593454360962 0.0 17.071279693847952 0.01931223867274753 -100 1995 False
car 10.849428782722043 -3.999148261296319 -1.3966725100744548 5.237514495849609 1.9297595024108887 1.638383150100708 3.140782197604748 2.3281114793177404 -0.0015384428266654304 7243 345 True
motorcycle -51.39193892107181 0.029949970286475835 -1.0185996576934868 2.0333523750305176 0.8025798797607422 1.4992746114730835 -0.0004264210794421119 1.6978262050700539 0.0012523154136422881 7257 0 False
pedestrian -17.69506978041585 20.557931861816275 -0.9568036592993598 0.3753577768802643 0.3753577768802643 1.8600000143051147 1.681338662416285 -1.6506313600750788 -0.33178368804294944 7251 2 True
pedestrian 3.54108924274783 -9.042418461254993 -1.1089371217944355 0.9953577518463135 0.3753577768802643 1.8600000143051147 3.1336726287638736 3.136326452274241 -0.052477706254928126 7249 27 True
pedestrian -5.182529074823833 12.882518522955579 -1.0355352044267478 0.3753577768802643 0.3753577768802643 1.8600000143051147 -1.5969550092942588 -0.21412987790240534 0.043897079792607055 7245 20 True
pedestrian -18.614514526577068 -1.6250070901487375 -1.8222839416703276 0.3753577768802643 0.3753577768802643 1.8600000143051147 1.093106396127104 0.02628962219464919 0.051304389682858394 7247 6 True
pedestrian -17.854363673999217 28.099608277517063 -0.9540616396819459 0.3753577768802643 0.3753577768802643 1.8600000143051147 1.5870448631367542 -1.7575675815236058 -0.05982020253074328 7253 1 True