17.38252830505371 1.5245356559753418
car -55.50520454622654 75.22035119322489 -2.746325854627699 4.181210041046143 1.994117259979248 1.3805816173553467 -1.6533602311007711 0.0 0.0 20001 0 False
car -60.8309870955091 98.26812663593446 -3.003573667657136 4.4777727127075195 2.069315195083618 2.0377910137176514 -0.08256483162681809 0.0 0.0 20011 0 False
car 18.82943785278468 85.70472221479798 -3.4759915777365222 3.633375883102417 1.845113754272461 1.5012825727462769 1.4882373589019244 -15.367914062686161 1.2672128498074733 7259 0 False
car -69.5260947767448 5.579370097674431 -1.0988841679145267 4.552699089050293 2.097072124481201 1.7671663761138916 -0.08281729908503427 -5.751180719347417e-10 8.152886091526105e-10 7256 3 True
car -25.283537816534647 2.0433672005928756 -1.3679873240833866 4.673638820648193 1.8118125200271606 1.441947340965271 -0.11181111354386807 9.877306229487694 -1.3640899092954026 7244 42 True
car -38.06015602720635 5.665824222245995 -1.40258238817961 4.673638820648193 1.8118125200271606 1.441947340965271 -0.7657765274391704 1.7300339756297 -9.37315147270823 7255 20 True
car -37.84941803584212 97.32554726766733 -3.5645173937021184 4.673638820648193 1.8118125200271606 1.441947340965271 1.488637099043899 -12.237195556748453 1.0020707403402949 7258 0 False
truck -100.64756373622362 4.150925714208256 0.07525634114898949 8.46804141998291 2.8910882472991943 3.8274123668670654 3.059150869470331 8.360404764449232 -0.6902850981743265 7261 0 True
car -0.0036187614259688416 -1.1226008709286361e-06 -1.3288558749579087 4.855708599090576 2.0327565670013428 1.6493593454360962 0.0 17.382528905253807 1.5245357164715774 -100 1950 False
car -22.14841667693571 -2.3319450255613177 -1.1793580212568497 5.237514495849609 1.9297595024108887 1.638383150100708 3.0592440800297522 -9.55134224097221e-07 2.0255068408128757e-08 7243 88 True
motorcycle -78.5770355662695 6.321388420147013 -1.2100721163356418 2.0333523750305176 0.8025798797607422 1.4992743730545044 -0.08200941528658734 3.1537383520919327 -0.25790069086779005 7257 0 False
pedestrian -48.30539812508283 27.366048524246814 -1.5373661755186632 0.3753577768802643 0.3753577768802643 1.8600000143051147 1.5111593002009391 -1.5310583514498515 0.059455189541307296 7251 0 False
pedestrian -36.34496393197759 -5.862345616093933 -0.8008684156193668 0.9953577518463135 0.3753577768802643 1.8600000143051147 2.956799017328845 3.4416753140384935 -1.0103958780649465 7249 4 True
pedestrian -36.851432245117564 13.807333692941937 -1.254252108839161 0.3753577768802643 0.3753577768802643 1.8600000143051147 -1.9774588056836129 -0.49515918678703796 0.35270328303400744 7245 0 False
pedestrian -51.13482306036889 2.512945129346008 -1.8073438523998748 0.3753577768802643 0.3753577768802643 1.8600000143051147 -2.13002358565908 0.02200832234366256 0.03626664280355611 7247 0 True
pedestrian -47.90857617222309 35.39194845941159 -1.728173293857303 0.3753577768802643 0.3753577768802643 1.8600000143051147 1.5013423640827073 -1.7945039239683862 0.07956072074251441 7253 0 False