0.40444210171699524 14.321298599243164
car 64.25728759595381 69.21307018762911 -8.946300392227876 4.181210041046143 1.994117259979248 1.3805816173553467 3.0782745969861347 0.0 0.0 20001 0 False
car 87.19823984550055 74.9732765447244 -9.349785891125322 4.4777727127075195 2.069315195083618 2.0377910137176514 -1.634110003539912 0.0 0.0 20011 0 False
car 96.06813109778385 -5.736274743155434 -0.844642780091462 3.633375883102417 1.845113754272461 1.5012825727462769 -0.06382699582714504 1.1353362144511254 17.52486870850786 7259 0 True
car -5.660157715069044 81.81721850820281 -10.307088111545909 4.552699089050293 2.097072124481201 1.7671663761138916 -1.6343624709981281 7.989893512288537e-10 -2.9729417785300374e-08 7256 0 False
car -9.389275014248732 22.706267744931438 -3.9107872624487 4.673638820648193 1.8118125200271606 1.441947340965271 -1.6347113447412287 -0.8782411766745292 -13.507517137243369 7244 49 True
car -7.817611573632615 41.99851456005149 -6.056113618926503 4.673638820648193 1.8118125200271606 1.441947340965271 -1.7277499307452309 -1.8386892437060678 -7.6351975821632445 7255 0 True
car 98.9995398279765 51.293466380022664 -7.227776792828763 4.673638820648193 1.8118125200271606 1.441947340965271 -0.0628096691500346 0.5183004462409694 8.262169960718216 7258 0 False
car -0.00359848506428051 6.5492565113345336e-06 -1.3288557420489653 4.855708599090576 2.0327565670013428 1.6493593454360962 0.0 0.4044421167587857 14.321298472161 -100 1913 False
car -12.65403705125599 34.57860580799837 -5.12647155572914 5.237514495849609 1.9297595024108887 1.638383150100708 1.5076989081166585 2.1206557001190276e-07 -2.8947590877099327e-07 7243 7 True
motorcycle -5.247663212919143 88.32061859653362 -11.162662358360222 2.0333523750305176 0.8025798797607422 1.4992748498916626 -1.6335612895044365 0.0003158697807018224 0.004361619264975715 7257 0 False
pedestrian 18.381766022287174 61.08429637961058 -7.8732971113099595 0.3753577768802643 0.3753577768802643 1.8600000143051147 -0.04493840859222412 0.0366016899023825 1.5348979722046698 7251 0 False
pedestrian -15.78155409920723 52.86517668135298 -6.914599609179582 0.9953577518463135 0.3753577768802643 1.8600000143051147 1.4006290037731595 -0.9794708558819637 -3.4291295056503746 7249 3 True
pedestrian 2.050024713561923 50.998063885485635 -6.7219149231196695 0.3753577768802643 0.3753577768802643 1.8600000143051147 1.8380762791400485 1.0795312885428008 -1.3736233370688282 7245 0 False
pedestrian -8.28596110014323 63.3615638348939 -8.964080757878229 0.3753577768802643 0.3753577768802643 1.8600000143051147 2.6016100440063474 0.01760911055735691 -0.01759489145136631 7247 0 True
pedestrian 26.72536594574715 60.80975289162109 -7.853609396451773 0.3753577768802643 0.3753577768802643 1.8600000143051147 -0.039393179254319934 0.05398248657108083 1.795008625604141 7253 0 False