16.642499923706055 0.012002676725387573
car -37.5662217246923 70.58309907360126 -1.4079173868517794 4.181210041046143 1.994117259979248 1.3805816173553467 -1.5714979771213333 0.0 0.0 20001 0 False
car -44.761277419443104 93.11775808518857 -1.183376418319762 4.4777727127075195 2.069315195083618 2.0377910137176514 -0.0007025776473804083 0.0 0.0 20011 0 False
car 35.66771926944921 67.74750428176635 -1.1729999711746797 3.633375883102417 1.845113754272461 1.5012825727462769 1.571184184319198 -12.27044770174688 -0.01881312393388289 7259 0 False
car -45.84344227084 0.009427311695468399 -1.5092415088265438 4.552699089050293 2.097072124481201 1.7671663761138916 -0.0009550451055965904 -2.9974985489305643e-06 1.1256161952746492e-07 7256 8 True
car -10.44099820852972 0.9385583804337823 -1.4807414935846435 4.673638820648193 1.8118125200271606 1.441947340965271 -0.25623727899713666 6.826437846783732 -3.6038135262970616 7244 349 True
car -17.781859077067963 13.032071690596588 -1.5233902179633039 4.673638820648193 1.8118125200271606 1.441947340965271 -1.571465087109652 -7.194788624852434 0.007028213206497656 7255 68 True
car -21.780139506160594 73.56135311393952 -1.5432075879490044 4.673638820648193 1.8118125200271606 1.441947340965271 1.5705503525151343 -16.00362587821827 -0.0030872132772661503 7258 0 True
truck -65.67289864348442 -3.991576313559676 -0.607739110745745 8.46804141998291 2.8910882472991943 3.8274123668670654 3.140881829718927 7.358208724679307 -0.003146535932450779 7261 26 True
car -87.85844195404479 -3.9733747322941992 -1.8125190941173615 4.611005783081055 2.241713285446167 1.6672759056091309 3.1411220466463496 12.721620478431532 -0.003290171731397645 7260 0 False
car -0.0035997361668478334 1.3082434913158636e-07 -1.328856422794038 4.855708599090576 2.0327565670013428 1.6493593454360962 0.0 16.642500957929357 0.012002676458305902 -100 1980 False
car 2.0220418988575375 -3.9971497639506826 -1.3123132554461412 5.237514495849609 1.9297595024108887 1.638383150100708 3.141105801377422 -0.0019881728049672455 -4.792327260286431e-07 7243 3146 False
motorcycle -58.76618693304641 0.011701113333943525 -1.7146375429438008 2.0333523750305176 0.8025798797607422 1.4992748498916626 -7.821306103323069e-05 2.374338698261699 0.0012774753458397407 7257 0 False
pedestrian -26.441709262641837 21.326062165369635 -1.2369120578153403 0.3753577768802643 0.3753577768802643 1.8600000143051147 1.5891425301710962 -1.5153983231595638 -0.0754713217246161 7251 0 True
pedestrian -6.843825599299748 -8.997796952967866 -1.1250548800236904 0.9953577518463135 0.3753577768802643 1.8600000143051147 3.081763964511679 3.1953608302664422 -0.2376600688221573 7249 45 True
pedestrian -13.825144081074257 12.134464105359228 -1.1557001954928992 0.3753577768802643 0.3753577768802643 1.8600000143051147 -1.49123955756355 -1.2326539042332951 -0.21269748072979458 7245 9 True
pedestrian -27.299600878205922 -1.6056099953655867 -2.109903020703092 0.3753577768802643 0.3753577768802643 1.8600000143051147 1.0934301330577199 0.026741503653454162 0.052367844949193554 7247 2 True
pedestrian -26.619142714086195 28.98401962221219 -1.2375689677499784 0.3753577768802643 0.3753577768802643 1.8600000143051147 1.6284289167559078 -1.781847466859562 -0.19984607712988448 7253 0 True