-0.009386034682393074 8.273670196533203
car 29.689191261679397 73.24237695579814 -0.9167917566236663 4.181210041046143 1.994117259979248 1.3805816173553467 3.1406440459798177 0.0 0.0 20001 0 False
car 52.22210463591574 80.430560915711 -0.43934129053973825 4.4777727127075195 2.069315195083618 2.0377910137176514 -1.571740554546229 0.0 0.0 20011 0 False
car 104.83809142969906 -0.0572270310553904 -0.38994124458259005 3.633375883102417 1.845113754272461 1.5012825727462769 -0.000863129780239529 0.015044629782321153 18.602981812252146 7259 0 True
car -40.87884741044997 81.53717213824979 -1.6339773997891198 4.552699089050293 2.097072124481201 1.7671663761138916 -1.5719930220044454 2.938095702723085e-09 3.0933221412097925e-10 7256 0 False
car -29.44274151026156 0.4769372352987489 -1.699803824472494 4.673638820648193 1.8118125200271606 1.441947340965271 -0.013526050593482122 0.39053706794110365 10.446354496459664 7244 25 True
car -40.89535056845575 19.553852795412922 -1.8093646411340003 4.673638820648193 1.8118125200271606 1.441947340965271 -1.5726646705990268 -0.02420942396450455 -9.105500030188944 7255 0 False
car 79.52551881778565 57.5219195565291 -0.6717298074395828 4.673638820648193 1.8118125200271606 1.441947340965271 0.04306327845255534 -0.7443528729850152 7.032587511520908 7258 0 False
car -0.0035960650587654186 3.350982336769448e-05 -1.328855930031301 4.855708599090576 2.0327565670013428 1.6493593454360962 0.0 -0.009386035691641237 8.273670656857247 -100 1991 False
car -44.896145367227284 33.67186076589519 -1.7484517555230228 5.237514495849609 1.9297595024108887 1.638383150100708 1.5700683571103413 -5.2774729525414455e-09 4.1577789045329305e-08 7243 0 False
motorcycle -40.87451391133894 88.10394456904777 -1.764299911853026 2.0333523750305176 0.8025798797607422 1.4992756843566895 -1.5712203378382832 0.0 0.0 7257 0 False
pedestrian -12.188011758072584 62.2739167208602 -1.2026058421334545 0.3753577768802643 0.3753577768802643 1.8600000143051147 0.019881546008639867 -0.06900562177725682 1.7021382744210753 7251 0 False
pedestrian -48.54482056291008 58.916768539322334 -1.5447905921506226 0.9953577518463135 0.3753577768802643 1.8600000143051147 1.4976520082325404 -0.5196208224359868 -3.548858135897116 7249 0 False
pedestrian -32.386193241407945 54.55490303805033 -1.4965316395120893 0.3753577768802643 0.3753577768802643 1.8600000143051147 1.884172762354109 1.0298572959484338 -1.4196151797442402 7245 0 False
pedestrian -42.19354718722583 62.84303534068147 -2.3530970621384752 0.3753577768802643 0.3753577768802643 1.8600000143051147 2.66397616405148 -0.041565470883997764 0.024489217291188164 7247 0 False
pedestrian -3.425354337468356 62.495904448136514 -1.1198464986993248 0.3753577768802643 0.3753577768802643 1.8600000143051147 0.01907780467054579 -0.03165918132367958 1.8231653467512883 7253 0 False