-0.026655863970518112 15.763747215270996
car 41.6920151393942 73.13698612709015 -0.9097774112412367 4.181210041046143 1.994117259979248 1.3805816173553467 3.137898462373098 0.0 0.0 20001 0 False
car 64.2445896342548 80.26395105420193 -0.44302135636760553 4.4777727127075195 2.069315195083618 2.0377910137176514 -1.5744861381529491 0.0 0.0 20011 0 False
car 98.19459116956908 -0.3005868451168112 -0.45394975181168107 3.633375883102417 1.845113754272461 1.5012825727462769 -0.0038220324100918237 0.0748767926285996 18.54110824252791 7259 0 True
car -28.853001966168033 81.62446198538021 -1.6372074671785093 4.552699089050293 2.097072124481201 1.7671663761138916 -1.5747386056111654 1.531372530190677e-09 -2.7075550128586526e-10 7256 0 False
car -27.533466860318004 6.0518359455412 -1.6590483804736342 4.673638820648193 1.8118125200271606 1.441947340965271 -1.091924286236657 11.425102618628701 -8.927087274336378 7244 53 True
car -28.973203744318585 29.96154780064836 -1.738909319182053 4.673638820648193 1.8118125200271606 1.441947340965271 -1.5811035541999108 -0.1676313308430152 -10.088517422055984 7255 0 False
car 85.72506487323352 57.21356248562819 -0.6979726429944719 4.673638820648193 1.8118125200271606 1.441947340965271 -0.00297900947909885 0.015228715974833898 6.776696962439429 7258 0 False
car -0.0035954011705996436 -1.1245789835356845e-05 -1.3288559550785308 4.855708599090576 2.0327565670013428 1.6493593454360962 0.0 -0.026655867350108838 15.763746991575417 -100 1971 False
car -33.001696277122626 33.77024755395723 -1.6836401534718906 5.237514495849609 1.9297595024108887 1.638383150100708 1.5673227735036213 1.966870153310972e-07 2.8929846816001857e-09 7243 0 False
motorcycle -28.83064351637292 88.1910059153559 -1.7768518331081204 2.0333523750305176 0.8025798797607422 1.4992784261703491 -1.5739659214450032 7.913503602089717e-09 2.6562169432680565e-06 7257 0 False
pedestrian -1.8898134179006085 62.248801522709414 -1.1948343388141467 0.3753577768802643 0.3753577768802643 1.8600000143051147 0.008144072892506918 -0.05189333694420445 1.5755549367417225 7251 0 False
pedestrian -36.831972210936726 55.81512334557431 -1.5134579610482284 0.9953577518463135 0.3753577768802643 1.8600000143051147 1.4875310725326538 -0.5612972885276636 -3.4598376558011235 7249 0 False
pedestrian -19.898454868388292 52.94943663828553 -1.4541744923783773 0.3753577768802643 0.3753577768802643 1.8600000143051147 1.881427178747389 1.025956252100992 -1.4224219266753735 7245 0 False
pedestrian -30.293001406625397 62.97142275877752 -2.3304608747937996 0.3753577768802643 0.3753577768802643 1.8600000143051147 2.661232045182122 -0.008253708387336533 0.005790680922387096 7247 0 False
pedestrian 6.726170528671112 62.46325897627901 -1.1139910223304987 0.3753577768802643 0.3753577768802643 1.8600000143051147 0.02039566882281833 -0.058139158310690546 1.815985987083138 7253 0 False