6.390004634857178 0.0035828864201903343
car 14.799156317717575 70.57714983667937 -1.269478747767205 4.181210041046143 1.994117259979248 1.3805816173553467 -1.5712096820820314 0.0 0.0 20001 0 False
car -59.47840757689909 70.16735106371641 -0.918339278222406 5.357479572296143 2.033203125 1.4147460460662842 -1.5712091494502634 0.0 0.0 20003 0 False
car 7.600435039625438 93.10974626573018 -0.9684351128792894 4.4777727127075195 2.069315195083618 2.0377910137176514 -0.0004142826080785667 0.0 0.0 20011 0 False
car 88.05468108948895 40.900424352108686 -1.8245507691942233 3.633375883102417 1.845113754272461 1.5012825727462769 1.5715735462365006 -2.0371059004678367 -0.0038409509801339468 7259 0 False
car -13.860248551401128 -0.0010007234365987383 -1.1730145742028022 4.552699089050293 2.097072124481201 1.7671663761138916 -0.00015719784321071995 5.309390604932901 0.001408621959471928 7256 193 True
car 34.59061924278228 31.88261929685889 -1.595200001563009 4.673638820648193 1.8118125200271606 1.441947340965271 -1.5706920971613603 -5.616610056441985 -0.004023659104860433 7244 11 True
car 34.386225660042726 46.790778613708305 -1.5942061660459488 4.673638820648193 1.8118125200271606 1.441947340965271 -1.4300265772015928 -5.554864726850546 -1.3504653553177026 7255 0 False
car 30.590907133450344 36.90254467300613 -1.5751533715309491 4.673638820648193 1.8118125200271606 1.441947340965271 1.5709150802131615 -4.871794875712437 -0.003131872182051308 7258 4 True
truck 7.990280730149664 -4.004696488281677 -0.2707177339821858 8.46804141998291 2.8910882472991943 3.8274123668670654 -3.141301208674286 3.4760867250396688 0.003451271239711966 7261 3290 True
car -4.910098307449971 -3.99974303754308 -1.2829461271030382 4.611005783081055 2.241713285446167 1.6672759056091309 3.141549624893015 2.0709916422983916 0.00046301006457204744 7260 1780 True
car -0.0035896740768066593 1.6188822726803664e-08 -1.3288561371459047 4.855708599090576 2.0327565670013428 1.6493593454360962 0.0 6.390004765909216 0.0035828867189661305 -100 1903 False
car 59.13097954393811 -3.992688512566338 -1.6213867934533708 5.237514495849609 1.9297595024108887 1.638383150100708 3.138124269992231 -0.004307918071100379 -0.00015696488778045416 7243 6 True
motorcycle -29.10757595092508 0.0034412622404369486 -1.2272436555494615 2.0333523750305176 0.8025798797607422 1.4992749691009521 -0.0003134560549328 0.4952640866986816 -0.00019316055972717555 7257 0 True
pedestrian 26.29065094817514 15.25693243977462 -1.2178221403126925 0.3753577768802643 0.3753577768802643 1.8600000143051147 1.577750876325222 -1.3719787493519924 -0.01891876196775715 7251 1 True
pedestrian 58.30506376210246 -9.06858527890652 -1.3788868222682733 0.9953577518463135 0.3753577768802643 1.8600000143051147 -3.1299665383327944 3.24362531069502 0.0932016413200977 7249 2 True
pedestrian 37.89570793851186 17.61052491796943 -1.2672086627814467 0.3753577768802643 0.3753577768802643 1.8600000143051147 -1.2897734473882925 -0.8365453040726469 -0.5488508196705223 7245 1 True
pedestrian 23.401464869831727 -6.822517527564563 -1.2022565352308712 0.9953577518463135 0.3753577768802643 1.8600000143051147 2.4289399844290798 1.154187599943115 -2.2238380496837347 7247 0 False
pedestrian 26.169782072498776 21.870418734305822 -1.2172391945148555 0.3753577768802643 0.3753577768802643 1.8600000143051147 1.594079502124613 -1.6611673191632426 -0.07776007988318867 7253 2 True