14.28122329711914 5.8532867431640625
car -30.360030216217638 90.42575111243966 -12.304032349222027 4.181210041046143 1.994117259979248 1.3805816173553467 -2.011822093480428 0.0 0.0 20001 0 False
car -27.259766250778853 113.72119273086568 -15.01344203182127 4.4777727127075195 2.069315195083618 2.0377910137176514 -0.441026694006475 0.0 0.0 20011 0 False
car 44.94434074614429 78.41885371805661 -11.808060602033372 3.633375883102417 1.845113754272461 1.5012825727462769 1.129538475385454 -14.510359205912149 6.820662051550777 7259 0 True
car -67.92721458840185 30.632733928973522 -4.387738582805923 4.552699089050293 2.097072124481201 1.7671663761138916 -0.4412791614646911 1.1489826775143448e-08 -1.9792747321495394e-08 7256 0 False
car -24.89319862360577 10.48294247590107 -2.496611232155388 4.673638820648193 1.8118125200271606 1.441947340965271 -0.4524820075241658 10.293420019816494 -5.1107678728184815 7244 29 True
car -36.65182053555429 17.47929520917512 -3.2503911602528746 4.673638820648193 1.8118125200271606 1.441947340965271 -0.7947457867412567 3.783982321130499 -8.006391148547458 7255 15 True
car -4.554519266346119 107.95267858440207 -15.031420602201152 4.673638820648193 1.8118125200271606 1.441947340965271 1.1301142503267925 -10.080515748257197 4.726109441463971 7258 0 False
truck -99.87549182210924 41.36396501935177 -4.36531718813824 8.46804141998291 2.8910882472991943 3.8274123668670654 2.7006368091773987 7.761068785297724 -3.6425580210965083 7261 0 False
car -0.003617699545202413 2.0156030615225973e-05 -1.3288556478031381 4.855708599090576 2.0327565670013428 1.6493593454360962 0.0 14.281222687529478 5.85328735415316 -100 1933 False
car -26.337825225712322 6.728529226857688 -1.9075501814002251 5.237514495849609 1.9297595024108887 1.638383150100708 2.7007822176500955 -2.1173858959313443e-07 -5.0847896629472534e-08 7243 47 True
motorcycle -75.43017029130777 34.13534296341426 -4.880046613477852 2.0333523750305176 0.8025798797607422 1.4992746114730835 -0.4404718075022157 1.3073466219454255 -0.6098592391755485 7257 0 False
pedestrian -40.222820649235246 43.890807450466724 -6.207597738038231 0.3753577768802643 0.3753577768802643 1.8600000143051147 1.1513789078792995 -1.4142874865633208 0.5945138650307379 7251 0 False
pedestrian -41.791872149838525 8.986217502877878 -1.7812033774320284 0.9953577518463135 0.3753577768802643 1.8600000143051147 2.598075366435157 2.8640563420894907 -2.145866400561916 7249 2 True
pedestrian -34.786081824999826 26.656915199070255 -4.082017229812259 0.3753577768802643 0.3753577768802643 1.8600000143051147 -2.5671389149212307 -0.14714913262226825 1.1529540110171108 7245 0 False
pedestrian -51.764836479471796 21.298792197398143 -4.100578228639652 0.3753577768802643 0.3753577768802643 1.8600000143051147 -2.488485181722853 0.029650640012895205 0.016814806236980367 7247 0 True
pedestrian -36.99691822911865 51.27583328270738 -7.175965674206893 0.3753577768802643 0.3753577768802643 1.8600000143051147 1.1363921146617466 -1.6448709022281354 0.7244240222877041 7253 0 False