17.574138641357422 0.010323899798095226
car -47.78802897219202 70.57805053643509 -0.9595499759451915 4.181210041046143 1.994117259979248 1.3805816173553467 -1.57138006381311 0.0 0.0 20001 0 False
car -54.98296653174407 93.1118671766434 -0.6594445189855285 4.4777727127075195 2.069315195083618 2.0377910137176514 -0.0005846643391569058 0.0 0.0 20011 0 False
car 25.44088800316183 75.5434863637594 -1.5010081629492724 3.633375883102417 1.845113754272461 1.5012825727462769 1.571248568134725 -13.653450429297179 -0.022845897470836977 7259 0 False
car -56.05750206763736 0.0034001822743705556 -0.9707822706946558 4.552699089050293 2.097072124481201 1.7671663761138916 -0.0008371317973730878 -1.8601717889043266e-08 -1.3386965345177576e-08 7256 14 True
car -17.568099848499116 0.4536511301637258 -1.3339126487481052 4.673638820648193 1.8118125200271606 1.441947340965271 -0.1302491911155447 5.0343879466485495 -1.239068834960142 7244 80 True
car -27.856162737590637 8.196385509118326 -1.283574093763182 4.673638820648193 1.8118125200271606 1.441947340965271 -1.4889060292578866 -8.57132018176539 -1.6967537560916057 7255 38 True
car -32.004107239683776 83.08885781999133 -1.262473204204718 4.673638820648193 1.8118125200271606 1.441947340965271 1.5708773237923452 -15.332862890546568 -0.010767342262258636 7258 0 False
truck -80.4539999489163 -3.9985388774442634 0.1634862060604485 8.46804141998291 2.8910882472991943 3.8274123668670654 3.141318789456255 7.868889468813396 0.0002981938007917523 7261 0 True
car -106.07244937764136 -3.981534241142663 -0.7888819184412967 4.611005783081055 2.241713285446167 1.6672759056091309 3.1412346336368917 13.778149920987653 -0.0017345259698495136 7260 0 False
car -0.0036123383985682267 -6.854730560945654e-09 -1.328856331319733 4.855708599090576 2.0327565670013428 1.6493593454360962 0.0 17.574138994482688 0.010323900339585253 -100 1934 False
car -8.191690445315999 -3.9975197129204845 -1.2813542218690335 5.237514495849609 1.9297595024108887 1.638383150100708 3.1412242473174135 -6.26321298236574e-05 6.662671730883884e-08 7243 664 True
motorcycle -67.2033025565297 0.004239501567671056 -1.0468459777741597 2.0333523750305176 0.8025798797607422 1.4992746114730835 3.9634513460099695e-05 2.4963998549948325 0.0016545111091500501 7257 0 False
pedestrian -36.670490826154435 22.23544913417562 -0.9048567558011136 0.3753577768802643 0.3753577768802643 1.8600000143051147 1.5860161833796966 -1.5228623483360741 -0.04818485889186458 7251 0 False
pedestrian -19.197478415047783 -8.923882425463464 -0.9894829574755588 0.9953577518463135 0.3753577768802643 1.8600000143051147 3.112648286641856 3.5809500337405225 -0.19570002546642348 7249 8 True
pedestrian -24.0487671942343 11.3904871088131 -0.9572025152551322 0.3753577768802643 0.3753577768802643 1.8600000143051147 -1.647266375502275 -1.056465011360127 0.07546338059028282 7245 0 True
pedestrian -37.50301111080745 -1.5750941055418421 -1.768150973229263 0.3753577768802643 0.3753577768802643 1.8600000143051147 -2.0480470136358533 0.023846281705844984 0.04931590932146635 7247 1 True
pedestrian -36.89682805026462 30.056623332523056 -0.9036442576520851 0.3753577768802643 0.3753577768802643 1.8600000143051147 1.6277339008280374 -1.7862779000955376 -0.20667764033347588 7253 0 False