-0.012108160182833672 16.44489288330078
car 43.161683415687534 73.2148044622113 -0.927713975554795 4.181210041046143 1.994117259979248 1.3805816173553467 3.1398188662130564 0.0 0.0 20001 0 False
car 65.7015663507386 80.38461395950372 -0.5062782697366526 4.4777727127075195 2.069315195083618 2.0377910137176514 -1.57256573431299 0.0 0.0 20011 0 False
car 97.94696523429133 -0.11084662107600707 -0.6811722056762868 3.633375883102417 1.845113754272461 1.5012825727462769 -0.0019310564753214517 0.04070888667058661 18.643467330683098 7259 0 True
car -27.40095788873199 81.56753598106587 -1.485621550853887 4.552699089050293 2.097072124481201 1.7671663761138916 -1.5728182017712062 1.3834982842793672e-09 -4.0616101202744297e-10 7256 0 False
car -26.473943144435477 7.350991546168984 -1.5915646515014115 4.673638820648193 1.8118125200271606 1.441947340965271 -1.2064282320362727 9.164529562084319 -11.32505490860861 7244 40 True
car -27.413801725867167 30.922160963056626 -1.634088010723385 4.673638820648193 1.8118125200271606 1.441947340965271 -1.5798510711173233 -0.16942902734898832 -10.372441507631672 7255 0 False
car 86.53129709413946 57.376586009234984 -0.8361886530590787 4.673638820648193 1.8118125200271606 1.441947340965271 -0.0010231856265597874 0.0019411326976307762 7.149797313733295 7258 0 False
car -0.003595831275845285 3.981269276209787e-05 -1.3288562409002171 4.855708599090576 2.0327565670013428 1.6493593454360962 0.0 -0.012108161422900995 16.444893859592863 -100 1953 False
car -31.458005048915034 33.70550735679166 -1.5656951035439555 5.237514495849609 1.9297595024108887 1.638383150100708 1.5692431773435804 1.4219044519521545e-07 5.914327223124861e-09 7243 0 False
motorcycle -27.39150804578767 88.13423365307784 -1.6193979455093457 2.0333523750305176 0.8025798797607422 1.499274730682373 -1.5720455176050443 8.23161593343128e-09 5.3017826844676e-06 7257 0 False
pedestrian -0.5574693524007017 62.24345143957885 -1.123715813260901 0.3753577768802643 0.3753577768802643 1.8600000143051147 0.026862217961629232 -0.0672959954368185 1.5739062606036336 7251 0 False
pedestrian -35.359002202900236 55.393486000730775 -1.3668623809781013 0.9953577518463135 0.3753577768802643 1.8600000143051147 1.4932118566555446 -0.5550569137182897 -3.461141993103404 7249 0 False
pedestrian -18.33714049221657 52.742750306892844 -1.3485247083400722 0.3753577768802643 0.3753577768802643 1.8600000143051147 1.883347582587348 1.028705308675567 -1.4204604595251755 7245 0 False
pedestrian -28.81363467868435 62.915979370441676 -2.1924343807180398 0.3753577768802643 0.3753577768802643 1.8600000143051147 2.663151916390313 -0.005674562423862554 0.0030986278505677673 7247 0 False
pedestrian 8.034310353591351 62.46809535579041 -1.0626159125341683 0.3753577768802643 0.3753577768802643 1.8600000143051147 0.005577719875759548 -0.04684418934584265 1.815440369791404 7253 0 False