15.17800521850586 0.03713228553533554
car -22.26231904525099 70.63137286329473 -0.979798368289249 4.181210041046143 1.994117259979248 1.3805816173553467 -1.5733156273076618 0.0 0.0 20001 0 True
car -96.53939907216727 70.37766605849825 -0.4329129153076763 5.357479572296143 2.033203125 1.4147460460662842 -1.5733150946758936 0.0 0.0 20003 0 False
car -29.41275427866492 93.17888142686856 -0.6462795953474245 4.4777727127075195 2.069315195083618 2.0377910137176514 -0.0025202278337086255 0.0 0.0 20011 0 False
car 50.95190324926159 57.76807289711477 -1.735560755238878 3.633375883102417 1.845113754272461 1.5012825727462769 1.5696190015909588 -9.492578954810469 -0.003337312865941182 7259 0 False
car -30.67042944753257 0.07287766903760562 -1.0105372638887093 4.552699089050293 2.097072124481201 1.7671663761138916 -0.002791870003067888 0.1455886095552856 -0.001545077288896654 7256 25 True
car -1.36034356326104 4.796665486309288 -1.4054452319419757 4.673638820648193 1.8118125200271606 1.441947340965271 -1.1341423586961774 -4.769224461647433 -6.538803697086694 7244 1696 True
car -2.567671677885585 20.182855020277596 -1.3880921364175869 4.673638820648193 1.8118125200271606 1.441947340965271 -1.5706866900581602 -9.408825403639554 -0.014279301526861526 7255 61 True
car -6.498459958899332 60.47349126167828 -1.3331728914578842 4.673638820648193 1.8118125200271606 1.441947340965271 1.5690761166613019 -12.928776970368432 0.01224571286142082 7258 5 True
truck -44.19269957978298 -3.907071645508174 0.1081124903088635 8.46804141998291 2.8910882472991943 3.8274123668670654 3.1385677667247105 6.54451892837479 -0.017676380150934097 7261 48 True
car -62.127690469676054 -3.8588748540307973 -0.8315406022623852 4.611005783081055 2.241713285446167 1.6672759056091309 3.139246872229064 10.623771728908954 -0.02372173488714934 7260 0 False
car -0.0035697148836106862 7.555217007571002e-08 -1.3288561621308999 4.855708599090576 2.0327565670013428 1.6493593454360962 0.0 15.178006454339176 0.03713228669806635 -100 1988 False
car 18.60490861103949 -4.023313371618434 -1.4677917240033467 5.237514495849609 1.9297595024108887 1.638383150100708 3.138949397386569 3.4397580882241945 -0.007479426796474007 7243 87 True
motorcycle -45.54601617273033 0.10230359406695122 -1.0287480348103126 2.0333523750305176 0.8025798797607422 1.499274730682373 -0.0020390514674194986 3.0710859870881264 -0.004963948001521579 7257 0 False
pedestrian -11.13632051790978 19.920314974529735 -0.9868170825474141 0.3753577768802643 0.3753577768802643 1.8600000143051147 1.5986855161249554 -1.466310199036533 -0.06436154167006279 7251 3 True
pedestrian 11.270144160235759 -9.066579489456865 -1.176043761684066 0.9953577518463135 0.3753577768802643 1.8600000143051147 3.1298270130939665 3.139102705939716 -0.07352449830253993 7249 22 True
pedestrian 1.3487969624588914 13.349010822089495 -1.0775916126155396 0.3753577768802643 0.3753577768802643 1.8600000143051147 -1.7535382439483882 -1.6030283760344228 0.5528658260136405 7245 20 False
pedestrian -12.248104279272525 -1.6364516353841672 -1.6135293352963171 0.9953577518463135 0.3753577768802643 1.8600000143051147 0.7731711900346726 -1.7819798359852737 0.8279666126998039 7247 17 True
pedestrian -11.335545883933094 27.417431620909905 -0.9807082666420648 0.3753577768802643 0.3753577768802643 1.8600000143051147 1.5877605727710906 -1.7531280806686806 -0.1008588610405281 7253 5 True