14.992475509643555 0.008074801415205002
car -1.7487517249144275 70.57521712958905 -1.1808823057285318 4.181210041046143 1.994117259979248 1.3805816173553467 -1.5713378742016 0.0 0.0 20001 0 False
car -76.02542305645673 70.17493913473112 -0.6670244454085845 5.357479572296143 2.033203125 1.4147460460662842 -1.571337341569832 0.0 0.0 20003 0 False
car -8.943907798715031 93.10873530385119 -0.8640060592816128 4.4777727127075195 2.069315195083618 2.0377910137176514 -0.0005424747276470496 0.0 0.0 20011 0 False
car 71.49836851889091 45.90087366014291 -1.8962673311909328 3.633375883102417 1.845113754272461 1.5012825727462769 1.5713105982795976 -4.589921722375466 -0.007227043700312489 7259 0 True
car -19.561536680883307 0.00021536456032333895 -1.101927844230075 4.552699089050293 2.097072124481201 1.7671663761138916 -1.9977202304949362e-05 7.063294007599114 0.003590061449622873 7256 82 True
car 18.038819170856925 17.48212826924815 -1.5507792871738517 4.673638820648193 1.8118125200271606 1.441947340965271 -1.570958640382698 -8.375953544012642 -0.0017286415432130318 7244 45 True
car 18.054880181202805 34.21228987135892 -1.550592112937152 4.673638820648193 1.8118125200271606 1.441947340965271 -1.5721870223979264 -8.826610320980764 0.022627350621532042 7255 13 True
car 14.038601724557566 45.56954174811112 -1.5212211483886917 4.673638820648193 1.8118125200271606 1.441947340965271 1.5702555879048925 -5.374794564397194 0.0007882197447484802 7258 11 True
truck -14.516852587411051 -4.006042467819409 -0.1238212891881969 8.46804141998291 2.8910882472991943 3.8274123668670654 -3.141559362945276 5.05519212250996 0.002900654318968167 7261 897 True
car -27.703781997883198 -3.998861515336874 -1.1069623322810234 4.611005783081055 2.241713285446167 1.6672759056091309 3.141453923311302 6.42167112155273 0.0021851617260687703 7260 25 True
car -0.0035831645400321577 -7.739359997316342e-08 -1.3288564499903122 4.855708599090576 2.0327565670013428 1.6493593454360962 0.0 14.992477024653006 0.00807480138325071 -100 1977 False
car 42.57452885252212 -4.000258973639409 -1.629996027913096 5.237514495849609 1.9297595024108887 1.638383150100708 3.137996876820315 -1.6091457059859771e-06 1.2168096706753066e-07 7243 17 True
motorcycle -36.36471513054096 0.003304085543698987 -1.1102441991241583 2.0333523750305176 0.8025798797607422 1.4992748498916626 -0.00038043015978733697 6.401518249184146 -0.0014123427164903462 7257 0 True
pedestrian 9.600435134154338 17.41761130936153 -1.153574785063947 0.3753577768802643 0.3753577768802643 1.8600000143051147 1.7224821467076032 -1.5064336857266833 -0.4555242413505698 7251 1 True
pedestrian 36.936508305901214 -9.092598095636546 -1.3508895518048116 0.9953577518463135 0.3753577768802643 1.8600000143051147 -3.140080777156973 3.1561267024912656 0.029067723102365786 7249 3 False
pedestrian 21.676300214213654 15.443592564501127 -1.2317911902385688 0.3753577768802643 0.3753577768802643 1.8600000143051147 -1.2777761441486521 -1.0248008745017816 -0.6111264243715308 7245 1 True
pedestrian 7.110229023807335 -1.3702077344544805 -1.2386469963798268 0.9953577518463135 0.3753577768802643 1.8600000143051147 1.4954947271417667 -3.3993727458368603 0.5134439595168322 7247 78 True
pedestrian 9.455822565510516 24.48927346910906 -1.152530438411782 0.3753577768802643 0.3753577768802643 1.8600000143051147 1.610763565449889 -1.7331425650292023 -0.19753735096499167 7253 3 True