14.107686042785645 0.00755237927660346
car -4.680097178009817 70.57519965159251 -1.205103139958847 4.181210041046143 1.994117259979248 1.3805816173553467 -1.5713325885855165 0.0 0.0 20001 0 False
car -78.95832532678111 70.17452869046807 -1.3840054863411022 5.357479572296143 2.033203125 1.4147460460662842 -1.5713320559537483 0.0 0.0 20003 0 False
car -11.878014675272482 93.10867911929326 -0.9552984486319769 4.4777727127075195 2.069315195083618 2.0377910137176514 -0.000537189111563358 0.0 0.0 20011 0 False
car 68.57039153932499 46.92336595545977 -1.2378980945633786 3.633375883102417 1.845113754272461 1.5012825727462769 1.571264884403884 -5.5529689685806645 -0.008291985362124735 7259 0 True
car -20.95591414173083 4.5682239248057144e-05 -1.2883788198790764 4.552699089050293 2.097072124481201 1.7671663761138916 8.275245948963696e-05 8.082357843503726 0.0047598261932177855 7256 82 True
car 15.110333614927868 15.924509044945353 -1.3904691300363905 4.673638820648193 1.8118125200271606 1.441947340965271 -1.570886642637657 -7.425522853926552 -0.002951080068237894 7244 74 True
car 15.123033616341047 32.53142908097677 -1.3902547510722933 4.673638820648193 1.8118125200271606 1.441947340965271 -1.5727575117231811 -8.267809805398135 0.029710949572272518 7255 28 True
car 11.109639046344796 46.66729162699755 -1.3983048883321252 4.673638820648193 1.8118125200271606 1.441947340965271 1.5706808536701395 -5.748580319172498 -0.003024273819462154 7258 4 True
truck -18.479688073925274 -4.006132258073742 -0.26884732725169425 8.46804141998291 2.8910882472991943 3.8274123668670654 -3.1415008141523804 5.140463604324352 0.003665521073482189 7261 456 True
car -31.991742623997766 -3.998707497947309 -1.3757079266899432 4.611005783081055 2.241713285446167 1.6672759056091309 3.141534842638459 6.951260928493277 0.00031835223479961377 7260 15 True
car -0.0035732877687451037 7.792352652025158e-08 -1.3288564338646869 4.855708599090576 2.0327565670013428 1.6493593454360962 0.0 14.107686301720113 0.007552379635512465 -100 1952 False
car 39.64589843304827 -4.000041706051851 -1.2409760175194675 5.237514495849609 1.9297595024108887 1.638383150100708 3.1380013634887463 -0.013133827395061543 4.370665450857297e-05 7243 24 True
motorcycle -37.927442033607974 0.0025918546566339185 -1.4539291863754862 2.0333523750305176 0.8025798797607422 1.4992746114730835 -0.0003744430100586162 7.2430699930543385 -0.0015486689370008443 7257 0 True
pedestrian 6.620970682627103 17.7338948639922 -1.072159236653938 0.3753577768802643 0.3753577768802643 1.8600000143051147 1.720060096198419 -1.523143951109652 -0.4715971325199897 7251 0 True
pedestrian 33.4014518949067 -9.094405121099658 -1.0157219180830923 0.9953577518463135 0.3753577768802643 1.8600000143051147 -3.1399998578298165 3.0187174462222806 0.01880160374058814 7249 6 True
pedestrian 18.84162956519674 15.166358591474197 -1.037453692793271 0.3753577768802643 0.3753577768802643 1.8600000143051147 -1.2406486879795728 -1.159274140493109 -0.8531402209285036 7245 4 True
pedestrian 4.215884617022539 -0.8025321640890635 -1.1803181325730874 0.9953577518463135 0.3753577768802643 1.8600000143051147 1.5054248068091267 -3.5090473182365516 0.47868422231185753 7247 175 True
pedestrian 6.5136576616263255 24.838293069752574 -1.072371646187491 0.3753577768802643 0.3753577768802643 1.8600000143051147 1.6018992005473436 -1.7410331902485205 -0.1237359309415286 7253 1 True