17.065502166748047 0.028974248096346855
car -56.18389457015661 70.6187612260478 -1.2000138953630906 4.181210041046143 1.994117259979248 1.3805816173553467 -1.5721166912727724 0.0 0.0 20001 0 False
car -63.363536134732215 93.15795278717212 -0.9399469991327232 4.4777727127075195 2.069315195083618 2.0377910137176514 -0.001321291798819355 0.0 0.0 20011 0 False
car 17.05185055186928 82.59473315370346 -1.40750053738899 3.633375883102417 1.845113754272461 1.5012825727462769 1.5705337785775557 -14.663213703827353 -0.012213177819373144 7259 0 False
car -64.50521698223662 0.05021244382674306 -1.2278408873085365 4.552699089050293 2.097072124481201 1.7671663761138916 -0.0015737592570355368 -4.4530376713388434e-09 7.844865189173725e-09 7256 5 True
car -22.881800385075678 0.2266867379815669 -1.4140388587513528 4.673638820648193 1.8118125200271606 1.441947340965271 -0.06658468315269922 8.136201805521152 -0.9625513151809463 7244 37 True
car -35.015460535768625 4.542177870331335 -1.4125661299881798 4.673638820648193 1.8118125200271606 1.441947340965271 -1.0809469107727843 -3.934585427037042 -7.119720169615293 7255 35 True
car -40.383981160842495 90.26441649005692 -1.4361855516823088 4.673638820648193 1.8118125200271606 1.441947340965271 1.569873182027144 -13.32580475142814 0.00623750454100835 7258 0 False
truck -92.92243893150646 -3.9292837640584053 -0.20365498752935451 8.46804141998291 2.8910882472991943 3.8274123668670654 3.140499071440766 8.184671708120758 -0.007039890714450381 7261 0 True
car -0.0035770615235151126 -2.2983057257341954e-07 -1.3288561102332899 4.855708599090576 2.0327565670013428 1.6493593454360962 0.0 17.065500629549415 0.02897424540009656 -100 1956 False
car -16.641445395247047 -3.9859964172628226 -1.316560214896331 5.237514495849609 1.9297595024108887 1.638383150100708 3.140487619857751 -4.1424699745386235e-06 -3.077055082701506e-08 7243 134 True
motorcycle -74.42758305575683 0.05824302887050692 -1.355288013970868 2.0333523750305176 0.8025798797607422 1.4992746114730835 -0.0007894265667424641 2.7683142096343576 -0.0016118966696430537 7257 0 False
pedestrian -45.113237911429906 23.031898624318632 -1.079554610548147 0.3753577768802643 0.3753577768802643 1.8600000143051147 1.584977820023394 -1.5283112126400702 -0.04589833253369694 7251 0 False
pedestrian -29.43469524545054 -8.775786676064033 -1.0734623847727192 0.9953577518463135 0.3753577768802643 1.8600000143051147 3.042117722814735 3.5280012853851486 -0.6488684756950783 7249 5 True
pedestrian -32.488941296582254 11.222884907755581 -1.070139999132154 0.3753577768802643 0.3753577768802643 1.8600000143051147 -1.6151038033824863 -0.1366616747515223 0.007623329312101536 7245 0 False
pedestrian -45.93348636312987 -1.5134110149650437 -1.9392089749807788 0.3753577768802643 0.3753577768802643 1.8600000143051147 -2.048788567939371 0.021348581686397066 0.043913581496163666 7247 0 True
pedestrian -45.37236437448263 30.98887553417204 -1.0817992623473902 0.3753577768802643 0.3753577768802643 1.8600000143051147 1.6251407853405901 -1.7916305982236056 -0.19917604036340056 7253 0 False