-0.41470324993133545 16.776670455932617
car 54.6759396245661 72.42789871739006 -1.5450657674488895 4.181210041046143 1.994117259979248 1.3805816173553467 3.1247910603493585 0.0 0.0 20001 0 False
car 77.32501798823849 79.25785460615026 -1.5135849145662235 4.4777727127075195 2.069315195083618 2.0377910137176514 -1.5875935401766883 0.0 0.0 20011 0 False
car 97.15840215603052 -1.5180728790945182 -2.4969537685286873 3.633375883102417 1.845113754272461 1.5012825727462769 -0.017200011372036403 0.32290247618990914 18.339480249081504 7259 0 True
car -15.751327247220413 81.83742200145662 -0.753763849749749 4.552699089050293 2.097072124481201 1.7671663761138916 -1.5878460076349048 -2.8365581661013703e-09 1.2152146374017477e-09 7256 0 False
car -16.81061260935328 16.528281314044932 -1.165832940647708 4.673638820648193 1.8118125200271606 1.441947340965271 -1.5866271862038694 -0.2208643039167474 -15.056942269111827 7244 37 True
car -16.31076754904748 37.89089760568635 -1.089956150871812 4.673638820648193 1.8118125200271606 1.441947340965271 -1.6233006454410421 -0.9074468303047841 -10.555645419746359 7255 0 False
car 93.43292019997111 56.013248034275705 -2.277332829291307 4.673638820648193 1.8118125200271606 1.441947340965271 -0.016240874715593125 0.11729650500697103 7.488205567562653 7258 0 False
car -0.003597302342559061 5.739554165984373e-05 -1.3288561696462828 4.855708599090576 2.0327565670013428 1.6493593454360962 0.0 -0.41470320506446584 16.776669107331507 -100 1953 False
car -20.528359998370966 34.04225774005914 -0.9580604009128184 5.237514495849609 1.9297595024108887 1.638383150100708 1.554215371479882 -2.4662784948299374e-08 8.279357076347406e-09 7243 0 False
motorcycle -15.64562234191641 88.40398785286618 -0.8603320400056662 2.0333523750305176 0.8025798797607422 1.4992748498916626 -1.5870732776631908 1.9403553459363596e-06 0.00028004627231073076 7257 0 False
pedestrian 9.856624500738288 62.109415236225345 -0.9617633987186398 0.3753577768802643 0.3753577768802643 1.8600000143051147 0.015747790856255425 -0.05641241817887543 1.5480689960609668 7251 0 False
pedestrian -24.327079715792763 53.6716250664291 -0.601517422779954 0.9953577518463135 0.3753577768802643 1.8600000143051147 1.447070099741194 -0.8199002123789562 -3.491919037017176 7249 0 False
pedestrian -6.812533084501972 51.87397681855367 -0.9132049729424185 0.3753577768802643 0.3753577768802643 1.8600000143051147 1.8687341642392477 1.0118671207811194 -1.4324067610701354 7245 0 False
pedestrian -17.496553719508405 63.23364476702551 -1.5114567192472235 0.3753577768802643 0.3753577768802643 1.8600000143051147 2.648125841579861 0.008631796034548075 -0.004511155345771705 7247 0 False
pedestrian 18.305971965879994 62.20948403150663 -1.0580900275279461 0.3753577768802643 0.3753577768802643 1.8600000143051147 -0.016055252544403077 0.008756249231448023 1.8105778539254953 7253 0 False