10.827784538269043 0.00530000077560544
car 8.70960461957992 70.57523952508238 -1.2698739958067495 4.181210041046143 1.994117259979248 1.3805816173553467 -1.571315679802527 0.0 0.0 20001 0 False
car -65.56607335951887 70.17330006500684 -0.6294063161907997 5.357479572296143 2.033203125 1.4147460460662842 -1.571315147170759 0.0 0.0 20003 0 False
car 1.5144991755484511 93.10859099931787 -0.940269432510425 4.4777727127075195 2.069315195083618 2.0377910137176514 -0.0005202803285739504 0.0 0.0 20011 0 False
car 81.9575026129815 42.72508189598066 -2.110837168770081 3.633375883102417 1.845113754272461 1.5012825727462769 1.5714817964158025 -3.2080132836000566 -0.00729685637356498 7259 0 False
car -15.269926894829268 -0.000188774621282084 -1.1054147451086491 4.552699089050293 2.097072124481201 1.7671663761138916 -4.834289982811444e-06 8.77628694224469 0.004575259848001579 7256 150 True
car 28.496942279467476 26.032807504627005 -1.673789632284695 4.673638820648193 1.8118125200271606 1.441947340965271 -1.5705452279499403 -10.25769998197188 -0.009621548743431999 7244 13 True
car 28.50435199695471 41.163201817029595 -1.6738492461594126 4.673638820648193 1.8118125200271606 1.441947340965271 -1.5587606169223287 -8.328411641159047 -0.17330670532021056 7255 9 True
car 24.495875218363494 41.15843844434988 -1.637713219329477 4.673638820648193 1.8118125200271606 1.441947340965271 1.5700641969649494 -7.206689632785202 -0.0004978155320486706 7258 8 True
truck -0.44353068681232344 -4.006011962110232 -0.2248607587554594 8.46804141998291 2.8910882472991943 3.8274123668670654 -3.1414828401058545 3.5391791917411193 0.002610984666129925 7261 11939 False
car -13.148825228524117 -3.9992856235346452 -1.189377967748439 4.611005783081055 2.241713285446167 1.6672759056091309 3.1414247187447515 4.083355985492091 0.0007619752429360983 7260 275 True
car -0.003583181694011728 6.019231113540968e-08 -1.3288565202871863 4.855708599090576 2.0327565670013428 1.6493593454360962 0.0 10.827785469420393 0.005300000558834077 -100 1982 False
car 53.03364875155319 -3.9992417436344345 -1.7960796954824167 5.237514495849609 1.9297595024108887 1.638383150100708 3.138019071219388 -0.00010494592517690521 -3.9151440590616393e-07 7243 10 True
motorcycle -31.681902066700218 0.0046513194377775235 -1.0882934018197594 2.0333523750305176 0.8025798797607422 1.499274730682373 -0.0004543623157067664 8.061055427664416 -0.0032188745949382398 7257 0 True
pedestrian 20.18465133996682 16.222407706926653 -1.2641470270284687 0.3753577768802643 0.3753577768802643 1.8600000143051147 1.5935572526773314 -1.3781892623077152 -0.04153652428916366 7251 0 True
pedestrian 49.89701047546089 -9.091131370376871 -1.529889364727718 0.9953577518463135 0.3753577768802643 1.8600000143051147 -3.1405243692391216 3.2873426905369976 0.025403053386556473 7249 0 True
pedestrian 31.93252255656921 16.39126232846869 -1.3600080094668474 0.3753577768802643 0.3753577768802643 1.8600000143051147 -1.5799736091933283 -1.7500483235359545 -0.11128527220431796 7245 2 True
pedestrian 17.35845242620428 -4.290116225436042 -1.3423782756753506 0.9953577518463135 0.3753577768802643 1.8600000143051147 1.501857236950606 -3.663168650902889 0.47142884315077765 7247 12 True
pedestrian 20.020846141905963 23.067197253097735 -1.2625444445627685 0.3753577768802643 0.3753577768802643 1.8600000143051147 1.654006430988997 -1.8316455190503136 -0.2515525025101512 7253 3 True