17.69554328918457 0.6521700024604797
car -57.448888661166166 72.39362480291251 -1.6014532890213644 4.181210041046143 1.994117259979248 1.3805816173553467 -1.6031565951944322 0.0 0.0 20001 0 False
car -63.92406930249456 95.14657804778406 -1.529262632103439 4.4777727127075195 2.069315195083618 2.0377910137176514 -0.03236119572047939 0.0 0.0 20011 0 False
car 16.215556956706735 85.07191421068185 -2.32336868718383 3.633375883102417 1.845113754272461 1.5012825727462769 1.5387082427979177 -15.179009385877904 0.48201172802615905 7259 0 False
car -67.95639935869963 2.120955632258971 -0.8876229808917131 4.552699089050293 2.097072124481201 1.7671663761138916 -0.03261366317869557 6.419373179943253e-09 -7.282374409287139e-09 7256 3 True
car -24.572256193987357 0.872089211107113 -1.2916031211116263 4.673638820648193 1.8118125200271606 1.441947340965271 -0.0714670242972109 9.432698614300701 -0.9829746726011698 7244 39 True
car -37.2479048212125 4.382884282003957 -1.2568006666636968 4.673638820648193 1.8118125200271606 1.441947340965271 -0.8469025084399515 -0.0560582824648627 -8.931821550005461 7255 25 True
car -40.96540301518246 94.12362111128974 -2.1377233915899154 4.673638820648193 1.8118125200271606 1.441947340965271 1.538739934388121 -12.608887496185714 0.40058496897444873 7258 0 False
truck -98.12835612346316 -0.9097984044095835 0.32625847626438986 8.46804141998291 2.8910882472991943 3.8274123668670654 3.1094080348693662 8.317409715107647 -0.2685549017001356 7261 0 True
car -0.0035782530003984903 -9.759997361413753e-07 -1.328856065343023 4.855708599090576 2.0327565670013428 1.6493593454360962 0.0 17.695542575109133 0.6521699568016935 -100 1902 False
car -20.242090913430218 -3.4018967761506147 -1.1747965098406312 5.237514495849609 1.9297595024108887 1.638383150100708 3.109447715936091 -1.1776183857574571e-06 1.6527510086980532e-07 7243 78 True
motorcycle -77.32450772541677 2.418747631151536 -0.9687285178418283 2.0333523750305176 0.8025798797607422 1.499274730682373 -0.03180583360569965 2.7377529511696195 -0.08582267837098485 7257 0 False
pedestrian -47.85724836643709 24.79536813077506 -1.067096603212736 0.3753577768802643 0.3753577768802643 1.8600000143051147 1.5605654531924593 -1.5310999811700243 -0.013158140977165361 7251 0 False
pedestrian -33.887278653387966 -7.693053128770696 -0.8174401224894741 0.9953577518463135 0.3753577768802643 1.8600000143051147 3.0074205028572742 3.490254671336419 -0.8268908187816585 7249 4 True
pedestrian -35.685070380334764 12.086555440698111 -0.9978161013719298 0.3753577768802643 0.3753577768802643 1.8600000143051147 -1.8502976024444766 -0.40435582075966775 0.16727858355906783 7245 0 False
pedestrian -49.439752179943866 -0.014751339926480256 -1.6760987907904292 0.3753577768802643 0.3753577768802643 1.8600000143051147 -2.0798202160686254 0.021887162419740105 0.03902827041045758 7247 0 True
pedestrian -47.866041937037835 32.80886431131877 -1.1475477228117512 0.3753577768802643 0.3753577768802643 1.8600000143051147 1.553466270671063 -1.794537681223157 -0.05396504213265749 7253 0 False