15.585430145263672 4.253495216369629
car -42.446817849752335 85.16947627400175 -6.974107032067074 4.181210041046143 1.994117259979248 1.3805816173553467 -1.857359945988973 0.0 0.0 20001 0 False
car -42.99534666562511 108.78480733457619 -8.25680769345626 4.4777727127075195 2.069315195083618 2.0377910137176514 -0.2865645465150199 0.0 0.0 20011 0 False
car 33.35871445103402 83.40814757554705 -6.688056298173393 3.633375883102417 1.845113754272461 1.5012825727462769 1.2840506902631124 -15.201377352594536 4.467331537588457 7259 0 True
car -70.28870961829813 19.92165416779062 -2.885555290546222 4.552699089050293 2.097072124481201 1.7671663761138916 -0.2868170139732361 1.2293607807698404e-08 -1.400745557742569e-08 7256 0 True
car -25.72275079667304 6.916387363608749 -2.001030066164457 4.673638820648193 1.8118125200271606 1.441947340965271 -0.3023267205097344 10.313322102589748 -3.3711420302671855 7244 37 True
car -38.08261213966642 12.271880170235946 -2.4098863515946825 4.673638820648193 1.8118125200271606 1.441947340965271 -0.7322699112624061 3.8933139930438267 -8.650807705096105 7255 25 True
car -19.99797615602455 105.4991002461161 -8.42584100092608 4.673638820648193 1.8118125200271606 1.441947340965271 1.2846206062550014 -11.39022625387533 3.3360136276194186 7258 0 False
truck -102.69097578045171 25.32488242422768 -2.373507306858297 8.46804141998291 2.8910882472991943 3.8274123668670654 2.8550635366562735 8.171372713595915 -2.399687668546096 7261 0 False
car -0.00364578871744925 1.1876127899768107e-05 -1.3288569356455717 4.855708599090576 2.0327565670013428 1.6493593454360962 0.0 15.585429434605174 4.253495155906304 -100 1930 False
car -25.494815703743143 2.6257847276018538 -1.6208269360717047 5.237514495849609 1.9297595024108887 1.638383150100708 2.8552443651415502 -1.7020735335669181e-07 2.680177372846138e-07 7243 49 True
motorcycle -78.36808379511012 22.282243918379464 -3.2091447537053934 2.0333523750305176 0.8025798797607422 1.4992748498916626 -0.28600940351267407 1.991905709565021 -0.5820497472188586 7257 0 False
pedestrian -45.013939741892784 37.23904891441849 -3.7397445934547804 0.3753577768802643 0.3753577768802643 1.8600000143051147 1.3028970664304096 -1.4884147727582406 0.37086440378267377 7251 0 False
pedestrian -40.779614931917706 2.3207476507216995 -1.4337553010663147 0.9953577518463135 0.3753577768802643 1.8600000143051147 2.7525649444626703 3.1625352532857485 -1.6873066138056916 7249 5 True
pedestrian -36.81688883985362 21.194379209776116 -2.641940325959524 0.3753577768802643 0.3753577768802643 1.8600000143051147 -2.336754769412147 -0.40384208295729035 0.880736465067268 7245 0 False
pedestrian -52.881353697577765 13.192539915981243 -3.0719149687253715 0.3753577768802643 0.3753577768802643 1.8600000143051147 -2.334023966336992 0.02735710268813267 0.02673692747437082 7247 0 True
pedestrian -42.98377553877492 45.05469310157985 -4.241680047341127 0.3753577768802643 0.3753577768802643 1.8600000143051147 1.3067067151518927 -1.739424184103332 0.45347438059640044 7253 0 False