1.8756409883499146 13.3914155960083
car 60.84194362567703 73.04184945517551 -10.954894444864145 4.181210041046143 1.994117259979248 1.3805816173553467 -3.1379079165869816 0.0 0.0 20001 0 False
car 83.34238089617918 80.32293144375711 -11.543307888277134 4.4777727127075195 2.069315195083618 2.0377910137176514 -1.5671125171130287 0.0 0.0 20011 0 False
car 95.86974775208644 0.6631122342440108 -0.7650731932186616 3.633375883102417 1.845113754272461 1.5012825727462769 0.003094191098954942 -0.045343992975813166 17.329434349313114 7259 0 True
car -9.765178118917621 80.85614366729538 -12.609154742638232 4.552699089050293 2.097072124481201 1.7671663761138916 -1.567364984571245 -1.4548332509735403e-09 -2.2429349065721515e-08 7256 0 True
car -9.50811335127075 23.178333378712296 -4.7181201789139635 4.673638820648193 1.8118125200271606 1.441947340965271 -1.5678645931047235 0.028564304788671144 -13.444290790976382 7244 57 True
car -9.177626332790563 41.83712732700138 -7.325057992340959 4.673638820648193 1.8118125200271606 1.441947340965271 -1.6760704179824721 -1.3051271523310661 -6.415297825154129 7255 9 True
car 95.86651307970071 57.55897018337623 -8.764817279667113 4.673638820648193 1.8118125200271606 1.441947340965271 0.004231759397718641 -0.0417618887335243 8.57068954184015 7258 0 False
car -0.0035982192764194565 3.003354584052431e-05 -1.3288590681350314 4.855708599090576 2.0327565670013428 1.6493593454360962 0.0 1.8756408920987648 13.391415233690369 -100 1968 False
car -13.561167116325045 33.419854660381304 -6.080097766634935 5.237514495849609 1.9297595024108887 1.638383150100708 1.5746963945435417 -2.5544462524342993e-08 -2.062526614746981e-07 7243 5 True
motorcycle -9.791565218893178 87.34809169276309 -13.6509806445114 2.0333523750305176 0.8025798797607422 1.4992743730545044 -1.5665217300442609 -4.826712455814644e-05 0.0018231525061068968 7257 0 False
pedestrian 15.463794860949587 61.86708418357392 -9.609329592460767 0.3753577768802643 0.3753577768802643 1.8600000143051147 0.025592690142313638 -0.07073235283604937 1.5271226001225773 7251 0 False
pedestrian -17.950490068935707 51.0420561007403 -8.335763903414218 0.9953577518463135 0.3753577768802643 1.8600000143051147 1.4677426039254928 -0.7433652298315738 -3.4754708968688295 7249 0 True
pedestrian 0.058008614164878125 50.57703525945692 -8.132207216362225 0.3753577768802643 0.3753577768802643 1.8600000143051147 1.9294877416063942 1.3111254822618104 -1.1520945604181352 7245 0 False
pedestrian -11.147365775147813 62.31421979433611 -10.739656764491478 0.3753577768802643 0.3753577768802643 1.8600000143051147 2.6686071309594044 0.021344073985361485 -0.018356824172781908 7247 0 False
pedestrian 23.780791839354833 62.15272729776092 -9.589169607812451 0.3753577768802643 0.3753577768802643 1.8600000143051147 0.010248634166293675 -0.048190520630104615 1.7878672473497081 7253 0 False