0.008760550059378147 17.92241859436035
car 47.71836426680841 73.60109120377268 -0.7923046236734592 4.181210041046143 1.994117259979248 1.3805816173553467 -3.1348597981359694 0.0 0.0 20001 0 False
car 70.20010755642592 80.96050668456002 -0.5915325965291558 4.4777727127075195 2.069315195083618 2.0377910137176514 -1.5640643986620162 0.0 0.0 20011 0 False
car 97.5038873443677 0.7148726942735948 -1.946769366520975 3.633375883102417 1.845113754272461 1.5012825727462769 0.006318743823157416 -0.11207323882837317 18.737188010758707 7259 0 True
car -22.913965015102114 81.35019173423183 -0.3551244031254335 4.552699089050293 2.097072124481201 1.7671663761138916 -1.5643168661202322 -1.417607297729052e-09 1.2757496797995951e-09 7256 0 False
car -22.258585904288218 11.46244470341594 -1.183561580899556 4.673638820648193 1.8118125200271606 1.441947340965271 -1.481031824796703 2.5733425676717636 -14.933650354115446 7244 62 True
car -22.488346118376903 34.00370022932299 -0.9730668667466054 4.673638820648193 1.8118125200271606 1.441947340965271 -1.5781439857803483 -0.24929516752081407 -11.662351384853642 7255 0 False
car 89.00925552467572 58.12106065396 -1.4053129215725697 4.673638820648193 1.8118125200271606 1.441947340965271 0.007448056329515246 -0.0597736994091649 7.218984600090701 7258 0 False
car -0.0035966545757375457 2.1995352767589793e-05 -1.328856343797387 4.855708599090576 2.0327565670013428 1.6493593454360962 0.0 0.00876054359102335 17.92241920106742 -100 1990 False
car -26.565012592974703 33.458031735157704 -0.8557549213451816 5.237514495849609 1.9297595024108887 1.638383150100708 1.5777445129945542 -6.91007031490385e-09 1.4164186770524241e-08 7243 0 False
motorcycle -22.962036587150298 87.91775101933763 -0.42411081333417266 2.0333523750305176 0.8025798797607422 1.499274730682373 -1.5635441824092 -5.301296235171265e-07 4.041769736658263e-05 7257 0 False
pedestrian 3.6228857705875406 62.2398103025788 -0.5287372892262372 0.3753577768802643 0.3753577768802643 1.8600000143051147 0.01869018190129598 -0.0699918584030247 1.5706718486821976 7251 0 False
pedestrian -30.718392440175762 54.061071987383 -0.4014823144710351 0.9953577518463135 0.3753577768802643 1.8600000143051147 1.470599241255866 -0.7375965154531943 -3.5101182060337197 7249 0 False
pedestrian -13.438600044918484 52.105431330074055 -0.625754638852257 0.3753577768802643 0.3753577768802643 1.8600000143051147 1.8918742182473074 1.041250985478109 -1.411369178871598 7245 0 False
pedestrian -24.19751739336636 62.70521540254339 -1.2277179799574345 0.3753577768802643 0.3753577768802643 1.8600000143051147 2.671654184146881 0.0021745921631731845 0.0008301554876483636 7247 0 False
pedestrian 12.14013023697541 62.545021662951626 -0.5760353820141795 0.3753577768802643 0.3753577768802643 1.8600000143051147 0.030539374530792238 -0.07254612770046416 1.8118285208541887 7253 0 False