-0.020809005945920944 12.527976036071777
car 35.888447373114374 73.22489670840531 -0.7684553444278812 4.181210041046143 1.994117259979248 1.3805816173553467 3.1400991636810303 0.0 0.0 20001 0 False
car 58.424033805804356 80.40078410766341 -0.23550563490167953 4.4777727127075195 2.069315195083618 2.0377910137176514 -1.5722854368450165 0.0 0.0 20011 0 False
car 99.90582555709969 -0.10042842668894991 -0.19198558716844083 3.633375883102417 1.845113754272461 1.5012825727462769 -0.0013835110176934136 0.02458215899822499 18.32837517095688 7259 0 True
car -34.67308768373893 81.55816596068684 -1.658233010835847 4.552699089050293 2.097072124481201 1.7671663761138916 -1.5725379043032326 1.494886386890949e-09 -1.2787205643483188e-10 7256 0 False
car -29.62723982757126 1.751746750552627 -1.7481127886575853 4.673638820648193 1.8118125200271606 1.441947340965271 -0.36537740345425074 11.143909943578969 7.296368466693714 7244 39 True
car -34.70401234139172 25.63475918558322 -1.8354708413019143 4.673638820648193 1.8118125200271606 1.441947340965271 -1.5753565910999792 -0.08442749950838249 -11.143943818822109 7255 0 False
car 82.28417215822077 57.396145802911064 -0.4433808404167845 4.673638820648193 1.8118125200271606 1.441947340965271 6.56468654208713e-05 -0.008825201403417145 5.0258894390986715 7258 0 False
car -0.003597583568115681 -1.7377405470142548e-06 -1.3288561216521018 4.855708599090576 2.0327565670013428 1.6493593454360962 0.0 -0.020809003795613255 12.527975435146852 -100 1959 False
car -38.716166511065545 33.69505737637837 -1.784449127302371 5.237514495849609 1.9297595024108887 1.638383150100708 1.5695234748115539 -5.416960097711291e-08 9.718716007162866e-08 7243 0 False
motorcycle -34.664857635055085 88.12493970428926 -1.7882843050342276 2.0333523750305176 0.8025798797607422 1.4992753267288208 -1.5717652201370707 -1.2939148042745065e-08 1.5280982571767612e-07 7257 0 False
pedestrian -7.0131231071021 62.25978722781247 -1.1694457441917674 0.3753577768802643 0.3753577768802643 1.8600000143051147 0.021224310696072047 -0.08251453852310336 1.6787048188947464 7251 0 False
pedestrian -42.50041718489543 56.92525287641513 -1.5905626058678042 0.3753577768802643 0.3753577768802643 1.8600000143051147 1.4950258672998216 -0.15064074719454937 -0.9695027027515014 7249 0 False
pedestrian -25.871699877875415 53.570115365652896 -1.4972267833003494 0.3753577768802643 0.3753577768802643 1.8600000143051147 1.8836278800553217 1.0290568071821224 -1.4201763741852331 7245 0 False
pedestrian -36.04184661122522 62.8884043161425 -2.3817911911866747 0.3753577768802643 0.3753577768802643 1.8600000143051147 2.6634318143844604 -0.020100044096214457 0.011303165480796743 7247 0 False
pedestrian 1.675302080796449 62.48849091440718 -1.0660867693729745 0.3753577768802643 0.3753577768802643 1.8600000143051147 0.039688124095916745 -0.10187905027675452 1.8176034234853182 7253 0 False