7.104098796844482 0.004308016039431095
car 14.158196640826759 70.5701731777419 -1.2882741734193606 4.181210041046143 1.994117259979248 1.3805816173553467 -1.571704508925515 0.0 0.0 20001 0 False
car -60.11893783915619 70.1971356665598 -0.8240742711045206 5.357479572296143 2.033203125 1.4147460460662842 -1.571703976293747 0.0 0.0 20003 0 False
car 6.971092705374247 93.1063328540186 -0.9766235953081721 4.4777727127075195 2.069315195083618 2.0377910137176514 -0.0009091094515622507 0.0 0.0 20011 0 False
car 87.39792264081382 41.069909188397595 -1.9543106034022069 3.633375883102417 1.845113754272461 1.5012825727462769 1.5710699309688427 -2.1993208339157193 -0.0031897881247260787 7259 0 False
car -13.999797419862205 0.005939277614380067 -1.1508741073668067 4.552699089050293 2.097072124481201 1.7671663761138916 -0.0006063792917434539 5.373155798392548 -0.0008878548711487737 7256 196 True
car 33.929865888888855 31.29132979777122 -1.6435909901162393 4.673638820648193 1.8118125200271606 1.441947340965271 -1.5711171492432203 -6.159300980168062 -0.0019318906890466317 7244 14 True
car 33.783643106763236 46.17912564102521 -1.6428543260107342 4.673638820648193 1.8118125200271606 1.441947340965271 -1.4572174408950518 -6.258074131821502 -1.2216795664433042 7255 0 False
car 29.932872468062385 37.404779319129155 -1.6171923490617126 4.673638820648193 1.8118125200271606 1.441947340965271 1.5704560728560837 -5.404387501249226 -0.0011504547984791439 7258 11 True
truck 6.973410936912899 -4.008137008316158 -0.27516139273324436 8.46804141998291 2.8910882472991943 3.8274123668670654 3.141363191843273 3.3289288974892317 0.0003046568819347497 7261 4251 True
car -5.809935078148612 -3.996826975735352 -1.2691385756853675 4.611005783081055 2.241713285446167 1.6672759056091309 3.1410468085730097 2.3283999199339824 -0.000619190585642898 7260 1412 True
car -0.00356584150819117 8.505967463712238e-08 -1.328856205103453 4.855708599090576 2.0327565670013428 1.6493593454360962 0.0 7.104098444274162 0.004308015850959875 -100 1917 False
car 58.453473423626974 -4.0215775626680585 -1.7064461792097627 5.237514495849609 1.9297595024108887 1.638383150100708 3.1376294431487475 -0.002902646905054176 -9.638307652420691e-05 7243 4 True
motorcycle -29.634067168475156 0.018086757475996862 -1.1776191764916115 2.0333523750305176 0.8025798797607422 1.4992748498916626 -0.0008104395141726773 2.196527521170102 -0.0015479278734132152 7257 0 True
pedestrian 25.621529094189327 15.381679011607638 -1.2532468386723243 0.3753577768802643 0.3753577768802643 1.8600000143051147 1.5772924015999124 -1.3729270942569636 -0.01829580757336374 7251 0 True
pedestrian 57.30385679045287 -9.09938753566507 -1.460550897062744 0.9953577518463135 0.3753577768802643 1.8600000143051147 -3.133576728388016 3.2244470434781287 0.07316759822857509 7249 0 True
pedestrian 37.2694943557849 17.421618735975642 -1.3206039295741272 0.3753577768802643 0.3753577768802643 1.8600000143051147 -1.3170531274290858 -1.079898605096393 -0.6480926216318932 7245 0 True
pedestrian 22.673099153841065 -6.502290114731414 -1.2326257675744525 0.9953577518463135 0.3753577768802643 1.8600000143051147 1.902962373056652 -0.8341473247092858 -2.882302769334534 7247 0 False
pedestrian 25.50099993479955 22.024224204989086 -1.2525636703596388 0.3753577768802643 0.3753577768802643 1.8600000143051147 1.5936830790002894 -1.6618665828484807 -0.0771169412943404 7253 1 True