-0.6498169302940369 15.705845832824707
car 61.341535546621365 69.56432850202282 -4.880691997909842 4.181210041046143 1.994117259979248 1.3805816173553467 3.0768488749008176 0.0 0.0 20001 0 False
car 84.29188413349914 75.29513404060373 -5.1443015079633625 4.4777727127075195 2.069315195083618 2.0377910137176514 -1.635535725625229 0.0 0.0 20011 0 False
car 96.60200086999033 -6.05857197650306 -2.327697518682008 3.633375883102417 1.845113754272461 1.5012825727462769 -0.06511969312837389 1.1795164273786105 17.952904260644267 7259 0 True
car -8.552916221601198 82.36468484343118 -4.593500059870141 4.552699089050293 2.097072124481201 1.7671663761138916 -1.6357881930834453 -1.897760342311921e-09 -4.062834478513263e-09 7256 0 False
car -12.550192453795066 20.18007574263089 -2.104904692053232 4.673638820648193 1.8118125200271606 1.441947340965271 -1.6358073678270977 -0.9349748934676245 -14.281650267511862 7244 40 True
car -10.99940783681436 40.58084300191433 -2.9815441166788226 4.673638820648193 1.8118125200271606 1.441947340965271 -1.6980320907825364 -1.7524206080098428 -9.56997724873307 7255 0 False
car 97.70051612759127 51.396407838980565 -4.7989044467604245 4.673638820648193 1.8118125200271606 1.441947340965271 -0.06415975752427842 0.521306558959739 8.197221113354525 7258 0 False
car -0.0035984938687736445 2.2599238036491442e-09 -1.328854882292724 4.855708599090576 2.0327565670013428 1.6493593454360962 0.0 -0.6498170571670134 15.705846227582319 -100 1973 False
car -15.61485511150336 34.89532081575112 -2.586451059008759 5.237514495849609 1.9297595024108887 1.638383150100708 1.5062731860313416 1.15303191289278e-07 -1.2006994849094224e-07 7243 0 True
motorcycle -8.132771667392927 88.90747752224803 -5.004534283282764 2.0333523750305176 0.8025798797607422 1.499274730682373 -1.6350136666498474 7.555520301489834e-05 0.0013336426002582599 7257 0 False
pedestrian 15.768324481715927 61.45411451321917 -3.858879151173527 0.3753577768802643 0.3753577768802643 1.8600000143051147 -0.046398751742468936 0.039734030516566994 1.545018153974077 7251 0 False
pedestrian -18.590735361316064 53.973465211422365 -3.1126655316203564 0.9953577518463135 0.3753577768802643 1.8600000143051147 1.3991377679803636 -0.9860062651506997 -3.4450918525631624 7249 0 False
pedestrian -0.9722845680335492 51.697251910380714 -3.229488455462274 0.3753577768802643 0.3753577768802643 1.8600000143051147 1.8229792311464943 0.9644184452371297 -1.4634633235585712 7245 0 False
pedestrian -11.200783990112342 63.85818720801683 -4.489767676360394 0.3753577768802643 0.3753577768802643 1.8600000143051147 2.6001839224472043 0.012732070825362221 -0.010777943526817374 7247 0 False
pedestrian 24.16302574677627 61.159152474522614 -3.95168728517503 0.3753577768802643 0.3753577768802643 1.8600000143051147 -0.040586673888736303 0.05308676084292304 1.8063543954879928 7253 0 False