-0.012134884484112263 10.259407997131348
car 32.46238303367443 73.23645729082165 -0.838258257596376 4.181210041046143 1.994117259979248 1.3805816173553467 3.1404453743303087 0.0 0.0 20001 0 False
car 54.99606653352643 80.4200999991728 -0.32984234422493053 4.4777727127075195 2.069315195083618 2.0377910137176514 -1.5719392261957381 0.0 0.0 20011 0 False
car 102.02584602727393 -0.07275558673768501 -0.28089941724604905 3.633375883102417 1.845113754272461 1.5012825727462769 -0.0009587371826171875 0.015329466782070077 18.49379894154018 7259 0 True
car -38.10298655837703 81.54537176942011 -1.6484006121072774 4.552699089050293 2.097072124481201 1.7671663761138916 -1.5721916936539544 2.0129488890413556e-09 1.3114591159725525e-10 7256 0 False
car -29.748057758638524 0.5823897172252259 -1.742041715550645 4.673638820648193 1.8118125200271606 1.441947340965271 0.01519625066036648 0.9692891161263582 10.384498306626227 7244 32 True
car -38.125182411354444 22.400424585018186 -1.8314844298101853 4.673638820648193 1.8118125200271606 1.441947340965271 -1.5735280666301321 -0.04173577997221301 -9.934119786494415 7255 0 False
car 80.44457295284408 57.43536440164303 -0.5489635139568723 4.673638820648193 1.8118125200271606 1.441947340965271 0.007373088408152262 -0.11740705859619677 5.5627986232931175 7258 0 False
car -0.0035980393821830603 2.3780429614816967e-05 -1.3288561679891995 4.855708599090576 2.0327565670013428 1.6493593454360962 0.0 -0.012134885228820816 10.25940812242474 -100 1943 False
car -42.12963372187891 33.680876187591764 -1.7744756771790005 5.237514495849609 1.9297595024108887 1.638383150100708 1.5698696854608323 1.3008234628654476e-07 1.879795684183182e-08 7243 0 False
motorcycle -38.09717530179324 88.11215998585652 -1.7778601494193986 2.0333523750305176 0.8025798797607422 1.4992756843566895 -1.5714190094877925 -9.659102654609318e-09 -3.79445869878868e-08 7257 0 False
pedestrian -9.92722995756683 62.26632226554517 -1.1868144875521232 0.3753577768802643 0.3753577768802643 1.8600000143051147 0.01940990057796902 -0.06883145219577676 1.6943445078193025 7251 0 False
pedestrian -45.85241471398378 57.853298156525 -1.5733678977094305 0.9953577518463135 0.3753577768802643 1.8600000143051147 1.4973284344334072 -0.374562556692778 -2.5418614095621215 7249 0 False
pedestrian -29.453808863306314 54.06090725931455 -1.5014759869116814 0.3753577768802643 0.3753577768802643 1.8600000143051147 1.8839740907045999 1.029561446996183 -1.4198210732529173 7245 0 False
pedestrian -39.443685705308894 62.86361087911274 -2.3719166893144363 0.3753577768802643 0.3753577768802643 1.8600000143051147 2.663778025033739 -0.03056095897183189 0.017727506422259433 7247 0 False
pedestrian -1.200885658540173 62.4922141895745 -1.0927388361285573 0.3753577768802643 0.3753577768802643 1.8600000143051147 0.001036501420762804 -0.03704229571383191 1.8216422001869632 7253 0 False