10.879817962646484 -0.15939484536647797
car -10.877656290004438 70.6012899379748 -2.266610806770565 4.181210041046143 1.994117259979248 1.3805816173553467 -1.570554649898381 0.0 0.0 20001 0 True
car -85.14658598111413 70.12807959958019 -3.428591650241117 5.357479572296143 2.033203125 1.4147460460662842 -1.5705541172666129 0.0 0.0 20003 0 False
car -18.095787146386044 93.1293022893069 -2.3983029994331133 4.4777727127075195 2.069315195083618 2.0377910137176514 0.0002407495755721591 0.0 0.0 20011 0 False
car 62.380702913904884 50.26774226283983 -1.0662398944446068 3.633375883102417 1.845113754272461 1.5012825727462769 1.5720805067886139 -7.295353451785277 -0.018578823137273166 7259 0 True
car -22.943869965700117 0.019382346790488558 -1.6093970911067643 4.552699089050293 2.097072124481201 1.7671663761138916 0.0008706290983455773 7.596837888197782 0.0124651867804038 7256 50 True
car 8.959790376703609 11.987004246741614 -1.4447682811210782 4.673638820648193 1.8118125200271606 1.441947340965271 -1.5694451779253855 -8.89647349448654 -0.02459850968975258 7244 192 True
car 8.951629367230964 28.005660155440275 -1.6478889292612617 4.673638820648193 1.8118125200271606 1.441947340965271 -1.5712681101517785 -9.57789547482927 0.010222052388616136 7255 33 True
car 4.92772787222367 50.583013522915856 -1.995598643405927 4.673638820648193 1.8118125200271606 1.441947340965271 1.571885963035308 -8.960400384267059 -0.01770856576095327 7258 7 True
truck -27.214572906167575 -3.9775195469641824 -0.6086960542415145 8.46804141998291 2.8910882472991943 3.8274123668670654 -3.140573738570171 5.445571086915053 0.010809924054220574 7261 171 True
car -41.96159748044772 -3.996970099545532 -1.9135831649244244 4.611005783081055 2.241713285446167 1.6672759056091309 -3.141076542959277 8.291886401203962 0.006632210659549478 7260 5 True
car -0.0036266509661118107 1.0781588599684255e-07 -1.3288560587504223 4.855708599090576 2.0327565670013428 1.6493593454360962 0.0 10.879818802533851 -0.15939484609295668 -100 2335 False
car 33.28543887389134 -3.9264894244695085 -0.7705206181619779 5.237514495849609 1.9297595024108887 1.638383150100708 3.1384509346908356 1.288532955689583 -0.005117777983282434 7243 25 True
motorcycle -40.106238487968255 0.0021029683903051044 -2.0040143058434454 2.0333523750305176 0.8025798797607422 1.4992746114730835 0.0004035242364646142 6.681789341831602 0.00580864347626559 7257 0 True
pedestrian 0.3985643774679488 18.57159992677456 -1.3244254123079635 0.3753577768802643 0.3753577768802643 1.8600000143051147 1.5910075766687815 -1.4916653088494092 -0.16171259685686856 7251 1 True
pedestrian 25.70255252292344 -9.025355340285378 -0.5844567695631682 0.9953577518463135 0.3753577768802643 1.8600000143051147 3.1382754325232396 3.1402615179329794 -0.00224141612603128 7249 9 True
pedestrian 12.943973513493063 14.511142383294182 -1.0705371053881194 0.3753577768802643 0.3753577768802643 1.8600000143051147 -1.2257337700609208 -1.09051955943316 -0.9077097979845016 7245 6 True
pedestrian -1.4130179118159276 -1.1714516933397185 -1.2350341810796381 0.3753577768802643 0.3753577768802643 1.8600000143051147 0.7151511595407484 0.7045200757327322 0.0024741226400993776 7247 486 False
pedestrian 0.2781089249701836 25.80207704513355 -1.41786268733944 0.3753577768802643 0.3753577768802643 1.8600000143051147 1.6710962198504764 -1.8874346162184898 -0.350491561117595 7253 1 True