14.66923713684082 0.007916596718132496
car -0.25963737655962404 70.57521606834268 -1.1915116444876594 4.181210041046143 1.994117259979248 1.3805816173553467 -1.5713382085918814 0.0 0.0 20001 0 True
car -74.5359706501213 70.17496385727935 -0.6312027859355931 5.357479572296143 2.033203125 1.4147460460662842 -1.5713376759601132 0.0 0.0 20003 0 False
car -7.454586103082022 93.10873717199655 -0.8701718938863312 4.4777727127075195 2.069315195083618 2.0377910137176514 -0.0005428091179282317 0.0 0.0 20011 0 False
car 72.98715842109578 45.44413967236307 -1.9529148888534906 3.633375883102417 1.845113754272461 1.5012825727462769 1.5713138591537514 -4.564127192238936 -0.0072404596979118675 7259 0 False
car -18.7644230801601 0.00023255219200324362 -1.0964564049774057 4.552699089050293 2.097072124481201 1.7671663761138916 -2.548440152655045e-05 6.682177507143465 0.003346258775959614 7256 81 True
car 19.52775550673738 18.35485032189339 -1.5736438352710471 4.673638820648193 1.8118125200271606 1.441947340965271 -1.5709596405626896 -9.190702211876209 -0.0027106407473359772 7244 51 True
car 19.545185625177112 35.12191838792261 -1.5734152228816773 4.673638820648193 1.8118125200271606 1.441947340965271 -1.5713893412416209 -9.38370924029662 0.011566584935004736 7255 13 True
car 15.527325083485948 45.036881020757455 -1.5417153015985678 4.673638820648193 1.8118125200271606 1.441947340965271 1.5699688307813044 -5.340495114444617 0.0029858328056853265 7258 10 True
truck -12.520252421362613 -4.006054847948603 -0.13083961768782748 8.46804141998291 2.8910882472991943 3.8274123668670654 -3.1415812689221663 5.161537944842693 0.0029071273877370636 7261 1302 True
car -25.59489833736825 -3.9988037998592723 -1.104815505182415 4.611005783081055 2.241713285446167 1.6672759056091309 3.1414756931393977 5.774905740206801 0.0040311255340293875 7260 30 True
car -0.003615113359728639 5.4195123055933436e-08 -1.3288562727261022 4.855708599090576 2.0327565670013428 1.6493593454360962 0.0 14.669237704515156 0.00791659704144664 -100 1968 False
car 44.06332729987599 -4.0002756630998135 -1.6682243971419757 5.237514495849609 1.9297595024108887 1.638383150100708 3.1379965424300336 -2.6411908970398175e-06 -1.041731550578454e-09 7243 16 True
motorcycle -35.50437262925868 0.0035541428358687455 -1.0948010124730128 2.0333523750305176 0.8025798797607422 1.4992748498916626 -0.0003810281839383662 6.11122473470297 -0.0013398380227743522 7257 0 True
pedestrian 11.113783270785063 17.261019085929576 -1.1714072579945465 0.3753577768802643 0.3753577768802643 1.8600000143051147 1.71923302484767 -1.4839291147486378 -0.4186050830865174 7251 0 True
pedestrian 38.74105339002898 -9.092596636722579 -1.3880731034749636 0.9953577518463135 0.3753577768802643 1.8600000143051147 -3.1343619779370586 3.1574591784210715 0.046701056928305035 7249 4 False
pedestrian 23.1246867024916 15.568370948961743 -1.25666114899379 0.3753577768802643 0.3753577768802643 1.8600000143051147 -1.3022996440908607 -0.9658556626408762 -0.47642614224832597 7245 2 True
pedestrian 8.572167091258166 -1.737112090199921 -1.25448647720042 0.9953577518463135 0.3753577768802643 1.8600000143051147 1.4906735426182254 -3.6519398792789506 0.5518782105701425 7247 45 True
pedestrian 10.950152258265348 24.314857869729995 -1.1701337112263914 0.3753577768802643 0.3753577768802643 1.8600000143051147 1.6257453637491899 -1.7386370150559034 -0.2536891671082721 7253 9 True