0.03181390091776848 17.57284164428711
car 46.110048958518476 73.48773348163928 -0.9068905909572642 4.181210041046143 1.994117259979248 1.3805816173553467 -3.1371667594816417 0.0 0.0 20001 0 False
car 68.60806160736921 80.79557292003875 -0.6518510595308982 4.4777727127075195 2.069315195083618 2.0377910137176514 -1.5663713600076887 0.0 0.0 20011 0 False
car 97.60465819984584 0.4894962290134117 -1.5855922872806154 3.633375883102417 1.845113754272461 1.5012825727462769 0.004137084100935194 -0.07242909720652524 18.763687512791183 7259 0 True
car -24.50508266945833 81.40285033932531 -0.7646198087591447 4.552699089050293 2.097072124481201 1.7671663761138916 -1.566623827465905 -5.93686463528673e-10 1.0740210549229612e-09 7256 0 False
car -23.827122438130196 10.029694052107914 -1.3167725909474033 4.673638820648193 1.8118125200271606 1.441947340965271 -1.4108243414731554 4.4742681177085135 -14.111610665857041 7244 59 True
car -24.19664700912227 32.9134330729803 -1.1963418777549673 4.673638820648193 1.8118125200271606 1.441947340965271 -1.5771709996576375 -0.19098945751719953 -11.118446719568311 7255 0 False
car 88.10071967655954 57.91298121682689 -1.3048488527118565 4.673638820648193 1.8118125200271606 1.441947340965271 0.005185303420596653 -0.043978928654051515 7.446505909365671 7258 0 False
car -0.0035972811419675566 -2.1077842063732533e-05 -1.3288561257753209 4.855708599090576 2.0327565670013428 1.6493593454360962 0.0 0.03181390433961296 17.57284118473311 -100 1991 False
car -28.26637856261586 33.517684838203195 -1.085884179067894 5.237514495849609 1.9297595024108887 1.638383150100708 1.5754375516488814 -5.927536081626528e-09 1.05078762326455e-08 7243 0 False
motorcycle -24.537517933285574 87.97014081119141 -0.8602453039237852 2.0333523750305176 0.8025798797607422 1.499274730682373 -1.5658511429421411 -4.953798131323525e-08 1.8530067262376055e-05 7257 0 False
pedestrian 2.144685961544834 62.23721896635561 -0.7624575469547343 0.3753577768802643 0.3753577768802643 1.8600000143051147 0.03309920280838013 -0.07782580239534716 1.5713581119800524 7251 0 False
pedestrian -32.34873373490972 54.48003645969305 -0.7283618055520558 0.9953577518463135 0.3753577768802643 1.8600000143051147 1.4933472782825894 -0.6575731832161263 -3.5260574734505994 7249 0 False
pedestrian -15.15223754311566 52.30180390715651 -0.8810311186241351 0.3753577768802643 0.3753577768802643 1.8600000143051147 1.8895512779485915 1.0376604779620395 -1.4139778137320183 7245 0 False
pedestrian -25.82231911304096 62.7541513144829 -1.566871234019818 0.3753577768802643 0.3753577768802643 1.8600000143051147 2.6693472228012083 -0.0008362304133012354 0.0006516477056880603 7247 0 False
pedestrian 10.686974046320564 62.515569080898445 -0.7792772343771173 0.3753577768802643 0.3753577768802643 1.8600000143051147 0.011688604151407878 -0.05635500495004965 1.813306402503485 7253 0 False