0.0 0.0
car 59.850360540651764 14.789910224637367 -2.7340167760849 4.181210041046143 1.994117259979248 1.3805816173553467 3.141586138419681 0.0 0.0 20001 7 True
car 59.410046759924626 89.06812432238141 -2.759573519229889 5.357479572296143 2.033203125 1.4147460460662842 3.1415866710514493 0.0 0.0 20003 0 False
car 82.3799952485082 21.999321835362764 -2.4693764448165894 4.4777727127075195 2.069315195083618 2.0377910137176514 -1.570798462106366 0.0 0.0 20011 0 False
car 59.570972063504 -58.44296903559382 -2.917758524417877 3.633375883102417 1.845113754272461 1.5012825727462769 0.0010207887836032443 -0.026737016436947623 12.750550421574763 7259 0 False
car -10.729084639357511 23.018216309973923 -2.7847142219543457 4.552699089050293 2.097072124481201 1.7671663761138916 -1.5710509295645818 1.432970669834865e-08 2.9950432041470765e-07 7256 68 True
car -10.035635619027651 -13.75598506917953 -2.959426164627075 4.673638820648193 1.8118125200271606 1.441947340965271 -1.7497422298719618 -1.9446970562425165 -5.412058694344718 7244 124 True
car 0.8646702648966063 -5.033984458366035 -2.95987606048584 4.673638820648193 1.8118125200271606 1.441947340965271 -3.141073746658749 -0.007403194068315114 7.482424405817217 7255 991 True
car 66.0538685146307 -0.9914397339632046 -2.959820568561554 4.673638820648193 1.8118125200271606 1.441947340965271 0.0004928175434536404 -0.015573144889941876 16.052253766239275 7258 3 True
truck -14.744248499601587 44.336733713505 -1.7696186304092407 8.46804141998291 2.8910882472991943 3.8274123668670654 1.5711220359056262 0.006106942909170616 -7.544493020469102 7261 77 True
car -14.741840391089967 67.62219513606601 -2.8474493622779846 4.611005783081055 2.241713285446167 1.6672759056091309 1.571028825346205 0.0060596077006794926 -13.131454523514279 7260 6 True
car -10.704184277785968 -26.12787137034104 -2.866877496242523 4.855708599090576 2.0327565670013428 1.6493593454360962 -1.5701494600498165 0.021703792095468414 -16.635591713139522 7242 40 True
car -14.702189010349569 -24.850766343613202 -2.861331820487976 5.237514495849609 1.9297595024108887 1.638383150100708 1.5710101832343206 -5.160796537988008e-07 0.0005621071428465675 7243 45 True
motorcycle -10.735454825036728 35.335751719018845 -2.915343225002289 2.0333523750305176 0.8025798797607422 1.4992749691009521 -1.5701743607150134 0.002811486175462877 -2.242293262016402 7257 9 True
pedestrian 10.905065350487018 3.6350388020131277 -2.624348282814026 0.3753577768802643 0.3753577768802643 1.8600000143051147 0.01655765745968289 -0.05405460094440448 1.5184537762972508 7251 15 True
pedestrian -19.670483174973818 -15.27678500211482 -2.623170256614685 0.9953577518463135 0.3753577768802643 1.8600000143051147 1.5337848152762519 -0.373740162504173 -3.567520085748619 7249 7 True
pedestrian 1.11012348728004 -9.004809986278246 -2.614869236946106 0.3753577768802643 0.3753577768802643 1.8600000143051147 -3.1072050241033766 -0.17658462709462594 1.6110925876422797 7245 35 True
pedestrian -12.319848901887235 4.471129842400103 -3.491351693868637 0.3753577768802643 0.3753577768802643 1.8600000143051147 -0.4766614237681495 0.05183213595100631 -0.026160542863693247 7247 18 True
pedestrian 18.61736305971685 3.8340334786989274 -2.624346613883972 0.3753577768802643 0.3753577768802643 1.8600000143051147 0.05866326399315728 -0.20955403898557914 1.782479356489285 7253 5 True