0.0 0.0
car 59.850360540651764 14.789910224637367 -2.7340167760849 4.181210041046143 1.994117259979248 1.3805816173553467 3.141586138419681 0.0 0.0 20001 5 True
car 59.410046759924626 89.06812432238141 -2.759573519229889 5.357479572296143 2.033203125 1.4147460460662842 3.1415866710514493 0.0 0.0 20003 0 False
car 82.3799952485082 21.999321835362764 -2.4693764448165894 4.4777727127075195 2.069315195083618 2.0377910137176514 -1.570798462106366 0.0 0.0 20011 0 False
car 29.668113278510518 -58.48046513790956 -2.91827130317688 3.633375883102417 1.845113754272461 1.5012825727462769 0.0011652651507059733 -0.0034563002606002105 1.4834102359060568 7259 0 False
car -10.740001927138106 44.76180763340068 -2.7835318446159363 4.552699089050293 2.097072124481201 1.7671663761138916 -1.570680998962164 0.0016215197724423372 -3.534867314385769 7256 17 True
car 22.753776083792395 -5.017717731681671 -2.959692358970642 4.673638820648193 1.8118125200271606 1.441947340965271 -3.1414750846960278 -0.002368035527900676 4.408422733673535 7244 50 True
car 37.66183861447537 -4.612220354182227 -2.9597001671791077 4.673638820648193 1.8118125200271606 1.441947340965271 -2.9032399469248453 -1.7056851550169727 4.0460780375251915 7255 20 True
car 24.97485846926122 -1.0176597061147277 -2.9598118662834167 4.673638820648193 1.8118125200271606 1.441947340965271 0.0004347606807284885 -0.0026528641002282593 3.020243419218929 7258 39 True
truck -14.733630104423627 20.543917536963875 -1.7711647748947144 8.46804141998291 2.8910882472991943 3.8274123668670654 1.5715649192208185 0.004961445984856597 -3.0620699115137797 7261 358 True
car -14.734439723572876 33.95349395410119 -2.8476678133010864 4.611005783081055 2.241713285446167 1.6672759056091309 1.5711960717213949 0.0008242006120127263 -1.317330094744873 7260 36 True
car -10.733745225743277 31.30276221474179 -2.8698230981826782 4.855708599090576 2.0327565670013428 1.6493593454360962 -1.5704237875166978 0.00460754240975198 -5.307784840508902 7242 33 True
car -14.700909942984305 -29.725125476214657 -2.8612654209136963 5.237514495849609 1.9297595024108887 1.638383150100708 1.5691347867787677 -0.0028776783554776576 -2.2763823091789113 7243 35 True
motorcycle -10.741369593333875 58.67831154152941 -2.915061056613922 2.0333523750305176 0.8025798797607422 1.499276041984558 -1.5706889707048828 -4.991784864641576e-08 -5.023371475520967e-08 7257 4 True
pedestrian 4.123242655382938 3.2730484797551753 -2.624348282814026 0.3753577768802643 0.3753577768802643 1.8600000143051147 0.007269491529252793 -0.019328343952237367 1.3691339653839505 7251 32 True
pedestrian -19.763506975500288 -29.722280481561597 -2.623170256614685 0.9953577518463135 0.3753577768802643 1.8600000143051147 1.5908906639794242 0.13962883246829974 -3.2798875529030957 7249 5 True
pedestrian 7.396246934501811 -8.174465720855892 -2.614869236946106 0.3753577768802643 0.3753577768802643 1.8600000143051147 -2.8610543124682106 -0.09945320831684766 0.20125477840464992 7245 28 True
pedestrian -18.054500339840494 5.35709342347883 -2.6235408782958984 0.3753577768802643 0.3753577768802643 1.8600000143051147 1.3780326336424085 -0.3566018760605159 -0.807580258832546 7247 4 True
pedestrian 10.649548963291902 3.387846765428378 -2.624346613883972 0.3753577768802643 0.3753577768802643 1.8600000143051147 0.02339651620441013 -0.07711477356440838 1.6590504189126203 7253 33 True