0.0 0.0
car 59.850360540651764 14.789910224637367 -2.7340167760849 4.181210041046143 1.994117259979248 1.3805816173553467 3.141586138419681 0.0 0.0 20001 2 True
car 59.410046759924626 89.06812432238141 -2.759573519229889 5.357479572296143 2.033203125 1.4147460460662842 3.1415866710514493 0.0 0.0 20003 0 False
car 82.3799952485082 21.999321835362764 -2.4693764448165894 4.4777727127075195 2.069315195083618 2.0377910137176514 -1.570798462106366 0.0 0.0 20011 0 False
car 30.203734922652067 -58.479672406652924 -2.9177173376083374 3.633375883102417 1.845113754272461 1.5012825727462769 0.0011893667382134332 -0.004677848585243319 2.0371302732027687 7259 0 False
car -10.73955599462054 43.42043800388768 -2.7832348942756653 4.552699089050293 2.097072124481201 1.7671663761138916 -1.5705413773414978 0.003589937930247229 -5.309513204732836 7256 22 True
car 21.163966664537774 -5.018844727859005 -2.959549307823181 4.673638820648193 1.8118125200271606 1.441947340965271 -3.1410762766596476 -0.006331109810739058 5.616677229266174 7244 66 True
car 36.07204037511633 -4.808324157015761 -2.9595205783843994 4.673638820648193 1.8118125200271606 1.441947340965271 -3.00041075669988 -1.3527474236141976 5.554475313671098 7255 27 True
car 26.18224830167258 -1.0170204730036403 -2.959762930870056 4.673638820648193 1.8118125200271606 1.441947340965271 0.0005309007148742675 -0.005133336607797406 4.871855713728837 7258 37 True
truck -14.734281499906077 21.57312286011404 -1.7701565027236938 8.46804141998291 2.8910882472991943 3.8274123668670654 1.5714946118274264 0.0048793657897093935 -3.4761478648669413 7261 308 True
car -14.734620462673277 34.46820342700329 -2.8477945923805237 4.611005783081055 2.241713285446167 1.6672759056091309 1.571165445394728 0.001313869471735597 -2.0710475200887966 7260 28 True
car -10.73286197710393 29.563168707682394 -2.868802070617676 4.855708599090576 2.0327565670013428 1.6493593454360962 -1.5703841794982871 0.006207851966274389 -6.389922017404156 7242 48 True
car -14.701256040865864 -29.573758288245415 -2.8614542484283447 5.237514495849609 1.9297595024108887 1.638383150100708 1.5677400904939438 -0.00015873493431891878 0.0043080964203451285 7243 51 True
motorcycle -10.741377118447092 58.66729469583646 -2.914788246154785 2.0333523750305176 0.8025798797607422 1.4992749691009521 -1.5706976355532198 1.031448212904039e-05 -0.49527577074019064 7257 4 True
pedestrian 4.534869475314011 3.2760996798077713 -2.624348282814026 0.3753577768802643 0.3753577768802643 1.8600000143051147 0.007366696826934815 -0.019482405800908112 1.3719884909533984 7251 20 True
pedestrian -19.777493197496092 -28.748708685264546 -2.623170256614685 0.9953577518463135 0.3753577768802643 1.8600000143051147 1.582829282168918 0.09453419993848629 -3.2436284287470722 7249 3 True
pedestrian 6.893229300800087 -8.32809052754169 -2.614869236946106 0.3753577768802643 0.3753577768802643 1.8600000143051147 -2.8601576268865796 -0.549194434847217 0.8363305161189326 7245 16 True
pedestrian -17.545765030735907 6.1562565524964725 -2.6235408782958984 0.9953577518463135 0.3753577768802643 1.8600000143051147 0.858555804930793 -2.2233636342668532 -1.155115880129823 7247 16 True
pedestrian 11.14830538802778 3.3996869099191827 -2.624346613883972 0.3753577768802643 0.3753577768802643 1.8600000143051147 0.02369532262632582 -0.07844252373203052 1.6611565804104533 7253 20 True