0.0 0.0
car 59.850360540651764 14.789910224637367 -2.7340167760849 4.181210041046143 1.994117259979248 1.3805816173553467 3.141586138419681 0.0 0.0 20001 3 True
car 59.410046759924626 89.06812432238141 -2.759573519229889 5.357479572296143 2.033203125 1.4147460460662842 3.1415866710514493 0.0 0.0 20003 0 False
car 82.3799952485082 21.999321835362764 -2.4693764448165894 4.4777727127075195 2.069315195083618 2.0377910137176514 -1.570798462106366 0.0 0.0 20011 0 False
car 46.221149040522036 -58.461353046012505 -2.9177923798561096 3.633375883102417 1.845113754272461 1.5012825727462769 0.0012594078157213 -0.02405004523831573 9.458729079032219 7259 0 False
car -10.729128583000438 23.13909643698679 -2.78596830368042 4.552699089050293 2.097072124481201 1.7671663761138916 -1.5703794218976563 0.0019806352844325657 -1.982055342319125 7256 61 True
car -5.182855370261837 -5.906992621310508 -2.9584733843803406 4.673638820648193 1.8118125200271606 1.441947340965271 -2.808559989613427 -5.7216053326710625 6.4726231713613345 7244 768 True
car 10.382153978248219 -5.032440958200766 -2.9597597122192383 4.673638820648193 1.8118125200271606 1.441947340965271 -3.138314314626058 -0.04630331201823972 9.050540849881157 7255 335 True
car 48.456528869410356 -1.0025548053456532 -2.9596555829048157 4.673638820648193 1.8118125200271606 1.441947340965271 0.0007356976297166612 -0.018697839157938486 12.534949098354657 7258 7 True
truck -14.742630592446835 35.89001740270345 -1.7698134183883667 8.46804141998291 2.8910882472991943 3.8274123668670654 1.5698040385954115 -0.004983574861588396 -6.441446791730763 7261 108 True
car -14.739757268681103 53.4137600746235 -2.8476661443710327 4.611005783081055 2.241713285446167 1.6672759056091309 1.5709800895394217 0.0030306248792575704 -10.374921217661933 7260 9 True
car -10.729202367902797 -6.152895750466996 -2.8678073287010193 4.855708599090576 2.0327565670013428 1.6493593454360962 -1.5675100234786379 0.09379320634444245 -14.671791936689749 7242 436 True
car -14.70137722344463 -26.63122288768517 -2.860904574394226 5.237514495849609 1.9297595024108887 1.638383150100708 1.5704882041015624 0.00014152561379252983 -4.752256999711215 7243 57 True
motorcycle -10.737266922578492 38.32906837187039 -2.916346549987793 2.0333523750305176 0.8025798797607422 1.4992749691009521 -1.57027230176234 0.006077081097235074 -6.108048318955269 7257 5 True
pedestrian 9.019696863343441 3.5317393547596225 -2.624348282814026 0.3753577768802643 0.3753577768802643 1.8600000143051147 0.024719706674363878 -0.05136662929872753 1.571818001647048 7251 26 True
pedestrian -19.765855046281 -19.257070517423244 -2.623170256614685 0.9953577518463135 0.3753577768802643 1.8600000143051147 1.5603144046986896 -0.07777809600815865 -3.1438888021899047 7249 8 True
pedestrian 2.7992542801201026 -8.997610126635777 -2.614869236946106 0.3753577768802643 0.3753577768802643 1.8600000143051147 2.972168356669108 0.388754602412732 1.387619226893801 7245 36 True
pedestrian -12.33861934685997 4.7214350436159975 -3.06939435005188 0.9953577518463135 0.3753577768802643 1.8600000143051147 -1.0399912906865014 0.4767436580835215 0.773636921998724 7247 14 True
pedestrian 16.488393755851757 3.7518525255903796 -2.624346613883972 0.3753577768802643 0.3753577768802643 1.8600000143051147 0.022419270067850747 -0.14133759653888758 1.7727164131913067 7253 6 True