0.0 0.0
car 59.850360540651764 14.789910224637367 -2.7340167760849 4.181210041046143 1.994117259979248 1.3805816173553467 3.141586138419681 0.0 0.0 20001 4 True
car 59.410046759924626 89.06812432238141 -2.759573519229889 5.357479572296143 2.033203125 1.4147460460662842 3.1415866710514493 0.0 0.0 20003 0 False
car 82.3799952485082 21.999321835362764 -2.4693764448165894 4.4777727127075195 2.069315195083618 2.0377910137176514 -1.570798462106366 0.0 0.0 20011 0 False
car 35.70265155718844 -58.47336271908745 -2.9177748560905457 3.633375883102417 1.845113754272461 1.5012825727462769 0.00103330563015408 -0.010613928045934272 5.099457134409239 7259 0 False
car -10.733843581093423 31.824948494172872 -2.783963203430176 4.552699089050293 2.097072124481201 1.7671663761138916 -1.5702676725732985 0.008039989755080287 -7.60975086393555 7256 26 True
car 5.9662623357888585 -5.028833900389145 -2.9602473974227905 4.673638820648193 1.8118125200271606 1.441947340965271 -3.1411598998472425 -0.0068911355345613965 7.777091439512434 7244 837 True
car 22.64464138726614 -5.034288628724539 -2.9600329995155334 4.673638820648193 1.8118125200271606 1.441947340965271 3.1402865169054666 0.02406975041321939 8.348475124741887 7255 60 True
car 35.39831276083493 -1.0125773944893695 -2.9597532749176025 4.673638820648193 1.8118125200271606 1.441947340965271 0.00024221429655287002 -0.004390010640753695 5.512361746669165 7258 20 True
truck -14.737988505006445 28.029482728430196 -1.7693547010421753 8.46804141998291 2.8910882472991943 3.8274123668670654 1.571444278125339 0.006328678019071833 -5.087382982989023 7261 201 True
car -14.737919165290785 41.37231720101698 -2.848726511001587 4.611005783081055 2.241713285446167 1.6672759056091309 1.5713484044070773 0.006373288084312268 -6.730379538254748 7260 13 True
car -10.72310340060436 11.516812493254406 -2.8686222434043884 4.855708599090576 2.0327565670013428 1.6493593454360962 -1.5702583189430748 0.01579188470410078 -14.706089291982176 7242 243 True
car -14.70121133994609 -29.57565037814976 -2.861320376396179 5.237514495849609 1.9297595024108887 1.638383150100708 1.567740889441596 -5.892319340797351e-07 8.165861489185323e-07 7243 43 True
motorcycle -10.740092309471258 48.704739762436645 -2.914406478404999 2.0333523750305176 0.8025798797607422 1.4992748498916626 -1.570636105335797 0.0021674885845003222 -6.791985759384904 7257 1 True
pedestrian 6.856498263422111 3.436649512485303 -2.624348282814026 0.3753577768802643 0.3753577768802643 1.8600000143051147 0.15170950651380752 -0.469275791015016 1.5134793284726995 7251 35 True
pedestrian -19.798507636704304 -23.63664810990531 -2.623170256614685 0.9953577518463135 0.3753577768802643 1.8600000143051147 1.5763261145960488 0.029493270147865545 -3.1561351027380127 7249 4 True
pedestrian 4.5953295348757095 -8.71163233573219 -2.614869236946106 0.3753577768802643 0.3753577768802643 1.8600000143051147 -2.825406466649373 -0.7354425226243398 1.0871755144778383 7245 22 True
pedestrian -11.736830611292607 5.869658105139365 -2.7275222539901733 0.9953577518463135 0.3753577768802643 1.8600000143051147 -0.06566031437301635 0.5143490079401932 3.6428946385589964 7247 28 True
pedestrian 13.944926936398716 3.5662785794438605 -2.624346613883972 0.3753577768802643 0.3753577768802643 1.8600000143051147 0.034313070607927106 -0.14879491785796317 1.7385946175084452 7253 7 True