0.0 0.0
car 59.850360540651764 14.789910224637367 -2.7340167760849 4.181210041046143 1.994117259979248 1.3805816173553467 3.141586138419681 0.0 0.0 20001 6 True
car 59.410046759924626 89.06812432238141 -2.759573519229889 5.357479572296143 2.033203125 1.4147460460662842 3.1415866710514493 0.0 0.0 20003 0 False
car 82.3799952485082 21.999321835362764 -2.4693764448165894 4.4777727127075195 2.069315195083618 2.0377910137176514 -1.570798462106366 0.0 0.0 20011 0 False
car 60.85882149146896 -58.44171955994409 -2.9177342653274536 3.633375883102417 1.845113754272461 1.5012825727462769 0.0009869666663275824 -0.026351672253379223 12.982147708306517 7259 0 False
car -10.729084639357511 23.018216309973923 -2.7847142219543457 4.552699089050293 2.097072124481201 1.7671663761138916 -1.5710509295645818 2.082469733153204e-08 2.502436527453204e-07 7256 60 True
car -10.106355945913908 -14.2046544069471 -2.9602654576301575 4.673638820648193 1.8118125200271606 1.441947340965271 -1.7285583492560388 -1.07263256209515 -3.353654347386772 7244 130 True
car 0.08971164452022684 -5.041246591880395 -2.9597795605659485 4.673638820648193 1.8118125200271606 1.441947340965271 -3.1348342318110993 -0.17201861447903627 7.997459776025732 7255 927 True
car 67.65464518802777 -0.9906789635841164 -2.959864556789398 4.673638820648193 1.8118125200271606 1.441947340965271 0.00048815701548258464 -0.015557969310542479 15.965583840477178 7258 6 True
truck -14.744514500861015 45.09506501269499 -1.76960027217865 8.46804141998291 2.8910882472991943 3.8274123668670654 1.5711550590752494 0.005306084833274907 -7.612746796539481 7261 76 True
car -14.742144009301413 68.94763458960483 -2.8474270701408386 4.611005783081055 2.241713285446167 1.6672759056091309 1.5710274937667845 0.006173145156817616 -13.32992372425959 7260 3 True
car -10.70309912536406 -27.806612826892604 -2.8678122758865356 4.855708599090576 2.0327565670013428 1.6493593454360962 -1.5701670209036072 0.021432633002411553 -16.947816602213237 7242 54 True
car -14.70218901039092 -24.850796861191327 -2.8613263368606567 5.237514495849609 1.9297595024108887 1.638383150100708 1.5710104495502046 -1.7957638602353716e-07 0.0002945686544291292 7243 50 True
motorcycle -10.735335633585276 35.146634287216386 -2.915929138660431 2.0333523750305176 0.8025798797607422 1.4992748498916626 -1.570174623129786 0.002721982859594392 -2.191017234869892 7257 8 True
pedestrian 11.057197388055563 3.6374494845440495 -2.624348282814026 0.3753577768802643 0.3753577768802643 1.8600000143051147 0.016205055229187013 -0.051193125339232655 1.519584783116537 7251 19 True
pedestrian -19.662827071286593 -14.920248147253915 -2.623170256614685 0.9953577518463135 0.3753577768802643 1.8600000143051147 1.545717897409227 -0.2765337340214019 -3.5433988929503792 7249 7 True
pedestrian 0.9763620806735887 -9.005298086279709 -2.614869236946106 0.3753577768802643 0.3753577768802643 1.8600000143051147 -3.1235829183413184 -0.10757514137031608 1.4610440101516058 7245 35 True
pedestrian -12.31408394473838 4.468108594354078 -3.4913823306560516 0.3753577768802643 0.3753577768802643 1.8600000143051147 -0.4766721429824829 0.052604623357085614 -0.02574088423343868 7247 29 True
pedestrian 18.796705343797957 3.844500764984616 -2.624346613883972 0.3753577768802643 0.3753577768802643 1.8600000143051147 0.058454206024169925 -0.20923003311905533 1.783351724775441 7253 16 True