0.0 0.0
car 59.850360540651764 14.789910224637367 -2.7340167760849 4.181210041046143 1.994117259979248 1.3805816173553467 3.141586138419681 0.0 0.0 20001 4 True
car 59.410046759924626 89.06812432238141 -2.759573519229889 5.357479572296143 2.033203125 1.4147460460662842 3.1415866710514493 0.0 0.0 20003 0 False
car 82.3799952485082 21.999321835362764 -2.4693764448165894 4.4777727127075195 2.069315195083618 2.0377910137176514 -1.570798462106366 0.0 0.0 20011 0 False
car 33.08617740235168 -58.47573954482334 -2.91766893863678 3.633375883102417 1.845113754272461 1.5012825727462769 0.0011110698682996962 -0.007057994801291079 3.7685556943024707 7259 0 False
car -10.736087030865491 36.09878272573627 -2.78480327129364 4.552699089050293 2.097072124481201 1.7671663761138916 -1.5702811575782165 0.008641078190406175 -8.319622585727442 7256 28 True
car 11.960908412559835 -5.025607159934395 -2.959628462791443 4.673638820648193 1.8118125200271606 1.441947340965271 -3.1408950487005445 -0.0158547537666384 11.889566904894009 7244 240 True
car 28.060149658604956 -5.033502509780249 -2.959902822971344 4.673638820648193 1.8118125200271606 1.441947340965271 -3.1355283841629027 -0.07106398104784489 8.120225338874905 7255 30 True
car 32.38278312735684 -1.0132446951246834 -2.960087537765503 4.673638820648193 1.8118125200271606 1.441947340965271 -0.0018824538264804417 0.0087808578989536 5.4840800709536 7258 23 True
truck -14.736369561200105 25.098544005528026 -1.770640254020691 8.46804141998291 2.8910882472991943 3.8274123668670654 1.5713867538943822 0.005193078843043041 -4.333184474010975 7261 219 True
car -14.736077209681904 37.98025787234303 -2.848098337650299 4.611005783081055 2.241713285446167 1.6672759056091309 1.571228029627482 0.0042794513694838195 -5.013267477208863 7260 20 True
car -10.727600825846752 19.950467284520187 -2.8696353435516357 4.855708599090576 2.0327565670013428 1.6493593454360962 -1.5702788264039715 0.01299596794518734 -12.528358873384025 7242 96 True
car -14.701211578281965 -29.57558934299317 -2.861320674419403 5.237514495849609 1.9297595024108887 1.638383150100708 1.567740889441596 -6.227822691360977e-08 2.183693644882712e-05 7243 36 True
motorcycle -10.740659647559378 52.560147478056194 -2.9154640436172485 2.0333523750305176 0.8025798797607422 1.4992746114730835 -1.5706142099406721 0.002706481125769551 -7.538843763710647 7257 3 True
pedestrian 5.932631804911793 3.29898596941473 -2.624348282814026 0.3753577768802643 0.3753577768802643 1.8600000143051147 0.026121726645999484 -0.07641443665600464 1.4290824505507802 7251 22 True
pedestrian -19.787521420425353 -25.478719657998283 -2.623170256614685 0.9953577518463135 0.3753577768802643 1.8600000143051147 1.556558551785787 -0.048750057614909255 -3.237133956807092 7249 4 True
pedestrian 5.29056028361828 -8.516259742622594 -2.614869236946106 0.3753577768802643 0.3753577768802643 1.8600000143051147 -3.0356134555185106 -0.2446906348494925 1.273645360989052 7245 14 True
pedestrian -13.905158567151105 6.024751375284609 -2.7275222539901733 0.9953577518463135 0.3753577768802643 1.8600000143051147 -0.06997236800977918 0.5124603400719574 3.6578126847467844 7247 21 True
pedestrian 12.891187304435746 3.504115700634543 -2.624346613883972 0.3753577768802643 0.3753577768802643 1.8600000143051147 0.08926096170255872 -0.31319062536459746 1.7903907159477137 7253 23 True