0.0 0.0
car 59.850360540651764 14.789910224637367 -2.7340167760849 4.181210041046143 1.994117259979248 1.3805816173553467 3.141586138419681 0.0 0.0 20001 3 True
car 59.410046759924626 89.06812432238141 -2.759573519229889 5.357479572296143 2.033203125 1.4147460460662842 3.1415866710514493 0.0 0.0 20003 0 False
car 82.3799952485082 21.999321835362764 -2.4693764448165894 4.4777727127075195 2.069315195083618 2.0377910137176514 -1.570798462106366 0.0 0.0 20011 0 False
car -10.729084639357511 23.018216309973923 -2.7847142219543457 4.552699089050293 2.097072124481201 1.7671663761138916 -1.5710509295645818 -1.0489273627385355e-10 -1.0452574225204254e-10 7256 67 True
car 8.98382926059099 -58.33853037214351 -2.9601908922195435 4.673638820648193 1.8118125200271606 1.441947340965271 -0.029432698874579537 0.43990269293445466 7.779142160514087 7244 0 False
car -10.625987868839061 -47.5042447673531 -2.9596254229545593 4.673638820648193 1.8118125200271606 1.441947340965271 -1.5297061500611968 1.1739745793491059 -12.694662739374767 7255 8 True
car 115.46314370713947 1.9252718802592312 -2.960036039352417 4.673638820648193 1.8118125200271606 1.441947340965271 0.8491167710520426 -8.906126782701541 -1.8189306805624184 7258 0 True
truck -14.750990256946654 92.90329256061997 -1.7694941759109497 8.46804141998291 2.8910882472991943 3.8274123668670654 1.5709752958535088 0.0038302072559612947 -10.472652088332358 7261 0 True
car 32.62630038608258 -58.4772953181681 -2.8669002652168274 4.855708599090576 2.0327565670013428 1.6493593454360962 0.0008330360853407117 1.6382777514709385e-05 -0.011569131057628506 7242 0 False
car -14.702188891264335 -24.850857896347748 -2.861320674419403 5.237514495849609 1.9297595024108887 1.638383150100708 1.5710104495502046 9.089886619525446e-08 2.5236952988951697e-08 7243 44 True
motorcycle -10.732168626309415 29.584988775102318 -2.915061354637146 2.0333523750305176 0.8025798797607422 1.4992756843566895 -1.5702782453984199 -1.8284951738644377e-08 -5.830116887745545e-09 7257 5 True
pedestrian 19.32786565433127 3.8119683069738812 -2.624348282814026 0.3753577768802643 0.3753577768802643 1.8600000143051147 0.02343912674585978 -0.07746709425516796 1.6710554510540259 7251 6 True
pedestrian -18.18888545980843 3.2375257344748434 -2.623170256614685 0.9953577518463135 0.3753577768802643 1.8600000143051147 1.528554371313307 -0.3594783073985292 -3.4871492458446003 7249 10 True
pedestrian -2.643839917161074 -2.6217787765484672 -2.727522134780884 0.3753577768802643 0.3753577768802643 1.8600000143051147 1.885117251636929 1.0312435204343986 -1.4186417224702794 7245 60 True
pedestrian -11.971041870691245 4.290984106089638 -3.491351366043091 0.3753577768802643 0.3753577768802643 1.8600000143051147 2.6649170580698645 -0.06167380289996095 0.03228595451220131 7247 24 True
pedestrian 28.20653184491544 4.008642067277151 -2.624346613883972 0.3753577768802643 0.3753577768802643 1.8600000143051147 -0.0013462267939249673 0.006366731692659485 1.8276785792293273 7253 5 True