0.0 0.0
car 59.850360540651764 14.789910224637367 -2.7340167760849 4.181210041046143 1.994117259979248 1.3805816173553467 3.141586138419681 0.0 0.0 20001 6 True
car 59.410046759924626 89.06812432238141 -2.759573519229889 5.357479572296143 2.033203125 1.4147460460662842 3.1415866710514493 0.0 0.0 20003 0 False
car 82.3799952485082 21.999321835362764 -2.4693764448165894 4.4777727127075195 2.069315195083618 2.0377910137176514 -1.570798462106366 0.0 0.0 20011 0 False
car 71.92289316258011 -58.43004631948895 -2.9176811575889587 3.633375883102417 1.845113754272461 1.5012825727462769 0.0010566082700093587 -0.03153761138919956 14.663186071150962 7259 0 False
car -10.729084639357511 23.018216309973923 -2.7847142219543457 4.552699089050293 2.097072124481201 1.7671663761138916 -1.5710509295645818 7.850118491807806e-09 4.452795784383988e-09 7256 63 True
car -10.497704548343105 -18.604983466516273 -2.9593045115470886 4.673638820648193 1.8118125200271606 1.441947340965271 -1.6360618534602456 -0.9518404598593344 -8.137451993303952 7244 82 True
car -6.198207422717817 -6.46564603065201 -2.9599432349205017 4.673638820648193 1.8118125200271606 1.441947340965271 -2.6504240810803306 -7.124868151923488 3.925169722688126 7255 545 True
car 79.51688884922079 -0.984164275365913 -2.960078001022339 4.673638820648193 1.8118125200271606 1.441947340965271 0.0003960117195977105 -0.011324387688189986 13.325802482360324 7258 0 True
truck -14.746324573245737 51.430453198753014 -1.7695775032043457 8.46804141998291 2.8910882472991943 3.8274123668670654 1.5710219011332192 0.0037473277881311154 -8.184675257135302 7261 57 True
car -14.744631627518034 79.88714875315193 -2.8461856842041016 4.611005783081055 2.241713285446167 1.6672759056091309 1.571020569553799 0.006147466068819137 -13.602643417846485 7260 0 True
car -10.694267083186503 -41.48346220411963 -2.8678359389305115 4.855708599090576 2.0327565670013428 1.6493593454360962 -1.5694771703075463 0.05146317478382667 -17.065447658484427 7242 22 True
car -14.702188891264335 -24.850857896347748 -2.861320674419403 5.237514495849609 1.9297595024108887 1.638383150100708 1.5710104495502046 -3.591267515005211e-08 4.142124733180542e-06 7243 35 True
motorcycle -10.734092647366179 32.940549080449955 -2.914913833141327 2.0333523750305176 0.8025798797607422 1.4992746114730835 -1.5702665968742888 0.0020373374736617107 -2.768315020867124 7257 9 True
pedestrian 12.278093181195011 3.656582351698148 -2.624348282814026 0.3753577768802643 0.3753577768802643 1.8600000143051147 0.015500649715847439 -0.04791243964396932 1.5282495280173696 7251 7 True
pedestrian -19.50890493455088 -12.06386407847151 -2.623170256614685 0.9953577518463135 0.3753577768802643 1.8600000143051147 1.4726405525071886 -0.6442184555932728 -3.52885360002112 7249 6 True
pedestrian 0.4857233776193812 -8.983263730051362 -2.614869236946106 0.3753577768802643 0.3753577768802643 1.8600000143051147 3.098599026309967 0.007443218536618563 0.13667161357282512 7245 22 True
pedestrian -12.268025262685633 4.444243785850176 -3.4913816154003143 0.3753577768802643 0.3753577768802643 1.8600000143051147 2.6649142617530823 0.04395438685035044 -0.021302770260528844 7247 21 True
pedestrian 20.23472234597603 3.926194373092926 -2.624346613883972 0.3753577768802643 0.3753577768802643 1.8600000143051147 0.055663615033043755 -0.20153705265611851 1.7913667164759537 7253 9 True