0.0 0.0
car 59.850360540651764 14.789910224637367 -2.7340167760849 4.181210041046143 1.994117259979248 1.3805816173553467 3.141586138419681 0.0 0.0 20001 4 True
car 59.410046759924626 89.06812432238141 -2.759573519229889 5.357479572296143 2.033203125 1.4147460460662842 3.1415866710514493 0.0 0.0 20003 0 False
car 82.3799952485082 21.999321835362764 -2.4693764448165894 4.4777727127075195 2.069315195083618 2.0377910137176514 -1.570798462106366 0.0 0.0 20011 0 False
car 31.151774933347284 -58.47808677719746 -2.917587161064148 3.633375883102417 1.845113754272461 1.5012825727462769 0.001161803044213189 -0.006256886869944825 2.6892984766614845 7259 0 False
car -10.738592333803965 41.11306495570267 -2.7833585143089294 4.552699089050293 2.097072124481201 1.7671663761138916 -1.5703851660568973 0.006217816836818005 -6.984964867902978 7256 21 True
car 18.268085008893824 -5.020915999212718 -2.9594914317131042 4.673638820648193 1.8118125200271606 1.441947340965271 -3.1407400528560214 -0.014397027422263523 8.897137243927649 7244 106 True
car 33.13113743788628 -4.976044781427788 -2.959530770778656 4.673638820648193 1.8118125200271606 1.441947340965271 -3.0971101873601277 -0.6699071476502055 8.814031558112056 7255 25 True
car 28.340375134836208 -1.015467000810304 -2.9597471952438354 4.673638820648193 1.8118125200271606 1.441947340965271 0.0006599307607014974 -0.008448986986878536 5.70236095527587 7258 28 True
truck -14.734949187877852 22.89517486297433 -1.7688673734664917 8.46804141998291 2.8910882472991943 3.8274123668670654 1.5714219075910778 0.0044123974071106475 -3.3281323744885105 7261 265 True
car -14.735019107459198 35.5173367283266 -2.84792298078537 4.611005783081055 2.241713285446167 1.6672759056091309 1.5711758317142062 0.00342164169459855 -3.1575688627021634 7260 7 True
car -10.73098566591538 26.4522373086499 -2.8700021505355835 4.855708599090576 2.0327565670013428 1.6493593454360962 -1.57006492803326 0.011725840679868793 -9.01622150334834 7242 43 True
car -14.701214916059369 -29.57552830783243 -2.8613319396972656 5.237514495849609 1.9297595024108887 1.638383150100708 1.567740889441596 -9.133999108346524e-06 0.00020478724725767823 7243 46 True
motorcycle -10.741310970523909 57.249905779728635 -2.912660300731659 2.0333523750305176 0.8025798797607422 1.4992749691009521 -1.5707603788619262 -0.0018204222732807387 -5.781332384800761 7257 1 True
pedestrian 5.085046101338541 3.280188289779801 -2.624348282814026 0.3753577768802643 0.3753577768802643 1.8600000143051147 0.007523690040588378 -0.02050787073821954 1.3758123337675527 7251 32 True
pedestrian -19.79121716233202 -27.425649584634698 -2.623170256614685 0.9953577518463135 0.3753577768802643 1.8600000143051147 1.580268388627794 0.07106844357450912 -3.3408827806170693 7249 5 True
pedestrian 6.203814152320909 -8.453883050406375 -2.614869236946106 0.3753577768802643 0.3753577768802643 1.8600000143051147 -2.9947452857403225 -0.5999136132197346 1.6478769423942694 7245 27 True
pedestrian -16.116035541649786 6.1764877694905636 -2.7275222539901733 0.9953577518463135 0.3753577768802643 1.8600000143051147 -0.04426729256439209 -0.08198284360423534 3.6926334564701078 7247 20 True
pedestrian 11.814336293443798 3.4156467007977085 -2.624346613883972 0.3753577768802643 0.3753577768802643 1.8600000143051147 0.024085209080590142 -0.07994045859887915 1.6639869618923055 7253 22 True