0.0 0.0
car 59.850360540651764 14.789910224637367 -2.7340167760849 4.181210041046143 1.994117259979248 1.3805816173553467 3.141586138419681 0.0 0.0 20001 6 True
car 59.410046759924626 89.06812432238141 -2.759573519229889 5.357479572296143 2.033203125 1.4147460460662842 3.1415866710514493 0.0 0.0 20003 0 False
car 82.3799952485082 21.999321835362764 -2.4693764448165894 4.4777727127075195 2.069315195083618 2.0377910137176514 -1.570798462106366 0.0 0.0 20011 0 False
car 33.88149219224518 -58.47494716545435 -2.917707681655884 3.633375883102417 1.845113754272461 1.5012825727462769 0.001081109331342909 -0.009051965572233827 4.168475864741045 7259 0 False
car -10.73529216198011 34.58941382817204 -2.785905957221985 4.552699089050293 2.097072124481201 1.7671663761138916 -1.5702828201994639 0.007059752256026661 -6.7517782979559895 7256 26 True
car 9.666568276783906 -5.0271604475568665 -2.9599464535713196 4.673638820648193 1.8118125200271606 1.441947340965271 -3.1410585666533577 -0.011940982489071243 10.942278124710796 7244 384 True
car 26.318171962943445 -5.036460354455073 -2.9597020149230957 4.673638820648193 1.8118125200271606 1.441947340965271 -3.1388002079565256 -0.03419612229618606 9.292541968891102 7255 41 True
car 33.32603950569607 -1.0131239029373091 -2.9604613184928894 4.673638820648193 1.8118125200271606 1.441947340965271 -0.0010982867058648004 0.004940790564290118 4.559631555748147 7258 22 True
truck -14.736935516917843 26.015200500437174 -1.7707304954528809 8.46804141998291 2.8910882472991943 3.8274123668670654 1.5713633180965847 0.0055165273508559825 -4.802919014942936 7261 195 True
car -14.736678519936367 39.0222500606597 -2.8470837473869324 4.611005783081055 2.241713285446167 1.6672759056091309 1.570998199019538 0.004347447068432695 -5.152325503870744 7260 16 True
car -10.726223098971335 17.329709226007935 -2.8695759773254395 4.855708599090576 2.0327565670013428 1.6493593454360962 -1.5702612969541294 0.014545642980892136 -13.6185720073996 7242 116 True
car -14.70121133994609 -29.57565037814976 -2.861320376396179 5.237514495849609 1.9297595024108887 1.638383150100708 1.567740889441596 -2.8199190435694e-07 6.749260056627682e-06 7243 40 True
motorcycle -10.740512540228254 51.24276466535446 -2.915570557117462 2.0333523750305176 0.8025798797607422 1.4992749691009521 -1.5706364741696426 0.0021417481251823265 -6.82543337343632 7257 3 True
pedestrian 6.23431147326594 3.341160853603526 -2.624348282814026 0.3753577768802643 0.3753577768802643 1.8600000143051147 0.12163458688481649 -0.29218664114570647 1.4888780588790724 7251 53 True
pedestrian -19.79049274251343 -24.885427417642916 -2.623170256614685 0.9953577518463135 0.3753577768802643 1.8600000143051147 1.5750834846810233 0.003643762089840798 -2.9703241091963357 7249 4 True
pedestrian 5.072556003755384 -8.555505052692695 -2.614869236946106 0.3753577768802643 0.3753577768802643 1.8600000143051147 -2.9764660292481313 -0.307056945092428 1.1059278870816178 7245 22 True
pedestrian -13.1682628376468 5.972992564280844 -2.7275222539901733 0.9953577518463135 0.3753577768802643 1.8600000143051147 -0.07006624435891046 0.5151289946164115 3.657422396505891 7247 21 True
pedestrian 13.246755276923942 3.5339003750851816 -2.624346613883972 0.3753577768802643 0.3753577768802643 1.8600000143051147 0.09052449741448296 -0.3050609547171863 1.779218989311946 7253 12 True