0.0 0.0
car 59.850360540651764 14.789910224637367 -2.7340167760849 4.181210041046143 1.994117259979248 1.3805816173553467 3.141586138419681 0.0 0.0 20001 2 True
car 59.410046759924626 89.06812432238141 -2.759573519229889 5.357479572296143 2.033203125 1.4147460460662842 3.1415866710514493 0.0 0.0 20003 0 False
car 82.3799952485082 21.999321835362764 -2.4693764448165894 4.4777727127075195 2.069315195083618 2.0377910137176514 -1.570798462106366 0.0 0.0 20011 0 False
car 41.808364456745416 -58.46677919553599 -2.91789311170578 3.633375883102417 1.845113754272461 1.5012825727462769 0.001111735658009847 -0.018172721078926448 8.149145408823296 7259 0 False
car -10.730142610267775 24.874234377817118 -2.7856483459472656 4.552699089050293 2.097072124481201 1.7671663761138916 -1.5702357408696774 0.0065233877976726955 -5.981898491254219 7256 50 True
car -1.259667954846826 -5.0854342165778235 -2.959803879261017 4.673638820648193 1.8118125200271606 1.441947340965271 -3.107971214901818 -0.6593447170501082 7.5786423106557255 7244 978 True
car 14.549956796071015 -5.027167064614332 -2.960052728652954 4.673638820648193 1.8118125200271606 1.441947340965271 -3.1393393644638063 -0.02260717150296635 8.308124989910693 7255 161 True
car 42.74262734413519 -1.0066059008224215 -2.959641456604004 4.673638820648193 1.8118125200271606 1.441947340965271 0.0009708545553419324 -0.01988495566481287 10.444940445178903 7258 9 True
truck -14.740990389498036 32.81256378719405 -1.7700074911117554 8.46804141998291 2.8910882472991943 3.8274123668670654 1.5709995305989584 0.0036784945854468087 -5.819276625241475 7261 124 True
car -14.739150447103896 48.521242983948525 -2.8477213382720947 4.611005783081055 2.241713285446167 1.6672759056091309 1.5710333527162337 0.0032560682093888266 -9.091746844686927 7260 18 True
car -10.762823916093001 0.5343601544779517 -2.8790966272354126 4.855708599090576 2.0327565670013428 1.6493593454360962 -1.568068846789778 0.09709429979689049 -12.015338936288115 7242 584 True
car -14.701091855571917 -28.756802722060172 -2.861206531524658 5.237514495849609 1.9297595024108887 1.638383150100708 1.5687161382090251 -0.006423721279629457 -2.7505804559459164 7243 42 True
motorcycle -10.738861937163659 42.116269301773 -2.9147844314575195 2.0333523750305176 0.8025798797607422 1.499274730682373 -1.5705487715409014 0.0032895563360864836 -6.802146737852861 7257 2 True
pedestrian 8.261623044754149 3.523012354616128 -2.624348282814026 0.3753577768802643 0.3753577768802643 1.8600000143051147 0.0024216103337605793 -0.0130192192509017 1.504855719596936 7251 24 True
pedestrian -19.788354356327314 -20.831167166626756 -2.623170256614685 0.9953577518463135 0.3753577768802643 1.8600000143051147 1.5562003569217258 -0.07772755010380934 -3.1523264871732026 7249 6 True
pedestrian 3.4597451379344903 -9.09493157825068 -2.614869236946106 0.3753577768802643 0.3753577768802643 1.8600000143051147 -2.897156626343197 -0.536465314696986 0.830503323738156 7245 20 True
pedestrian -12.05351099750634 5.155180995181752 -2.7948643565177917 0.3753577768802643 0.3753577768802643 1.8600000143051147 -1.0441073358325959 0.034964234645521966 -0.7085567667223092 7247 3 True
pedestrian 15.59885206214106 3.701865937962566 -2.624346613883972 0.3753577768802643 0.3753577768802643 1.8600000143051147 0.11116570948240491 -0.39766454923933786 1.8511975950422928 7253 8 True