0.0 0.0
car 59.850360540651764 14.789910224637367 -2.7340167760849 4.181210041046143 1.994117259979248 1.3805816173553467 3.141586138419681 0.0 0.0 20001 4 True
car 59.410046759924626 89.06812432238141 -2.759573519229889 5.357479572296143 2.033203125 1.4147460460662842 3.1415866710514493 0.0 0.0 20003 0 False
car 82.3799952485082 21.999321835362764 -2.4693764448165894 4.4777727127075195 2.069315195083618 2.0377910137176514 -1.570798462106366 0.0 0.0 20011 0 False
car 82.78494608494009 -58.42645996349876 -2.9176213145256042 3.633375883102417 1.845113754272461 1.5012825727462769 -0.00027310693910386825 0.006546260541105047 16.242596029995692 7259 0 False
car -10.729084639357511 23.018216309973923 -2.7847142219543457 4.552699089050293 2.097072124481201 1.7671663761138916 -1.5710509295645818 1.13196821319923e-08 -5.618733793835542e-09 7256 67 True
car -10.660493996096328 -25.719088470556812 -2.9594818353652954 4.673638820648193 1.8118125200271606 1.441947340965271 -1.5788822139311118 -0.19265202045285798 -12.07176016187313 7244 45 True
car -9.557366854123508 -11.716038207470774 -2.9602032899856567 4.673638820648193 1.8118125200271606 1.441947340965271 -1.8592012873008514 -4.396489239119027 -6.951590510094256 7255 161 True
car 87.97520184167855 -0.9810934611037965 -2.960156738758087 4.673638820648193 1.8118125200271606 1.441947340965271 0.00038429382069905604 -0.009855187376797952 10.459644318309381 7258 0 True
truck -14.74700752113353 57.326449293439225 -1.7695808410644531 8.46804141998291 2.8910882472991943 3.8274123668670654 1.5708730305540297 0.0015131694418700494 -8.642828362746346 7261 31 True
car -14.745476271775335 89.44230927677492 -2.8463858366012573 4.611005783081055 2.241713285446167 1.6672759056091309 1.5706860768034192 -0.0026685211630874963 -13.652644980388201 7260 0 True
car -8.92850430678812 -52.9422048311481 -2.825357675552368 4.855708599090576 2.0327565670013428 1.6493593454360962 -0.9725691635824839 13.464316728707557 -6.767405005763028 7242 10 True
car -14.702188891264335 -24.850857896347748 -2.861320674419403 5.237514495849609 1.9297595024108887 1.638383150100708 1.5710104495502046 -2.2287115665808226e-07 4.890452174550536e-08 7243 50 True
motorcycle -10.733015331262864 31.10909766297118 -2.915015757083893 2.0333523750305176 0.8025798797607422 1.499274730682373 -1.5702432782073668 0.002610349063661937 -2.36178500456925 7257 8 True
pedestrian 13.35181414570431 3.680567713198002 -2.624348282814026 0.3753577768802643 0.3753577768802643 1.8600000143051147 0.022824203369564477 -0.06785963310426117 1.534886280044294 7251 8 True
pedestrian -19.268183662364088 -9.566244775741268 -2.623170256614685 0.9953577518463135 0.3753577768802643 1.8600000143051147 1.5017001428281995 -0.6123151122041915 -3.5341271085505377 7249 8 True
pedestrian -0.3022618542918938 -8.562760953335555 -2.614869236946106 0.3753577768802643 0.3753577768802643 1.8600000143051147 2.5323536662508643 1.2522928872746193 0.5877962656279794 7245 42 True
pedestrian -12.227137458742133 4.423064531227851 -3.491399183869362 0.3753577768802643 0.3753577768802643 1.8600000143051147 2.664922384387546 0.03398660987781635 -0.015805588790227313 7247 15 True
pedestrian 21.48847221344373 3.9409936996355555 -2.624346613883972 0.3753577768802643 0.3753577768802643 1.8600000143051147 0.009771928733825683 -0.03555329201074144 1.7993478211761371 7253 7 True