0.0 0.0
car 59.850360540651764 14.789910224637367 -2.7340167760849 4.181210041046143 1.994117259979248 1.3805816173553467 3.141586138419681 0.0 0.0 20001 7 True
car 59.410046759924626 89.06812432238141 -2.759573519229889 5.357479572296143 2.033203125 1.4147460460662842 3.1415866710514493 0.0 0.0 20003 0 False
car 82.3799952485082 21.999321835362764 -2.4693764448165894 4.4777727127075195 2.069315195083618 2.0377910137176514 -1.570798462106366 0.0 0.0 20011 0 False
car 94.60809671333755 -58.431175691059025 -2.9175227880477905 3.633375883102417 1.845113754272461 1.5012825727462769 -0.000591753894382053 0.01915121205457348 17.498187300031574 7259 0 False
car -10.729084639357511 23.018216309973923 -2.7847142219543457 4.552699089050293 2.097072124481201 1.7671663761138916 -1.5710509295645818 -2.678432188772187e-09 1.370738649745089e-09 7256 54 True
car -10.687845582244098 -35.19717681241872 -2.959921896457672 4.673638820648193 1.8118125200271606 1.441947340965271 -1.5715505380980608 -0.021537038683047655 -13.573801389879177 7244 28 True
car -10.287908651916393 -16.358493272272824 -2.95986407995224 4.673638820648193 1.8118125200271606 1.441947340965271 -1.6797563629758094 -1.329021098649652 -6.471615864605497 7255 104 True
car 94.81633496617738 -0.9760673305410705 -2.9600881934165955 4.673638820648193 1.8118125200271606 1.441947340965271 0.000545814404381646 -0.009864071458993009 8.654231493061173 7258 0 True
truck -14.747532707594857 63.52145661838102 -1.7695409059524536 8.46804141998291 2.8910882472991943 3.8274123668670654 1.5708511926515367 0.0010896366035610886 -9.040716554936058 7261 39 True
car -14.74509091117153 98.99998749892654 -2.846398949623108 4.611005783081055 2.241713285446167 1.6672759056091309 1.5710141779725817 0.004639286647760116 -13.649402261352837 7260 0 True
car -1.2689311036003215 -58.656387573265135 -2.8815385699272156 4.855708599090576 2.0327565670013428 1.6493593454360962 -0.003685944993336995 1.9365025357872507 13.281329559161984 7242 0 False
car -14.702188891264335 -24.850857896347748 -2.861320674419403 5.237514495849609 1.9297595024108887 1.638383150100708 1.5710104495502046 -3.7143425761558426e-08 1.9969527719675023e-08 7243 33 True
motorcycle -10.732190074553339 29.59194678294392 -2.9171746969223022 2.0333523750305176 0.8025798797607422 1.4992743730545044 -1.570207675037598 -4.306754597932919e-05 0.0018744917813327308 7257 5 True
pedestrian 14.430662062346162 3.703820645875794 -2.624348282814026 0.3753577768802643 0.3753577768802643 1.8600000143051147 0.021906745148976642 -0.06504976189456046 1.5423045566329292 7251 9 True
pedestrian -19.02441015742982 -7.070029285740588 -2.623170256614685 0.9953577518463135 0.3753577768802643 1.8600000143051147 1.464056658932156 -0.756311544160486 -3.505783864236378 7249 9 True
pedestrian -1.0173141421509175 -7.6251379141158395 -2.614869236946106 0.3753577768802643 0.3753577768802643 1.8600000143051147 1.9258017966130574 1.3068574733762703 -1.1694432099649696 7245 70 True
pedestrian -12.184996110300045 4.401305440922613 -3.491373136639595 0.3753577768802643 0.3753577768802643 1.8600000143051147 2.664921185966068 0.020841419438200504 -0.009481146731824496 7247 24 True
pedestrian 22.748848206629624 3.953260058215278 -2.624346613883972 0.3753577768802643 0.3753577768802643 1.8600000143051147 0.006562689172956678 -0.04153714556291147 1.805479152086147 7253 5 True