0.0 0.0
car 59.850360540651764 14.789910224637367 -2.7340167760849 4.181210041046143 1.994117259979248 1.3805816173553467 3.141586138419681 0.0 0.0 20001 3 True
car 59.410046759924626 89.06812432238141 -2.759573519229889 5.357479572296143 2.033203125 1.4147460460662842 3.1415866710514493 0.0 0.0 20003 0 False
car 82.3799952485082 21.999321835362764 -2.4693764448165894 4.4777727127075195 2.069315195083618 2.0377910137176514 -1.570798462106366 0.0 0.0 20011 0 False
car 91.14128458165742 -58.42961459699734 -2.917537271976471 3.633375883102417 1.845113754272461 1.5012825727462769 -0.000633831804063585 0.01898754952139488 17.15133035165176 7259 0 False
car -10.729084639357511 23.018216309973923 -2.7847142219543457 4.552699089050293 2.097072124481201 1.7671663761138916 -1.5710509295645818 -2.066286424225685e-09 5.902742662343472e-10 7256 66 True
car -10.684823896599955 -32.40512359385173 -2.9596306681632996 4.673638820648193 1.8118125200271606 1.441947340965271 -1.5720868982235394 -0.040348042347688115 -14.378181131841506 7244 24 True
car -10.155328758897287 -15.060733442152355 -2.960025191307068 4.673638820648193 1.8118125200271606 1.441947340965271 -1.7115342728149094 -1.577210003438381 -6.004243941110374 7255 104 True
car 92.99220013794586 -0.977224526782436 -2.9599682688713074 4.673638820648193 1.8118125200271606 1.441947340965271 0.000655536548614502 -0.012839317733972486 9.687573553942112 7258 0 True
truck -14.747402106471712 61.723360915075716 -1.7695475816726685 8.46804141998291 2.8910882472991943 3.8274123668670654 1.5708615789710152 0.0012638688491130006 -8.931345364472046 7261 32 True
car -14.744867399390309 96.26855744490774 -2.8463934659957886 4.611005783081055 2.241713285446167 1.6672759056091309 1.5708357463302611 0.0001289899511860834 -13.645508784490515 7260 0 True
car -3.7895103313683283 -57.87116687268849 -2.819586157798767 4.855708599090576 2.0327565670013428 1.6493593454360962 -0.24057072807439167 8.291642254952189 10.139317150591356 7242 0 True
car -14.702188891264335 -24.850857896347748 -2.861320674419403 5.237514495849609 1.9297595024108887 1.638383150100708 1.5710104495502046 2.1468506815126667e-07 -3.276678931398559e-08 7243 55 True
motorcycle -10.73228981566204 29.795254888548186 -2.9150338768959045 2.0333523750305176 0.8025798797607422 1.4992746114730835 -1.5702430905638998 0.0026767545361242474 -2.420966774354444 7257 5 True
pedestrian 14.121879476478465 3.697656513499112 -2.624348282814026 0.3753577768802643 0.3753577768802643 1.8600000143051147 0.023476144653744167 -0.07054386314688857 1.5399792451388956 7251 2 True
pedestrian -19.10084144460087 -7.783255500535802 -2.623170256614685 0.9953577518463135 0.3753577768802643 1.8600000143051147 1.4650753171886868 -0.7351435748219161 -3.5107765205126333 7249 6 True
pedestrian -0.9088799170013147 -7.95869518995255 -2.614869236946106 0.3753577768802643 0.3753577768802643 1.8600000143051147 2.1394286809073555 1.7160799694003679 -0.3608282408635382 7245 57 True
pedestrian -12.197221968016633 4.4076531137388315 -3.49137245118618 0.3753577768802643 0.3753577768802643 1.8600000143051147 2.664922118071662 0.0246300281429156 -0.011475512458651837 7247 26 True
pedestrian 22.38768029114066 3.9475232429151674 -2.624346613883972 0.3753577768802643 0.3753577768802643 1.8600000143051147 0.0016921711273193358 -0.02020158003870569 1.7811694959896742 7253 5 True