0.0 0.0
car 59.850360540651764 14.789910224637367 -2.7340167760849 4.181210041046143 1.994117259979248 1.3805816173553467 3.141586138419681 0.0 0.0 20001 4 True
car 59.410046759924626 89.06812432238141 -2.759573519229889 5.357479572296143 2.033203125 1.4147460460662842 3.1415866710514493 0.0 0.0 20003 0 False
car 82.3799952485082 21.999321835362764 -2.4693764448165894 4.4777727127075195 2.069315195083618 2.0377910137176514 -1.570798462106366 0.0 0.0 20011 0 False
car 40.231200758099305 -58.46851656041093 -2.9179769158363342 3.633375883102417 1.845113754272461 1.5012825727462769 0.0010146635182698568 -0.015594441658819316 7.588910906646472 7259 0 False
car -10.730847431751037 26.15243262096203 -2.785538673400879 4.552699089050293 2.097072124481201 1.7671663761138916 -1.5701974997682564 0.008007108840378469 -7.010808389014048 7256 54 True
car 0.3492359925646866 -5.039293818539363 -2.9597774744033813 4.673638820648193 1.8118125200271606 1.441947340965271 -3.134951943431854 -0.1626909923832823 8.593736645776556 7244 938 True
car 16.299355981210326 -5.02719995265204 -2.9598907828330994 4.673638820648193 1.8118125200271606 1.441947340965271 -3.1412878646295335 0.0017592290465726732 9.25487505791021 7255 123 True
car 40.748986442285336 -1.0082206310526658 -2.9596458673477173 4.673638820648193 1.8118125200271606 1.441947340965271 0.0008540750401814779 -0.01611992349320795 9.448001154684194 7258 9 True
truck -14.74002203748775 31.679903873770513 -1.7698503732681274 8.46804141998291 2.8910882472991943 3.8274123668670654 1.5713827591561211 0.007122202803702478 -5.5215345223071415 7261 133 True
car -14.738911812012248 46.74554718284065 -2.84773850440979 4.611005783081055 2.241713285446167 1.6672759056091309 1.5710527937757703 0.0032828471149857546 -8.561313092587357 7260 20 True
car -10.770048454834136 2.8372776447402543 -2.874718487262726 4.855708599090576 2.0327565670013428 1.6493593454360962 -1.571446675033314 -0.0517275442063172 -11.074932883820868 7242 576 True
car -14.701126085465576 -29.20910374740521 -2.861229717731476 5.237514495849609 1.9297595024108887 1.638383150100708 1.5677691189253065 -0.005182987824630129 -1.7199633895403845 7243 39 True
motorcycle -10.739097631924892 43.42263526889161 -2.9165910482406616 2.0333523750305176 0.8025798797607422 1.4992749691009521 -1.5705206614799694 0.004517326753330636 -6.2486535105623755 7257 2 True
pedestrian 7.960502286201287 3.522646551701314 -2.624348282814026 0.3753577768802643 0.3753577768802643 1.8600000143051147 0.005073583907233344 -0.06933220450195247 1.5004487351920692 7251 20 True
pedestrian -19.79721293799432 -21.461873941733757 -2.623170256614685 0.9953577518463135 0.3753577768802643 1.8600000143051147 1.5626744960632324 -0.030882221501568868 -3.145946554078732 7249 6 True
pedestrian 3.6444070529977033 -9.058158146829328 -2.614869236946106 0.3753577768802643 0.3753577768802643 1.8600000143051147 -2.7973393024703133 -0.8067336554460415 0.9746393416212984 7245 22 True
pedestrian -11.975011860979611 5.285796123189584 -2.7636428475379944 0.3753577768802643 0.3753577768802643 1.8600000143051147 -0.9257797930170695 0.013960267204884509 -0.6794727309655413 7247 7 True
pedestrian 15.230438082303174 3.6615221988871554 -2.624346613883972 0.3753577768802643 0.3753577768802643 1.8600000143051147 0.10139111758973862 -0.3720579233105524 1.8739671440481287 7253 11 True