0.0 0.0
car 59.850360540651764 14.789910224637367 -2.7340167760849 4.181210041046143 1.994117259979248 1.3805816173553467 3.141586138419681 0.0 0.0 20001 5 True
car 59.410046759924626 89.06812432238141 -2.759573519229889 5.357479572296143 2.033203125 1.4147460460662842 3.1415866710514493 0.0 0.0 20003 0 False
car 82.3799952485082 21.999321835362764 -2.4693764448165894 4.4777727127075195 2.069315195083618 2.0377910137176514 -1.570798462106366 0.0 0.0 20011 0 False
car 30.007381009760984 -58.48006886910633 -2.9178467988967896 3.633375883102417 1.845113754272461 1.5012825727462769 0.001196424109141032 -0.005311657841187041 1.8697326122329152 7259 0 False
car -10.739738891273396 43.92644996702711 -2.7834357023239136 4.552699089050293 2.097072124481201 1.7671663761138916 -1.5705898315042792 0.002909858223816143 -4.740644164197333 7256 23 True
car 21.72719145755581 -5.01844876252062 -2.959403157234192 4.673638820648193 1.8118125200271606 1.441947340965271 -3.1411682887975902 -0.0055365014395434295 5.551361465153867 7244 58 True
car 36.64634312859583 -4.749181868797393 -2.9594114422798157 4.673638820648193 1.8118125200271606 1.441947340965271 -2.9692846882765025 -1.573418523375271 5.328236158599164 7255 25 True
car 25.72004050694555 -1.017416575221489 -2.9597586393356323 4.673638820648193 1.8118125200271606 1.441947340965271 0.0005018722835116917 -0.004301394619645366 4.311999167725223 7258 42 True
truck -14.734033309463022 21.218783260167697 -1.7705931663513184 8.46804141998291 2.8910882472991943 3.8274123668670654 1.5714938128797742 0.005259748002351123 -3.5693897788326607 7261 328 True
car -14.734555163910525 34.27163970621132 -2.847781002521515 4.611005783081055 2.241713285446167 1.6672759056091309 1.5711745001347859 0.0011367224886231321 -1.820191440955556 7260 28 True
car -10.733195881649428 30.179501715948504 -2.8688663840293884 4.855708599090576 2.0327565670013428 1.6493593454360962 -1.5703431259229794 0.00571907586848968 -5.894390250227308 7242 43 True
car -14.701280239028387 -29.572781725712616 -2.8615198135375977 5.237514495849609 1.9297595024108887 1.638383150100708 1.5677400904939438 -6.140340967638233e-05 0.0022896873456571946 7243 41 True
motorcycle -10.741369593333875 58.67831154152941 -2.9150615334510803 2.0333523750305176 0.8025798797607422 1.4992752075195312 -1.5706889707048828 -8.351987834277631e-10 -5.677765968930755e-09 7257 1 True
pedestrian 4.397565167919129 3.2750927857788383 -2.624348282814026 0.3753577768802643 0.3753577768802643 1.8600000143051147 0.007332475235833062 -0.01942848353254876 1.371036920544952 7251 31 True
pedestrian -19.7738758709819 -29.071218455791666 -2.623170256614685 0.9953577518463135 0.3753577768802643 1.8600000143051147 1.5859387864312067 0.11115211319844252 -3.263534734929408 7249 3 True
pedestrian 7.062313912811671 -8.281551450012955 -2.614869236946106 0.3753577768802643 0.3753577768802643 1.8600000143051147 -2.840674356282552 -0.4169156501770685 0.6132878492704958 7245 16 True
pedestrian -17.750098037111428 6.025000725854568 -2.6235408782958984 0.3753577768802643 0.3753577768802643 1.8600000143051147 1.1399805880415175 -1.2390587950939251 -1.5344862138344832 7247 6 True
pedestrian 10.981980767132189 3.3956893325569126 -2.624346613883972 0.3753577768802643 0.3753577768802643 1.8600000143051147 0.023596253117455373 -0.07747965143738703 1.6604505283597248 7253 26 True