0.0 0.0
car 59.850360540651764 14.789910224637367 -2.7340167760849 4.181210041046143 1.994117259979248 1.3805816173553467 3.141586138419681 0.0 0.0 20001 8 True
car 59.410046759924626 89.06812432238141 -2.759573519229889 5.357479572296143 2.033203125 1.4147460460662842 3.1415866710514493 0.0 0.0 20003 0 False
car 82.3799952485082 21.999321835362764 -2.4693764448165894 4.4777727127075195 2.069315195083618 2.0377910137176514 -1.570798462106366 0.0 0.0 20011 0 False
car 36.237624702257264 -58.472966715467635 -2.918009877204895 3.633375883102417 1.845113754272461 1.5012825727462769 0.001003611409081353 -0.011255642843271862 5.5529744669818895 7259 0 False
car -10.733468316977307 31.02819556397543 -2.7836172580718994 4.552699089050293 2.097072124481201 1.7671663761138916 -1.5701785205353127 0.009073405436756042 -8.082339462855499 7256 33 True
car 5.210240835576144 -5.029260122063533 -2.9601815938949585 4.673638820648193 1.8118125200271606 1.441947340965271 -3.1411479156324598 -0.006914135275318081 7.4255360537681 7244 905 True
car 21.817164887414016 -5.033097321935827 -2.9600108861923218 4.673638820648193 1.8118125200271606 1.441947340965271 3.140161215282016 0.025298356052260433 8.267840378212812 7255 58 True
car 35.95088310443143 -1.0121508971358821 -2.959790349006653 4.673638820648193 1.8118125200271606 1.441947340965271 0.0004195806753370497 -0.0060923329224156775 5.748590496194267 7258 23 True
truck -14.73832182720067 28.547732240601533 -1.769195795059204 8.46804141998291 2.8910882472991943 3.8274123668670654 1.571417912852817 0.006409023889904137 -5.140472368718289 7261 176 True
car -14.738110872912227 42.06204498448113 -2.848158895969391 4.611005783081055 2.241713285446167 1.6672759056091309 1.5712735696436562 0.004028231470157001 -6.951217661620962 7260 11 True
car -10.722331684654455 10.075986076190418 -2.867350161075592 4.855708599090576 2.0327565670013428 1.6493593454360962 -1.5702612729948024 0.015081690665136586 -14.107650140842617 7242 300 True
car -14.701211578447372 -29.57571141330567 -2.861320674419403 5.237514495849609 1.9297595024108887 1.638383150100708 1.5677400904939438 3.66970338097451e-05 0.013133871070000207 7243 38 True
motorcycle -10.739980253958937 48.00002784822101 -2.91413015127182 2.0333523750305176 0.8025798797607422 1.4992746114730835 -1.570635716004861 0.0023169173665640447 -7.242995823410159 7257 3 True
pedestrian 7.015096241760748 3.46039197336421 -2.624348282814026 0.3753577768802643 0.3753577768802643 1.8600000143051147 0.14979882320361665 -0.47240996708533756 1.5228952727858716 7251 23 True
pedestrian -19.798906339940878 -23.33446305077075 -2.623170256614685 0.9953577518463135 0.3753577768802643 1.8600000143051147 1.572918869175381 0.020412712095502373 -3.018713387031546 7249 7 True
pedestrian 4.454082671404574 -8.761680972465854 -2.614869236946106 0.3753577768802643 0.3753577768802643 1.8600000143051147 -2.8109099609743753 -0.8537587920547067 1.1588211108595423 7245 15 True
pedestrian -11.52261153674354 5.8558028344008335 -2.7275222539901733 0.9953577518463135 0.3753577768802643 1.8600000143051147 -0.06483646618567572 0.47681133857452274 3.509309739771768 7247 28 True
pedestrian 14.119435991931777 3.571496848841093 -2.624346613883972 0.3753577768802643 0.3753577768802643 1.8600000143051147 0.0316379275525411 -0.12466511244887615 1.7409705981215315 7253 9 True