0.0 0.0
car 59.850360540651764 14.789910224637367 -2.7340167760849 4.181210041046143 1.994117259979248 1.3805816173553467 3.141586138419681 0.0 0.0 20001 3 True
car 59.410046759924626 89.06812432238141 -2.759573519229889 5.357479572296143 2.033203125 1.4147460460662842 3.1415866710514493 0.0 0.0 20003 0 False
car 82.3799952485082 21.999321835362764 -2.4693764448165894 4.4777727127075195 2.069315195083618 2.0377910137176514 -1.570798462106366 0.0 0.0 20011 0 False
car -10.729084639357511 23.018216309973923 -2.7847142219543457 4.552699089050293 2.097072124481201 1.7671663761138916 -1.5710509295645818 5.554290023447036e-10 1.3790797658746092e-10 7256 59 True
car 6.293779254561905 -58.25063610208923 -2.960014820098877 4.673638820648193 1.8118125200271606 1.441947340965271 -0.04130479467010498 0.8299652958800952 10.371378771892616 7244 0 False
car -10.689318423915031 -43.914889212782725 -2.9596986770629883 4.673638820648193 1.8118125200271606 1.441947340965271 -1.5698230645766755 0.029027001060139106 -11.01689999080338 7255 17 True
car 113.53595629348193 0.1872373822459963 -2.9598918557167053 4.673638820648193 1.8118125200271606 1.441947340965271 0.4275215492100185 -6.840143806708824 5.029186772145413 7258 0 True
truck -14.750397490249403 89.77902498168604 -1.7694990634918213 8.46804141998291 2.8910882472991943 3.8274123668670654 1.5709784916441174 0.0038281701263036256 -10.347470886375264 7261 0 True
car 32.638846925389224 -58.47729533516883 -2.8608372807502747 4.855708599090576 2.0327565670013428 1.6493593454360962 0.0008214513443840875 9.350649422987946e-05 0.00032493592539844883 7242 0 False
car -14.702188891264335 -24.850857896347748 -2.861320674419403 5.237514495849609 1.9297595024108887 1.638383150100708 1.5710104495502046 -7.627007340589252e-08 -1.5927104666376207e-07 7243 46 True
motorcycle -10.732168626309415 29.584988775102318 -2.915061354637146 2.0333523750305176 0.8025798797607422 1.4992756843566895 -1.5702782453984199 -3.4307121371437936e-08 6.46039215700028e-09 7257 5 True
pedestrian 18.82614330276083 3.8003417895488383 -2.624348282814026 0.3753577768802643 0.3753577768802643 1.8600000143051147 0.022158679975297715 -0.0732198421602843 1.6818471733346356 7251 10 True
pedestrian -18.243198645916337 2.1793898217399033 -2.623170256614685 0.9953577518463135 0.3753577768802643 1.8600000143051147 1.4986007585695054 -0.516106178623773 -3.5493617736140264 7249 8 True
pedestrian -2.4811857184550714 -3.1221452078855236 -2.727522134780884 0.3753577768802643 0.3753577768802643 1.8600000143051147 1.8851148547939724 1.0312401625838206 -1.4186442427846875 7245 72 True
pedestrian -11.994044181052566 4.302885992726829 -3.491351544857025 0.3753577768802643 0.3753577768802643 1.8600000143051147 2.664917857017517 -0.05558277662541088 0.029147367214358347 7247 23 True
pedestrian 27.658226334557327 4.009466784847859 -2.624346613883972 0.3753577768802643 0.3753577768802643 1.8600000143051147 -0.0023212092454698353 0.007363409972510128 1.8259155772373212 7253 3 True