0.0 0.0
car 59.850360540651764 14.789910224637367 -2.7340167760849 4.181210041046143 1.994117259979248 1.3805816173553467 3.141586138419681 0.0 0.0 20001 4 True
car 59.410046759924626 89.06812432238141 -2.759573519229889 5.357479572296143 2.033203125 1.4147460460662842 3.1415866710514493 0.0 0.0 20003 0 False
car 82.3799952485082 21.999321835362764 -2.4693764448165894 4.4777727127075195 2.069315195083618 2.0377910137176514 -1.570798462106366 0.0 0.0 20011 0 False
car 30.645289946879224 -58.47891006551282 -2.9176031947135925 3.633375883102417 1.845113754272461 1.5012825727462769 0.0011751188384162056 -0.0055472669684479975 2.360805574787721 7259 0 False
car -10.739130704267257 42.329007339246914 -2.7837793231010437 4.552699089050293 2.097072124481201 1.7671663761138916 -1.5704378019999854 0.004471522959794411 -5.5595652762717265 7256 26 True
car 19.90644408045481 -5.01963648093016 -2.9595033526420593 4.673638820648193 1.8118125200271606 1.441947340965271 -3.1408838634334137 -0.01036467992038799 7.321131066127213 7244 88 True
car 34.77924315449856 -4.905734514633195 -2.959509313106537 4.673638820648193 1.8118125200271606 1.441947340965271 -3.0533848476197982 -1.0960046757570407 7.367880900901138 7255 22 True
car 27.2388584101696 -1.0162284476933792 -2.9595519304275513 4.673638820648193 1.8118125200271606 1.441947340965271 0.0005701823077731661 -0.006133045094108648 5.396036782778583 7258 49 True
truck -14.734642035876643 22.242190243416303 -1.7690593004226685 8.46804141998291 2.8910882472991943 3.8274123668670654 1.5714693118184406 0.004513830478131639 -3.2468253217579 7261 300 True
car -14.734774082346483 34.9384182709623 -2.8478379249572754 4.611005783081055 2.241713285446167 1.6672759056091309 1.571148401178148 0.0016606828153127228 -2.59453086464111 7260 15 True
car -10.732106450873951 28.139126958609154 -2.869694948196411 4.855708599090576 2.0327565670013428 1.6493593454360962 -1.5698717682643064 0.012382274546371759 -7.784093788378064 7242 48 True
car -14.701224810099587 -29.575284167194013 -2.8613582849502563 5.237514495849609 1.9297595024108887 1.638383150100708 1.567740889441596 -5.5909245518121536e-05 0.0016534960875550608 7243 42 True
motorcycle -10.74132659239671 58.21362037936092 -2.912675678730011 2.0333523750305176 0.8025798797607422 1.499274730682373 -1.5706984978207896 0.0007101664254130079 -3.634370446968796 7257 3 True
pedestrian 4.809762285050063 3.27811346748058 -2.624348282814026 0.3753577768802643 0.3753577768802643 1.8600000143051147 0.007441664748297797 -0.019599450917095567 1.3738911667521974 7251 59 True
pedestrian -19.78446366702518 -28.09209246488075 -2.623170256614685 0.9953577518463135 0.3753577768802643 1.8600000143051147 1.582912106408861 0.07704261138458948 -3.2055517482876654 7249 5 True
pedestrian 6.550953577913923 -8.40438400906612 -2.614869236946106 0.3753577768802643 0.3753577768802643 1.8600000143051147 -2.918604509223938 -0.7111283373440814 1.3414296873333431 7245 30 True
pedestrian -16.85251859253632 6.210576902200728 -2.6235408782958984 0.9953577518463135 0.3753577768802643 1.8600000143051147 0.09118948817698161 -1.92529555912529 2.7293821921561197 7247 17 True
pedestrian 11.481173974870387 3.4076515467683635 -2.624346613883972 0.3753577768802643 0.3753577768802643 1.8600000143051147 0.02389106480111016 -0.07880150509107958 1.6625567713046165 7253 19 True