0.0 0.0
car 59.850360540651764 14.789910224637367 -2.7340167760849 4.181210041046143 1.994117259979248 1.3805816173553467 3.141586138419681 0.0 0.0 20001 5 True
car 59.410046759924626 89.06812432238141 -2.759573519229889 5.357479572296143 2.033203125 1.4147460460662842 3.1415866710514493 0.0 0.0 20003 0 False
car 82.3799952485082 21.999321835362764 -2.4693764448165894 4.4777727127075195 2.069315195083618 2.0377910137176514 -1.570798462106366 0.0 0.0 20011 0 False
car 66.23570595923744 -58.43632523436713 -2.9176741242408752 3.633375883102417 1.845113754272461 1.5012825727462769 0.0011241193466186522 -0.03082191465141123 13.871461425065757 7259 0 False
car -10.729084639357511 23.018216309973923 -2.7847142219543457 4.552699089050293 2.097072124481201 1.7671663761138916 -1.5710509295645818 -1.7207345998655617e-08 6.855735602634206e-09 7256 54 True
car -10.310320005929654 -16.01217976534201 -2.9594789147377014 4.673638820648193 1.8118125200271606 1.441947340965271 -1.688010024854607 -1.1659723612785546 -5.387692009794012 7244 112 True
car -3.351099882804329 -5.314374253753499 -2.959972858428955 4.673638820648193 1.8118125200271606 1.441947340965271 -2.9936934711562264 -2.720372814722463 7.664001220506444 7255 942 True
car 73.8817646385013 -0.9872389150870617 -2.9600191712379456 4.673638820648193 1.8118125200271606 1.441947340965271 0.0006167875874837239 -0.018671298886082162 14.926904766993976 7258 0 True
truck -14.745450368186175 48.20730866631254 -1.7696318626403809 8.46804141998291 2.8910882472991943 3.8274123668670654 1.5710727674670748 0.0045640599404385175 -7.922149015232051 7261 64 True
car -14.743398078968433 74.41107453272042 -2.84686940908432 4.611005783081055 2.241713285446167 1.6672759056091309 1.5710200369220308 0.006246886238763008 -13.785915178728377 7260 0 True
car -10.698902623603573 -34.7736233306386 -2.8679521679878235 4.855708599090576 2.0327565670013428 1.6493593454360962 -1.57022663977141 0.019618875133020117 -17.151236177139 7242 35 True
car -14.702188891222983 -24.850827378769623 -2.8613211512565613 5.237514495849609 1.9297595024108887 1.638383150100708 1.5710104495502046 -2.2488935172918153e-08 3.442532574367371e-05 7243 36 True
motorcycle -10.734624906992 34.00353736242312 -2.9167632460594177 2.0333523750305176 0.8025798797607422 1.499274730682373 -1.5701745283977928 0.002111863649389001 -1.7016133247474243 7257 8 True
pedestrian 11.6667841167796 3.647061695655168 -2.624348282814026 0.3753577768802643 0.3753577768802643 1.8600000143051147 0.015726352427588568 -0.04818973593964618 1.523942320065208 7251 16 True
pedestrian -19.62332108237733 -13.490225007423078 -2.623170256614685 0.9953577518463135 0.3753577768802643 1.8600000143051147 1.5391819729826184 -0.2113378218271535 -3.570103703010562 7249 7 True
pedestrian 0.6766031991486159 -8.98344709416483 -2.614869236946106 0.3753577768802643 0.3753577768802643 1.8600000143051147 3.065693435149299 0.08584180843971102 0.7785448718788013 7245 14 True
pedestrian -12.291106519316255 4.456206707750596 -3.491358757019043 0.3753577768802643 0.3753577768802643 1.8600000143051147 2.6649330370229083 0.04693362895708314 -0.023424659266608302 7247 34 True
pedestrian 19.514972840625447 3.8858511100818873 -2.624346613883972 0.3753577768802643 0.3753577768802643 1.8600000143051147 0.05717016398917304 -0.20636351477867818 1.7872222417687862 7253 12 True