0.0 0.0
car 59.850360540651764 14.789910224637367 -2.7340167760849 4.181210041046143 1.994117259979248 1.3805816173553467 3.141586138419681 0.0 0.0 20001 5 True
car 59.410046759924626 89.06812432238141 -2.759573519229889 5.357479572296143 2.033203125 1.4147460460662842 3.1415866710514493 0.0 0.0 20003 0 False
car 82.3799952485082 21.999321835362764 -2.4693764448165894 4.4777727127075195 2.069315195083618 2.0377910137176514 -1.570798462106366 0.0 0.0 20011 0 False
car -10.729084639357511 23.018216309973923 -2.7847142219543457 4.552699089050293 2.097072124481201 1.7671663761138916 -1.5710509295645818 2.519546366721489e-10 1.9579446433390404e-10 7256 73 True
car 1.850700513379742 -58.06349629259461 -2.9592875838279724 4.673638820648193 1.8118125200271606 1.441947340965271 -0.03469523390155368 0.787335895768989 10.874661631254957 7244 0 False
car -10.689467690460503 -39.88016020866684 -2.9599640369415283 4.673638820648193 1.8118125200271606 1.441947340965271 -1.571512188740793 -0.012121661555666552 -9.243925840701541 7255 10 True
car 110.42809818665687 -0.8137349690660471 -2.9596638679504395 4.673638820648193 1.8118125200271606 1.441947340965271 0.07682653991783989 -1.4835885352362348 7.336786035999307 7258 0 True
truck -14.749641545162492 85.6729001027245 -1.7695060968399048 8.46804141998291 2.8910882472991943 3.8274123668670654 1.5709140432001747 0.0024924252856282562 -10.174306719232451 7261 0 True
car 31.01752429082407 -58.479307298411015 -2.8658652901649475 4.855708599090576 2.0327565670013428 1.6493593454360962 0.0010181256247626409 -0.018626813490416505 7.661853445753283 7242 0 False
car -14.702188891264335 -24.850857896347748 -2.861320674419403 5.237514495849609 1.9297595024108887 1.638383150100708 1.5710104495502046 -4.8072479480385716e-08 6.788991879060463e-08 7243 52 True
motorcycle -10.732168626309415 29.584988775102318 -2.915061354637146 2.0333523750305176 0.8025798797607422 1.4992756843566895 -1.5702782453984199 5.667512835500655e-08 1.2044926269736533e-08 7257 6 True
pedestrian 18.15215112576417 3.785572195004818 -2.624348282814026 0.3753577768802643 0.3753577768802643 1.8600000143051147 0.021005532197316486 -0.07083164629233996 1.6977636173688686 7251 7 True
pedestrian -18.346686646119252 0.7483291709492619 -2.623170256614685 0.9953577518463135 0.3753577768802643 1.8600000143051147 1.498598628042433 -0.5161746580053936 -3.5493561779550835 7249 8 True
pedestrian -2.2643134534586 -3.7892597595641178 -2.727522134780884 0.3753577768802643 0.3753577768802643 1.8600000143051147 1.8851148547939724 1.0312401625838206 -1.4186442427846875 7245 85 True
pedestrian -12.025081311239116 4.318846728141978 -3.4913735687732697 0.3753577768802643 0.3753577768802643 1.8600000143051147 2.664918256491343 -0.04500799641056899 0.024809071090126 7247 25 True
pedestrian 26.92795213692979 4.011542969691789 -2.624346613883972 0.3753577768802643 0.3753577768802643 1.8600000143051147 0.0057301857193840875 -0.03466854645674108 1.8235617045860808 7253 1 True