0.0 0.0
car 59.850360540651764 14.789910224637367 -2.7340167760849 4.181210041046143 1.994117259979248 1.3805816173553467 3.141586138419681 0.0 0.0 20001 3 True
car 59.410046759924626 89.06812432238141 -2.759573519229889 5.357479572296143 2.033203125 1.4147460460662842 3.1415866710514493 0.0 0.0 20003 0 False
car 82.3799952485082 21.999321835362764 -2.4693764448165894 4.4777727127075195 2.069315195083618 2.0377910137176514 -1.570798462106366 0.0 0.0 20011 0 False
car -10.729084639357511 23.018216309973923 -2.7847142219543457 4.552699089050293 2.097072124481201 1.7671663761138916 -1.5710509295645818 1.0941072204983303e-09 1.833754638078224e-10 7256 77 True
car -6.62785849890153 -55.948433534497326 -2.9078487157821655 4.673638820648193 1.8118125200271606 1.441947340965271 -0.5707921045686933 13.322001799755194 3.3554829233072327 7244 0 True
car -10.675384328429283 -31.803622141797632 -2.9597715735435486 4.673638820648193 1.8118125200271606 1.441947340965271 -1.574617964515686 -0.08217561994484009 -11.085355442637358 7255 23 True
car 105.7712528817904 -0.9702533171811183 -2.9601667523384094 4.673638820648193 1.8118125200271606 1.441947340965271 0.00014527531475490993 -0.0008120847165176702 5.159015170178468 7258 0 True
truck -14.74849485957492 77.67547883650758 -1.7695192098617554 8.46804141998291 2.8910882472991943 3.8274123668670654 1.5708607800233627 0.0013623166426808694 -9.806488945170365 7261 0 True
car 22.77462724158441 -58.49077073854903 -2.8651599287986755 4.855708599090576 2.0327565670013428 1.6493593454360962 0.002012282819959852 -0.05155261410189014 13.325655342461301 7242 0 False
car -14.702188891264335 -24.850857896347748 -2.861320674419403 5.237514495849609 1.9297595024108887 1.638383150100708 1.5710104495502046 -7.128587895247795e-08 8.344750014387074e-08 7243 45 True
motorcycle -10.732168626309415 29.584988775102318 -2.91506165266037 2.0333523750305176 0.8025798797607422 1.4992752075195312 -1.5702782453984199 4.54089157453422e-09 5.09874312839837e-07 7257 10 True
pedestrian 16.794853190505766 3.7575894150211866 -2.624348282814026 0.3753577768802643 0.3753577768802643 1.8600000143051147 0.026309346186319988 -0.09391352634643776 1.6086818739856967 7251 2 True
pedestrian -18.54428260699986 -1.9840619187324364 -2.623170256614685 0.3753577768802643 0.3753577768802643 1.8600000143051147 1.4933761735560098 -0.07225222816071071 -0.4457470481602492 7249 4 True
pedestrian -1.8305717844472547 -5.123458345339259 -2.727522134780884 0.3753577768802643 0.3753577768802643 1.8600000143051147 1.8851148547939724 1.0312401625838206 -1.4186442427846875 7245 82 True
pedestrian -12.085894040173935 4.350127328122255 -3.4914027005434036 0.3753577768802643 0.3753577768802643 1.8600000143051147 2.6649191885969374 -0.017621432053252045 0.011242771328485883 7247 33 True
pedestrian 25.469364464931402 3.9927156003946607 -2.624346613883972 0.3753577768802643 0.3753577768802643 1.8600000143051147 0.021544022914886475 -0.04700970245304049 1.8190382517774901 7253 4 True