0.0 0.0
car 59.850360540651764 14.789910224637367 -2.7340167760849 4.181210041046143 1.994117259979248 1.3805816173553467 3.141586138419681 0.0 0.0 20001 7 True
car 59.410046759924626 89.06812432238141 -2.759573519229889 5.357479572296143 2.033203125 1.4147460460662842 3.1415866710514493 0.0 0.0 20003 0 False
car 82.3799952485082 21.999321835362764 -2.4693764448165894 4.4777727127075195 2.069315195083618 2.0377910137176514 -1.570798462106366 0.0 0.0 20011 0 False
car -10.729084639357511 23.018216309973923 -2.7847142219543457 4.552699089050293 2.097072124481201 1.7671663761138916 -1.5710509295645818 1.2453529312525924e-09 1.5407933649138654e-10 7256 63 True
car -3.340367722436291 -57.75834399495449 -2.9588552117347717 4.673638820648193 1.8118125200271606 1.441947340965271 -0.06608775136693318 3.4745474540711174 10.596451060651239 7244 0 True
car -10.684040771774388 -35.103609923042825 -2.959941327571869 4.673638820648193 1.8118125200271606 1.441947340965271 -1.5727431006919013 -0.040067290581858324 -10.567383515954985 7255 28 True
car 107.29919173312365 -0.9639382488870183 -2.9598652124404907 4.673638820648193 1.8118125200271606 1.441947340965271 0.005371325065612793 -0.10192914361019512 5.3954273966753465 7258 0 True
truck -14.748958381563412 80.63991059983644 -1.7695143222808838 8.46804141998291 2.8910882472991943 3.8274123668670654 1.5709276253102622 0.002673552037839031 -9.94776994157493 7261 0 True
car 26.40595964715029 -58.484794213741054 -2.865329325199127 4.855708599090576 2.0327565670013428 1.6493593454360962 0.0011459572491115994 -0.027111544486982445 10.993550313867408 7242 0 False
car -14.702188891264335 -24.850857896347748 -2.861320674419403 5.237514495849609 1.9297595024108887 1.638383150100708 1.5710104495502046 9.607810172972802e-08 2.5514992029318416e-08 7243 34 True
motorcycle -10.732168626309415 29.584988775102318 -2.9150615334510803 2.0333523750305176 0.8025798797607422 1.4992754459381104 -1.5702782453984199 3.802108484818914e-09 1.3679461393334158e-08 7257 7 True
pedestrian 17.30200194715843 3.7679036692340446 -2.624348282814026 0.3753577768802643 0.3753577768802643 1.8600000143051147 0.020712717882792154 -0.07250387928953096 1.6893391830833162 7251 10 True
pedestrian -18.47608836957255 -1.0404584955098244 -2.623170256614685 0.9953577518463135 0.3753577768802643 1.8600000143051147 1.498268396346198 -0.297083854479867 -2.0181528785608127 7249 11 True
pedestrian -1.9932231222130117 -4.623152949162318 -2.727522134780884 0.3753577768802643 0.3753577768802643 1.8600000143051147 1.8851148547939724 1.0312401625838206 -1.4186442427846875 7245 76 True
pedestrian -12.063718266718737 4.338744241433119 -3.491361141204834 0.3753577768802643 0.3753577768802643 1.8600000143051147 2.6649191885969374 -0.02878472359524105 0.014786058672067013 7247 31 True
pedestrian 26.016346297172056 4.008004165867533 -2.624346613883972 0.3753577768802643 0.3753577768802643 1.8600000143051147 0.012026559008280435 -0.08751238523113442 1.8194403416511489 7253 6 True