0.0 0.0
car 59.850360540651764 14.789910224637367 -2.7340167760849 4.181210041046143 1.994117259979248 1.3805816173553467 3.141586138419681 0.0 0.0 20001 3 True
car 59.410046759924626 89.06812432238141 -2.759573519229889 5.357479572296143 2.033203125 1.4147460460662842 3.1415866710514493 0.0 0.0 20003 0 False
car 82.3799952485082 21.999321835362764 -2.4693764448165894 4.4777727127075195 2.069315195083618 2.0377910137176514 -1.570798462106366 0.0 0.0 20011 0 False
car 99.93683969102779 -58.433593800249696 -2.9175091981887817 3.633375883102417 1.845113754272461 1.5012825727462769 -0.0003824296095106337 0.014659771171458731 18.008041141177927 7259 0 False
car -10.729084639357511 23.018216309973923 -2.7847142219543457 4.552699089050293 2.097072124481201 1.7671663761138916 -1.5710509295645818 -6.984921239904089e-10 -1.0404357083224336e-10 7256 54 True
car -10.690047274980234 -39.344149465692965 -2.9597801566123962 4.673638820648193 1.8118125200271606 1.441947340965271 -1.5710701043082342 -0.008527856427861453 -14.326156111929697 7244 13 True
car -10.463379303718659 -18.867007438809196 -2.9595027565956116 4.673638820648193 1.8118125200271606 1.441947340965271 -1.6332948272636731 -1.1296888657553998 -9.674891978134973 7255 94 True
car 97.31335187452838 -0.974880528485869 -2.9599697589874268 4.673638820648193 1.8118125200271606 1.441947340965271 0.0005775059945848253 -0.010527050005692437 8.221269574704367 7258 0 True
truck -14.74769183782059 66.25918855219538 -1.769538164138794 8.46804141998291 2.8910882472991943 3.8274123668670654 1.570834947382609 0.000810539035014236 -9.201651008350298 7261 36 True
car -14.745670199917924 103.09738435030496 -2.8463863730430603 4.611005783081055 2.241713285446167 1.6672759056091309 1.570962779006958 0.0025052067985286185 -13.647449460572767 7260 0 True
car 3.1366322120625902 -58.68504954872242 -2.874776005744934 4.855708599090576 2.0327565670013428 1.6493593454360962 0.06473726351886325 -1.6725755517182954 15.613132300763496 7242 0 False
car -14.702188891264335 -24.850857896347748 -2.861320674419403 5.237514495849609 1.9297595024108887 1.638383150100708 1.5710104495502046 1.4083479460599715e-07 -3.370550563746264e-08 7243 25 True
motorcycle -10.732165287001997 29.586056890332145 -2.9153517484664917 2.0333523750305176 0.8025798797607422 1.499274730682373 -1.570276403130984 -1.1432775973179257e-05 0.001334849413527516 7257 8 True
pedestrian 14.894658961255736 3.7124564917631346 -2.624348282814026 0.3753577768802643 0.3753577768802643 1.8600000143051147 0.018338511776394312 -0.06038617965791907 1.545734602122591 7251 7 True
pedestrian -18.909590134722784 -6.00014418741506 -2.623170256614685 0.9953577518463135 0.3753577768802643 1.8600000143051147 1.4638750314992268 -0.7609173434403931 -3.505220422428005 7249 8 True
pedestrian -1.1799654799166728 -7.1248325179388985 -2.614869236946106 0.3753577768802643 0.3753577768802643 1.8600000143051147 1.8877164946653577 1.0571989482264392 -1.3987855303275547 7245 36 True
pedestrian -12.166333253395573 4.3916923785247945 -3.4913492500782013 0.3753577768802643 0.3753577768802643 1.8600000143051147 2.664921185966068 0.0140776814624863 -0.006987215964356617 7247 26 True
pedestrian 23.291244768456423 3.9653748017762496 -2.624346613883972 0.3753577768802643 0.3753577768802643 1.8600000143051147 0.024150589630126954 -0.06398215000003611 1.8076245717216575 7253 4 True