0.0 0.0
car 59.850360540651764 14.789910224637367 -2.7340167760849 4.181210041046143 1.994117259979248 1.3805816173553467 3.141586138419681 0.0 0.0 20001 1 True
car 59.410046759924626 89.06812432238141 -2.759573519229889 5.357479572296143 2.033203125 1.4147460460662842 3.1415866710514493 0.0 0.0 20003 0 False
car 82.3799952485082 21.999321835362764 -2.4693764448165894 4.4777727127075195 2.069315195083618 2.0377910137176514 -1.570798462106366 0.0 0.0 20011 0 False
car -10.729084639357511 23.018216309973923 -2.7847142219543457 4.552699089050293 2.097072124481201 1.7671663761138916 -1.5710509295645818 1.229954548770952e-10 -1.912374470426178e-10 7256 73 True
car -0.24764803544739067 -58.0127732344601 -2.957940459251404 4.673638820648193 1.8118125200271606 1.441947340965271 0.015304907541063097 0.020266362948182896 10.15356188857233 7244 0 False
car -10.688043513373456 -38.04468047426508 -2.9600254893302917 4.673638820648193 1.8118125200271606 1.441947340965271 -1.571916455927704 -0.0199454042218565 -9.434189062419765 7255 14 True
car 109.01414234794946 -0.9246034144650821 -2.9596980810165405 4.673638820648193 1.8118125200271606 1.441947340965271 0.02555061223263211 -0.5273967098720345 6.549183884106466 7258 0 True
truck -14.749374163204886 83.64613618634286 -1.7695094347000122 8.46804141998291 2.8910882472991943 3.8274123668670654 1.5709228316243489 0.0026350172753734635 -10.08503420077531 7261 0 True
car 29.36910586174659 -58.48119715462548 -2.8656288385391235 4.855708599090576 2.0327565670013428 1.6493593454360962 0.000953544022878011 -0.018578868713144847 8.88907858386926 7242 0 False
car -14.702188891264335 -24.850857896347748 -2.861320674419403 5.237514495849609 1.9297595024108887 1.638383150100708 1.5710104495502046 -3.7143425762324104e-08 1.9969531272388705e-08 7243 47 True
motorcycle -10.732168626309415 29.584988775102318 -2.915061354637146 2.0333523750305176 0.8025798797607422 1.4992756843566895 -1.5702782453984199 -5.7039729770697626e-08 -2.145336850868304e-09 7257 8 True
pedestrian 17.812788017943333 3.778431541565169 -2.624348282814026 0.3753577768802643 0.3753577768802643 1.8600000143051147 0.02066597944513957 -0.07037430353723914 1.7035481121074647 7251 1 True
pedestrian -18.398432553548666 0.03281410434561849 -2.623170256614685 0.9953577518463135 0.3753577768802643 1.8600000143051147 1.498581317509969 -0.5166008552331152 -3.5493210598204525 7249 2 True
pedestrian -2.1558773209603643 -4.122817035403386 -2.727522134780884 0.3753577768802643 0.3753577768802643 1.8600000143051147 1.8851148547939724 1.0312401625838206 -1.4186442427846875 7245 51 True
pedestrian -12.040753030363764 4.3269033900023715 -3.491359680891037 0.3753577768802643 0.3753577768802643 1.8600000143051147 2.664918789123111 -0.03886573011992683 0.020983683263779442 7247 24 True
pedestrian 26.563236553025142 4.005836676776994 -2.624346613883972 0.3753577768802643 0.3753577768802643 1.8600000143051147 -0.002878075759039985 0.002902968217016451 1.822997287754008 7253 5 True