0.0 0.0
car 59.850360540651764 14.789910224637367 -2.7340167760849 4.181210041046143 1.994117259979248 1.3805816173553467 3.141586138419681 0.0 0.0 20001 9 True
car 59.410046759924626 89.06812432238141 -2.759573519229889 5.357479572296143 2.033203125 1.4147460460662842 3.1415866710514493 0.0 0.0 20003 0 False
car 82.3799952485082 21.999321835362764 -2.4693764448165894 4.4777727127075195 2.069315195083618 2.0377910137176514 -1.570798462106366 0.0 0.0 20011 0 False
car -10.729084639357511 23.018216309973923 -2.7847142219543457 4.552699089050293 2.097072124481201 1.7671663761138916 -1.5710509295645818 3.2593963641904493e-10 3.100812737516982e-10 7256 66 True
car 0.7822505830698159 -58.031207247174166 -2.9586695432662964 4.673638820648193 1.8118125200271606 1.441947340965271 -0.012583958153618707 0.38201154881551463 10.446718513592733 7244 0 False
car -10.688849184827554 -38.965090629425106 -2.960036814212799 4.673638820648193 1.8118125200271606 1.441947340965271 -1.5717225781591637 -0.015810125945778703 -9.105518682221495 7255 17 True
car 109.70156610958088 -0.8835887209335169 -2.9596440196037292 4.673638820648193 1.8118125200271606 1.441947340965271 0.04400537089241875 -0.7508872558310273 7.031883007759757 7258 0 True
truck -14.749509883760286 84.65729036133328 -1.769507646560669 8.46804141998291 2.8910882472991943 3.8274123668670654 1.5709185705702038 0.002568879977380106 -10.129895049855355 7261 0 True
car 30.22402148175957 -58.48037433843837 -2.8657615780830383 4.855708599090576 2.0327565670013428 1.6493593454360962 0.0009420924398634169 -0.01718074114636395 8.273657912358432 7242 0 False
car -14.702188891264335 -24.850857896347748 -2.861320674419403 5.237514495849609 1.9297595024108887 1.638383150100708 1.5710104495502046 -2.3060427893325432e-08 4.155908282965507e-08 7243 43 True
motorcycle -10.732168626309415 29.584988775102318 -2.915061354637146 2.0333523750305176 0.8025798797607422 1.4992756843566895 -1.5702782453984199 0.0 0.0 7257 6 True
pedestrian 17.98267938020336 3.782001868000691 -2.624348282814026 0.3753577768802643 0.3753577768802643 1.8600000143051147 0.02082363844850328 -0.07061226883783839 1.7020724588845029 7251 3 True
pedestrian -18.37255936137403 0.3906021552252241 -2.623170256614685 0.9953577518463135 0.3753577768802643 1.8600000143051147 1.498594100672404 -0.5163003276488229 -3.5493460166525432 7249 10 True
pedestrian -2.210095387209483 -3.9560383974837805 -2.727522134780884 0.3753577768802643 0.3753577768802643 1.8600000143051147 1.8851148547939724 1.0312401625838206 -1.4186442427846875 7245 73 True
pedestrian -12.032904832681323 4.322844541477309 -3.4914156794548035 0.3753577768802643 0.3753577768802643 1.8600000143051147 2.664918256491343 -0.04229880060678674 0.024449497779928196 7247 18 True
pedestrian 26.745514241152364 4.012245121194496 -2.624346613883972 0.3753577768802643 0.3753577768802643 1.8600000143051147 0.020019897110409204 -0.03337820177433675 1.8231346596304365 7253 4 True