0.0 0.0
car 59.850360540651764 14.789910224637367 -2.7340167760849 4.181210041046143 1.994117259979248 1.3805816173553467 3.141586138419681 0.0 0.0 20001 4 True
car 59.410046759924626 89.06812432238141 -2.759573519229889 5.357479572296143 2.033203125 1.4147460460662842 3.1415866710514493 0.0 0.0 20003 0 False
car 82.3799952485082 21.999321835362764 -2.4693764448165894 4.4777727127075195 2.069315195083618 2.0377910137176514 -1.570798462106366 0.0 0.0 20011 0 False
car 36.81553226525745 -58.472418182133936 -2.918170392513275 3.633375883102417 1.845113754272461 1.5012825727462769 0.0009740503459506563 -0.011738971839198743 5.959886992894275 7259 0 False
car -10.733048486037328 30.218564215748813 -2.783976912498474 4.552699089050293 2.097072124481201 1.7671663761138916 -1.5702239944926641 0.008032638388944167 -7.945792169688991 7256 30 True
car 4.4762396753706035 -5.029655855997646 -2.9600886702537537 4.673638820648193 1.8118125200271606 1.441947340965271 -3.141130605099996 -0.0070946299139857255 7.340436262248906 7244 925 True
car 20.978866091419306 -5.031906000482763 -2.9599191546440125 4.673638820648193 1.8118125200271606 1.441947340965271 3.1401931731881034 0.02544015990135256 8.527083052746415 7255 73 True
car 36.5955593134651 -1.0117550421652481 -2.959608495235443 4.673638820648193 1.8118125200271606 1.441947340965271 0.0004961464920043945 -0.006215358779933885 6.9299466064471 7258 18 True
truck -14.738697844970185 29.052218325096362 -1.7690227031707764 8.46804141998291 2.8910882472991943 3.8274123668670654 1.5713310938746134 0.005726600257825678 -5.026178874216507 7261 206 True
car -14.738272030577136 42.77566803157583 -2.8478426933288574 4.611005783081055 2.241713285446167 1.6672759056091309 1.5712243012051053 0.004880212172953912 -7.206522798948044 7260 11 True
car -10.721599097587003 8.702298331054635 -2.866194009780884 4.855708599090576 2.0327565670013428 1.6493593454360962 -1.5702639014012407 0.014260593102919852 -13.394987458379703 7242 348 True
car -14.701211574312198 -29.57265965549317 -2.861318528652191 5.237514495849609 1.9297595024108887 1.638383150100708 1.5677464820751614 7.960381979790808e-05 0.01920874142643291 7243 43 True
motorcycle -10.739860274609661 47.248685074619516 -2.913962483406067 2.0333523750305176 0.8025798797607422 1.499274730682373 -1.5706352756994004 0.0024775336245696374 -7.725411960563153 7257 4 True
pedestrian 7.174628820515949 3.4838292571954526 -2.624348282814026 0.3753577768802643 0.3753577768802643 1.8600000143051147 0.14741050235536363 -0.47012346265286 1.5331235369920149 7251 7 True
pedestrian -19.797284206722065 -23.031850748280704 -2.623170256614685 0.9953577518463135 0.3753577768802643 1.8600000143051147 1.5668708354483711 -0.0030694375018179144 -3.021886143388652 7249 7 True
pedestrian 4.300052746892991 -8.819481056722054 -2.614869236946106 0.3753577768802643 0.3753577768802643 1.8600000143051147 -2.793767873307122 -0.9309791240766484 1.1742049003859845 7245 21 True
pedestrian -11.507632334914973 5.649259845353413 -2.7275222539901733 0.9953577518463135 0.3753577768802643 1.8600000143051147 -0.06483646618567572 0.28377553522248444 2.127866405915375 7247 20 True
pedestrian 14.29398891640069 3.5766540830226745 -2.624346613883972 0.3753577768802643 0.3753577768802643 1.8600000143051147 0.030377587631225587 -0.11234307153743484 1.7422157876223234 7253 19 True