0.0 0.0
car 59.850360540651764 14.789910224637367 -2.7340167760849 4.181210041046143 1.994117259979248 1.3805816173553467 3.141586138419681 0.0 0.0 20001 6 True
car 59.410046759924626 89.06812432238141 -2.759573519229889 5.357479572296143 2.033203125 1.4147460460662842 3.1415866710514493 0.0 0.0 20003 0 False
car 82.3799952485082 21.999321835362764 -2.4693764448165894 4.4777727127075195 2.069315195083618 2.0377910137176514 -1.570798462106366 0.0 0.0 20011 0 False
car -10.729084639357511 23.018216309973923 -2.7847142219543457 4.552699089050293 2.097072124481201 1.7671663761138916 -1.5710509295645818 -1.0421573615975763e-10 -1.334057020425305e-10 7256 63 True
car -10.36674720788474 -48.35916455222298 -2.958746373653412 4.673638820648193 1.8118125200271606 1.441947340965271 -1.4152514435718324 4.411706925145976 -14.131399082904123 7244 10 True
car -10.634954742230857 -25.47369665945928 -2.9598739743232727 4.673638820648193 1.8118125200271606 1.441947340965271 -1.5815981017563143 -0.2402165320595165 -11.117633848093213 7255 46 True
car 101.77223707066625 -0.9724756816636955 -2.9598684906959534 4.673638820648193 1.8118125200271606 1.441947340965271 0.0007582013219197591 -0.01101112936783289 7.4467319637054485 7258 0 True
truck -14.74798177255282 71.87658967564545 -1.7695295810699463 8.46804141998291 2.8910882472991943 3.8274123668670654 1.5708410726479423 0.002759003588915805 -9.511943144780195 7261 19 True
car -14.746182188064337 111.29082001995906 -2.8463897705078125 4.611005783081055 2.241713285446167 1.6672759056091309 1.5708602473915947 0.0013587823180658618 -13.64731022770516 7260 0 True
car 13.411998300185441 -58.494176020810244 -2.866890609264374 4.855708599090576 2.0327565670013428 1.6493593454360962 -0.0044271020986768935 0.10982935757432925 17.57223225857773 7242 0 False
car -14.702188891264335 -24.850857896347748 -2.861320674419403 5.237514495849609 1.9297595024108887 1.638383150100708 1.5710104495502046 -2.0436725451438747e-09 9.545375385394783e-10 7243 47 True
motorcycle -10.732168626309415 29.584988775102318 -2.9150654077529907 2.0333523750305176 0.8025798797607422 1.499274730682373 -1.570278245040818 3.742846998933224e-08 1.851805874936546e-05 7257 9 True
pedestrian 15.835290858352444 3.735068742584815 -2.624348282814026 0.3753577768802643 0.3753577768802643 1.8600000143051147 0.028672100709703233 -0.07086842878546716 1.5717100439066063 7251 15 True
pedestrian -18.692211968575798 -3.8690409663364562 -2.623170256614685 0.9953577518463135 0.3753577768802643 1.8600000143051147 1.4889201761839124 -0.6731788910406611 -3.523153434259867 7249 10 True
pedestrian -1.5052691090397978 -6.124160690427516 -2.727522134780884 0.3753577768802643 0.3753577768802643 1.8600000143051147 1.8851241758499147 1.0313925664513466 -1.4185893102321245 7245 83 True
pedestrian -12.127376876955415 4.371550724175847 -3.4913575500249863 0.3753577768802643 0.3753577768802643 1.8600000143051147 2.6649201207025315 -0.0006730261600751538 0.0002551459565696452 7247 29 True
pedestrian 24.378746308064102 3.9755051641344608 -2.624346613883972 0.3753577768802643 0.3753577768802643 1.8600000143051147 0.007261502052730984 -0.04832663109153877 1.813564037810289 7253 7 True