0.0 0.0
car 59.850360540651764 14.789910224637367 -2.7340167760849 4.181210041046143 1.994117259979248 1.3805816173553467 3.141586138419681 0.0 0.0 20001 4 True
car 59.410046759924626 89.06812432238141 -2.759573519229889 5.357479572296143 2.033203125 1.4147460460662842 3.1415866710514493 0.0 0.0 20003 0 False
car 82.3799952485082 21.999321835362764 -2.4693764448165894 4.4777727127075195 2.069315195083618 2.0377910137176514 -1.570798462106366 0.0 0.0 20011 0 False
car 98.14362680143658 -58.43282843096887 -2.917513072490692 3.633375883102417 1.845113754272461 1.5012825727462769 -0.0004257059406704373 0.015116386514394816 17.839283372321248 7259 0 False
car -10.729084639357511 23.018216309973923 -2.7847142219543457 4.552699089050293 2.097072124481201 1.7671663761138916 -1.5710509295645818 8.576331960959514e-10 -6.552226531347725e-11 7256 60 True
car -10.689510110271485 -37.93088042344954 -2.9598506689071655 4.673638820648193 1.8118125200271606 1.441947340965271 -1.5712426770336145 -0.01289259210312609 -13.91506029647126 7244 25 True
car -10.408431849524618 -17.9297211363089 -2.9595285058021545 4.673638820648193 1.8118125200271606 1.441947340965271 -1.6487203842225868 -1.2887575661919484 -8.841384433920267 7255 92 True
car 96.4878971620354 -0.9753066560772936 -2.9600290656089783 4.673638820648193 1.8118125200271606 1.441947340965271 0.0004784364857143826 -0.008103706095939918 8.254489793499436 7258 0 True
truck -14.747643252156275 65.34125031970603 -1.7695387601852417 8.46804141998291 2.8910882472991943 3.8274123668670654 1.5708402737002902 0.0009024419226998445 -9.148430258258738 7261 33 True
car -14.745507541671012 101.73166169383205 -2.846390128135681 4.611005783081055 2.241713285446167 1.6672759056091309 1.5710429400880601 0.005835738624823457 -13.648524774993295 7260 0 True
car 1.5963002768106378 -58.754963233036335 -2.883470356464386 4.855708599090576 2.0327565670013428 1.6493593454360962 0.07957212352455986 -1.5903583981202924 14.939354555243035 7242 0 False
car -14.702188891264335 -24.850857896347748 -2.861320674419403 5.237514495849609 1.9297595024108887 1.638383150100708 1.5710104495502046 -1.954586205173484e-07 5.664216185632834e-08 7243 25 True
motorcycle -10.732163974211149 29.587155523142883 -2.9156984090805054 2.0333523750305176 0.8025798797607422 1.499274730682373 -1.5702706140114322 -1.8448016233645216e-06 0.0026753002634473584 7257 7 True
pedestrian 14.739875708963524 3.709954260090285 -2.624348282814026 0.3753577768802643 0.3753577768802643 1.8600000143051147 0.021711002974192303 -0.06323343703201792 1.5445479636895165 7251 8 True
pedestrian -18.947868720833867 -6.356772553516464 -2.623170256614685 0.9953577518463135 0.3753577768802643 1.8600000143051147 1.4638942062428792 -0.7604135104696913 -3.505281795724677 7249 5 True
pedestrian -1.1257493209748368 -7.291580638277821 -2.614869236946106 0.3753577768802643 0.3753577768802643 1.8600000143051147 1.8916220171051024 1.0915330566528039 -1.3727002871194782 7245 44 True
pedestrian -12.172577312348317 4.3949577678449145 -3.4913744926452637 0.3753577768802643 0.3753577768802643 1.8600000143051147 2.66492131912401 0.016746058237572654 -0.0073227811216766345 7247 22 True
pedestrian 23.11038996240928 3.958966355430732 -2.624346613883972 0.3753577768802643 0.3753577768802643 1.8600000143051147 0.007282008375803629 -0.04831723710143789 1.8071667494349917 7253 3 True