0.0 0.0
car 59.850360540651764 14.789910224637367 -2.7340167760849 4.181210041046143 1.994117259979248 1.3805816173553467 3.141586138419681 0.0 0.0 20001 4 True
car 59.410046759924626 89.06812432238141 -2.759573519229889 5.357479572296143 2.033203125 1.4147460460662842 3.1415866710514493 0.0 0.0 20003 0 False
car 82.3799952485082 21.999321835362764 -2.4693764448165894 4.4777727127075195 2.069315195083618 2.0377910137176514 -1.570798462106366 0.0 0.0 20011 0 False
car 76.44356882581226 -58.42706172240935 -2.917787194252014 3.633375883102417 1.845113754272461 1.5012825727462769 3.728422376844618e-06 -0.005543238159241353 15.420101145268184 7259 0 False
car -10.729084639357511 23.018216309973923 -2.7847142219543457 4.552699089050293 2.097072124481201 1.7671663761138916 -1.5710509295645818 7.652540223562203e-10 6.404128115534519e-10 7256 63 True
car -10.597076384542703 -21.36569500179303 -2.9593684673309326 4.673638820648193 1.8118125200271606 1.441947340965271 -1.6000447440234158 -0.5453722020030342 -9.956097681301584 7244 84 True
car -8.04081459121003 -8.33377707881965 -2.9598973393440247 4.673638820648193 1.8118125200271606 1.441947340965271 -2.254010157918718 -9.198468990471133 -2.4975552528913485 7255 249 True
car 83.34947704696509 -0.9827351424028734 -2.960064113140106 4.673638820648193 1.8118125200271606 1.441947340965271 0.0004034685643513997 -0.011404160986385817 12.278176794752422 7258 0 True
truck -14.74671816960034 53.91794099225967 -1.769582986831665 8.46804141998291 2.8910882472991943 3.8274123668670654 1.5709172389907837 0.002195154360896317 -8.388876274412077 7261 43 True
car -14.74545149316099 83.97528351989536 -2.846435785293579 4.611005783081055 2.241713285446167 1.6672759056091309 1.5709366800503202 0.002498816453612771 -13.644511145234754 7260 0 True
car -10.549076321092965 -46.727877684067835 -2.866864800453186 4.855708599090576 2.0327565670013428 1.6493593454360962 -1.4882336304795478 2.9519965603087437 -17.19731139282325 7242 19 True
car -14.702188891264335 -24.850857896347748 -2.861320674419403 5.237514495849609 1.9297595024108887 1.638383150100708 1.5710104495502046 -4.185161647456678e-08 9.520988433559482e-07 7243 35 True
motorcycle -10.733560325738608 32.0992710035552 -2.914737284183502 2.0333523750305176 0.8025798797607422 1.4992743730545044 -1.570243045766135 0.0034752419532417815 -3.1642871773988333 7257 9 True
pedestrian 12.737632609202969 3.667323916516011 -2.624348282814026 0.3753577768802643 0.3753577768802643 1.8600000143051147 0.022925669721391463 -0.06713915721351199 1.5307479907460806 7251 6 True
pedestrian -19.399321059892394 -10.993399139066526 -2.623170256614685 0.9953577518463135 0.3753577768802643 1.8600000143051147 1.4685653868492974 -0.7230800442000361 -3.5133009430107096 7249 7 True
pedestrian 0.16679195682018566 -8.86607579789478 -2.614869236946106 0.3753577768802643 0.3753577768802643 1.8600000143051147 2.8174875638368393 0.3107178815141201 0.5225673461883819 7245 27 True
pedestrian -12.250643696283245 4.435180041594776 -3.4913700968027115 0.3753577768802643 0.3753577768802643 1.8600000143051147 2.664922783861372 0.039127867280241216 -0.019041737969716588 7247 25 True
pedestrian 20.771179418205598 3.9339145934519593 -2.624346613883972 0.3753577768802643 0.3753577768802643 1.8600000143051147 0.013108733603159586 -0.06884731737080395 1.794954772564772 7253 4 True