0.0 0.0
car 59.850360540651764 14.789910224637367 -2.7340167760849 4.181210041046143 1.994117259979248 1.3805816173553467 3.141586138419681 0.0 0.0 20001 4 True
car 59.410046759924626 89.06812432238141 -2.759573519229889 5.357479572296143 2.033203125 1.4147460460662842 3.1415866710514493 0.0 0.0 20003 0 False
car 82.3799952485082 21.999321835362764 -2.4693764448165894 4.4777727127075195 2.069315195083618 2.0377910137176514 -1.570798462106366 0.0 0.0 20011 0 False
car -10.729084639357511 23.018216309973923 -2.7847142219543457 4.552699089050293 2.097072124481201 1.7671663761138916 -1.5710509295645818 6.303564777306884e-10 1.657268601322969e-10 7256 65 True
car -10.63845757568718 -45.34729284615565 -2.9594515562057495 4.673638820648193 1.8118125200271606 1.441947340965271 -1.5357779233525592 1.1111111530024214 -15.404844141756453 7244 20 True
car -10.60292197756867 -23.15939616575048 -2.9596113562583923 4.673638820648193 1.8118125200271606 1.441947340965271 -1.5899210057649678 -0.43882460599029605 -11.707414217221304 7255 59 True
car 100.32520795573888 -0.9733282131072087 -2.9600085616111755 4.673638820648193 1.8118125200271606 1.441947340965271 0.0005872265243530273 -0.009422222394044773 7.086434781752102 7258 0 True
truck -14.747842955507345 69.98349275162576 -1.769533634185791 8.46804141998291 2.8910882472991943 3.8274123668670654 1.570813375796 0.00042859030749931953 -9.410246284458399 7261 17 True
car -14.746071448022919 108.5595730715618 -2.846388280391693 4.611005783081055 2.241713285446167 1.6672759056091309 1.5708615789710152 0.0015287986299882157 -13.646694143328931 7260 0 True
car 9.847463162502368 -58.49172978456693 -2.866573214530945 4.855708599090576 2.0327565670013428 1.6493593454360962 -0.005726190981123183 0.030309799203184683 17.687952853051186 7242 0 False
car -14.702188891264335 -24.850857896347748 -2.861320674419403 5.237514495849609 1.9297595024108887 1.638383150100708 1.5710104495502046 2.315111844513527e-09 1.1914900447403686e-10 7243 45 True
motorcycle -10.732168387808132 29.585049810258226 -2.9150792956352234 2.0333523750305176 0.8025798797607422 1.4992748498916626 -1.5702782267055935 -8.5112616409019e-07 8.189304631890036e-05 7257 8 True
pedestrian 15.520654619282535 3.7287215126712 -2.624348282814026 0.3753577768802643 0.3753577768802643 1.8600000143051147 0.029172641413794623 -0.0739366649325025 1.569507257107166 7251 4 True
pedestrian -18.756465299860963 -4.573630723023655 -2.623170256614685 0.9953577518463135 0.3753577768802643 1.8600000143051147 1.4638651778115166 -0.7612307467197981 -3.5051829145041093 7249 10 True
pedestrian -1.3968339302158785 -6.457717966265477 -2.727522134780884 0.3753577768802643 0.3753577768802643 1.8600000143051147 1.885179569553799 1.031926314231441 -1.4175625332328907 7245 72 True
pedestrian -12.140658809065155 4.378417197251167 -3.4913498610258102 0.3753577768802643 0.3753577768802643 1.8600000143051147 2.6649201207025315 0.00467820168581079 -0.0021069919551824257 7247 25 True
pedestrian 24.015926628659116 3.9697683510725597 -2.624346613883972 0.3753577768802643 0.3753577768802643 1.8600000143051147 0.006407427012549506 -0.040517074151751625 1.8119845217404198 7253 7 True