0.0 0.0
car 59.850360540651764 14.789910224637367 -2.7340167760849 4.181210041046143 1.994117259979248 1.3805816173553467 3.141586138419681 0.0 0.0 20001 5 True
car 59.410046759924626 89.06812432238141 -2.759573519229889 5.357479572296143 2.033203125 1.4147460460662842 3.1415866710514493 0.0 0.0 20003 0 False
car 82.3799952485082 21.999321835362764 -2.4693764448165894 4.4777727127075195 2.069315195083618 2.0377910137176514 -1.570798462106366 0.0 0.0 20011 0 False
car 29.82823519627648 -58.480434837298844 -2.9180400371551514 3.633375883102417 1.845113754272461 1.5012825727462769 0.0011590067274305554 -0.00391487465768824 1.6891374234906567 7259 0 False
car -10.7398883692631 44.374051285589815 -2.7834672331809998 4.552699089050293 2.097072124481201 1.7671663761138916 -1.5706383808866926 0.002152084098199293 -4.149458164215859 7256 18 True
car 22.272952566533178 -5.0180222559405365 -2.9596189856529236 4.673638820648193 1.8118125200271606 1.441947340965271 -3.141312099374983 -0.004003872021698545 5.134108999011415 7244 56 True
car 37.1872901798121 -4.6821965178034475 -2.9596272706985474 4.673638820648193 1.8118125200271606 1.441947340965271 -2.9355774863048127 -1.7384765542014262 4.817900758082053 7255 35 True
car 25.31538123545721 -1.0175991323714015 -2.9597710967063904 4.673638820648193 1.8118125200271606 1.441947340965271 0.0004731101680331759 -0.0034959560015385355 3.7118677381251315 7258 36 True
truck -14.733803234159236 20.867892146574093 -1.7708699703216553 8.46804141998291 2.8910882472991943 3.8274123668670654 1.5715169823616877 0.003177278586882318 -3.3771138449828437 7261 341 True
car -14.734496507124973 34.099978329178384 -2.8477441668510437 4.611005783081055 2.241713285446167 1.6672759056091309 1.5711827559271918 0.0009573053274611065 -1.5709824916586554 7260 29 True
car -10.733480491276069 30.75323218508521 -2.869367301464081 4.855708599090576 2.0327565670013428 1.6493593454360962 -1.570382942293258 0.005099197873702558 -5.557112703240304 7242 37 True
car -14.701205857104453 -29.57623021214158 -2.861426591873169 5.237514495849609 1.9297595024108887 1.638383150100708 1.5677600641852485 0.002900792474611326 -0.39067042576005023 7243 60 True
motorcycle -10.741369593333875 58.67831154152941 -2.9150615334510803 2.0333523750305176 0.8025798797607422 1.4992752075195312 -1.5706889707048828 3.468045681071055e-08 3.191692705173382e-08 7257 3 True
pedestrian 4.260356227914539 3.2740553740425753 -2.624348282814026 0.3753577768802643 0.3753577768802643 1.8600000143051147 0.007299851540035672 -0.01937675070329159 1.3700854543628893 7251 46 True
pedestrian -19.76921045908184 -29.395711870317086 -2.623170256614685 0.9953577518463135 0.3753577768802643 1.8600000143051147 1.5888168621902463 0.12729702310514832 -3.274800211214157 7249 3 True
pedestrian 7.22998709336855 -8.230190593227917 -2.614869236946106 0.3753577768802643 0.3753577768802643 1.8600000143051147 -2.8352036953921846 -0.26053998076268625 0.40656178036223856 7245 25 True
pedestrian -17.940263509054187 5.708350592905788 -2.6235408782958984 0.3753577768802643 0.3753577768802643 1.8600000143051147 1.3050226666590372 -0.6405593921002933 -1.2757649020939772 7247 1 True
pedestrian 10.815726718218713 3.391752790255225 -2.624346613883972 0.3753577768802643 0.3753577768802643 1.8600000143051147 0.02349625150299072 -0.0772963723157563 1.6597260981758308 7253 25 True