0.0 0.0
car 59.850360540651764 14.789910224637367 -2.7340167760849 4.181210041046143 1.994117259979248 1.3805816173553467 3.141586138419681 0.0 0.0 20001 5 True
car 59.410046759924626 89.06812432238141 -2.759573519229889 5.357479572296143 2.033203125 1.4147460460662842 3.1415866710514493 0.0 0.0 20003 0 False
car 82.3799952485082 21.999321835362764 -2.4693764448165894 4.4777727127075195 2.069315195083618 2.0377910137176514 -1.570798462106366 0.0 0.0 20011 0 False
car 62.169581991169906 -58.44050063291729 -2.9177147150039673 3.633375883102417 1.845113754272461 1.5012825727462769 0.0009527450752258301 -0.025925312801144886 13.209426961616703 7259 0 False
car -10.729084639357511 23.018216309973923 -2.7847142219543457 4.552699089050293 2.097072124481201 1.7671663761138916 -1.5710509295645818 2.739310820473817e-08 1.3845250001080818e-07 7256 69 True
car -10.15333396204099 -14.570804245635657 -2.960302174091339 4.673638820648193 1.8118125200271606 1.441947340965271 -1.7185869166355663 -1.0344435045143172 -3.7479947325310734 7244 127 True
car -0.7439465972686428 -5.058518411480975 -2.959694981575012 4.673638820648193 1.8118125200271606 1.441947340965271 -3.1248375324711266 -0.35370714256945485 8.626554891122662 7255 934 True
car 69.24532817250135 -0.9898876619498083 -2.95989590883255 4.673638820648193 1.8118125200271606 1.441947340965271 0.0004768385904100206 -0.01525004600281743 15.851627524955793 7258 1 True
truck -14.744769762408879 45.861422434917245 -1.7695996761322021 8.46804141998291 2.8910882472991943 3.8274123668670654 1.5711824896113078 0.00581477518301629 -7.691505806273815 7261 57 True
car -14.742454276850669 70.2925442579965 -2.8474062085151672 4.611005783081055 2.241713285446167 1.6672759056091309 1.571025363239712 0.006243901458346843 -13.52443334203603 7260 0 True
car -10.70202594175641 -29.52069363889683 -2.8686270713806152 4.855708599090576 2.0327565670013428 1.6493593454360962 -1.5701834177957383 0.02130039709308876 -17.324573338288168 7242 47 True
car -14.702189010432273 -24.850827378769452 -2.8613243103027344 5.237514495849609 1.9297595024108887 1.638383150100708 1.5710104495502046 -1.5966255410568604e-07 0.00011209979632148046 7243 52 True
motorcycle -10.73516410806426 34.87041968737407 -2.914506256580353 2.0333523750305176 0.8025798797607422 1.499274730682373 -1.570174231848294 0.0038833155879216433 -3.1222828434777687 7257 10 True
pedestrian 11.209434329798913 3.639860166932806 -2.624348282814026 0.3753577768802643 0.3753577768802643 1.8600000143051147 0.016014639372083875 -0.04935854942413566 1.520693542204741 7251 6 True
pedestrian -19.65468840703066 -14.562704212968754 -2.623170256614685 0.9953577518463135 0.3753577768802643 1.8600000143051147 1.5474984854100544 -0.203278716094032 -3.560293183547422 7249 4 True
pedestrian 0.8589895698410892 -9.003833083488416 -2.614869236946106 0.3753577768802643 0.3753577768802643 1.8600000143051147 -3.1379681039767795 -0.05484096314601482 1.3365045102787725 7245 28 True
pedestrian -12.308318957787204 4.46508734630811 -3.4913594126701355 0.3753577768802643 0.3753577768802643 1.8600000143051147 2.6648973506944444 0.05067637587052209 -0.025216086338124825 7247 29 True
pedestrian 18.976135365833468 3.8549070159951384 -2.624346613883972 0.3753577768802643 0.3753577768802643 1.8600000143051147 0.058172044345008 -0.20877792196520228 1.784288145354407 7253 12 True