0.0 0.0
car 59.850360540651764 14.789910224637367 -2.7340167760849 4.181210041046143 1.994117259979248 1.3805816173553467 3.141586138419681 0.0 0.0 20001 1 True
car 59.410046759924626 89.06812432238141 -2.759573519229889 5.357479572296143 2.033203125 1.4147460460662842 3.1415866710514493 0.0 0.0 20003 0 False
car 82.3799952485082 21.999321835362764 -2.4693764448165894 4.4777727127075195 2.069315195083618 2.0377910137176514 -1.570798462106366 0.0 0.0 20011 0 False
car -10.729084639357511 23.018216309973923 -2.7847142219543457 4.552699089050293 2.097072124481201 1.7671663761138916 -1.5710509295645818 6.879128443009415e-14 -1.3351688258137978e-10 7256 61 True
car -10.077324503022641 -49.80044912408482 -2.9583139419555664 4.673638820648193 1.8118125200271606 1.441947340965271 -1.317668742992613 6.868206724476665 -12.93227837653279 7244 11 True
car -10.645330047174005 -26.56161778798071 -2.9599751830101013 4.673638820648193 1.8118125200271606 1.441947340965271 -1.5795442746987374 -0.18984187396604382 -10.75272434639162 7255 40 True
car 102.51827741544211 -0.9720799640428481 -2.959862172603607 4.673638820648193 1.8118125200271606 1.441947340965271 0.0007601986910502115 -0.011229261754785004 7.434243906661739 7258 0 True
truck -14.74809372851602 72.83072175587705 -1.769527792930603 8.46804141998291 2.8910882472991943 3.8274123668670654 1.5708685031840006 0.0015135380795915968 -9.562136022282232 7261 0 True
car -14.746325057693237 112.65645112367079 -2.8463894724845886 4.611005783081055 2.241713285446167 1.6672759056091309 1.5709412074203493 0.004874667952708336 -13.647394715788915 7260 0 True
car 15.140336535353072 -58.498908587341305 -2.866665542125702 4.855708599090576 2.0327565670013428 1.6493593454360962 -0.00135647995546129 0.04597523272814202 17.024226857604454 7242 0 False
car -14.702188891264335 -24.850857896347748 -2.861320674419403 5.237514495849609 1.9297595024108887 1.638383150100708 1.5710104495502046 -2.3685324165138158e-07 -1.0461785740431e-07 7243 49 True
motorcycle -10.732168626309415 29.584988775102318 -2.915063977241516 2.0333523750305176 0.8025798797607422 1.499274730682373 -1.5702782453984199 -5.896102175194041e-09 7.377368819751042e-06 7257 6 True
pedestrian 15.99282450406503 3.7351295642808964 -2.624348282814026 0.3753577768802643 0.3753577768802643 1.8600000143051147 0.01180351945537991 -0.05763604042641416 1.5732574015716068 7251 7 True
pedestrian -18.666510925738887 -3.519462143739247 -2.623170256614685 0.9953577518463135 0.3753577768802643 1.8600000143051147 1.4954699490364922 -0.5912357134458284 -3.4394787174157324 7249 8 True
pedestrian -1.5594852679402837 -5.957382052510411 -2.727522134780884 0.3753577768802643 0.3753577768802643 1.8600000143051147 1.885117251636929 1.0312899449401294 -1.4186266298567807 7245 76 True
pedestrian -12.12066635234212 4.368071711176697 -3.491379141807556 0.3753577768802643 0.3753577768802643 1.8600000143051147 2.6649201207025315 -0.002727174556596802 0.0029377312361104145 7247 36 True
pedestrian 24.56023435385734 3.9819136096219836 -2.624346613883972 0.3753577768802643 0.3753577768802643 1.8600000143051147 0.024098258558909097 -0.06404168138567169 1.8140225729298565 7253 5 True