0.0 0.0
car 59.850360540651764 14.789910224637367 -2.7340167760849 4.181210041046143 1.994117259979248 1.3805816173553467 3.141586138419681 0.0 0.0 20001 7 True
car 59.410046759924626 89.06812432238141 -2.759573519229889 5.357479572296143 2.033203125 1.4147460460662842 3.1415866710514493 0.0 0.0 20003 0 False
car 82.3799952485082 21.999321835362764 -2.4693764448165894 4.4777727127075195 2.069315195083618 2.0377910137176514 -1.570798462106366 0.0 0.0 20011 0 False
car -10.729084639357511 23.018216309973923 -2.7847142219543457 4.552699089050293 2.097072124481201 1.7671663761138916 -1.5710509295645818 3.9020319763180046e-10 -3.349932952830286e-10 7256 54 True
car -10.678541760111562 -43.808596502775686 -2.9596753120422363 4.673638820648193 1.8118125200271606 1.441947340965271 -1.5611677411284115 0.32216938356541247 -15.230014945058205 7244 17 True
car -10.57890594680483 -22.009737995165437 -2.9596410393714905 4.673638820648193 1.8118125200271606 1.441947340965271 -1.5973086104693943 -0.5747500405400331 -11.130507955596928 7255 65 True
car 99.61407972033803 -0.9737239780344566 -2.960037410259247 4.673638820648193 1.8118125200271606 1.441947340965271 0.0005169191309611003 -0.007648484900816723 7.203283765278944 7258 0 True
truck -14.747811802807945 69.04458894298807 -1.7695350646972656 8.46804141998291 2.8910882472991943 3.8274123668670654 1.5708184357977972 0.0005220518359893095 -9.358745011086397 7261 25 True
car -14.745999626965183 107.19406403825886 -2.8463866114616394 4.611005783081055 2.241713285446167 1.6672759056091309 1.5708650410775076 0.0017262647950354092 -13.646366066797807 7260 0 True
car 8.097405920623189 -58.50753551868445 -2.8667615056037903 4.855708599090576 2.0327565670013428 1.6493593454360962 0.001484711053636339 -0.24258439949018223 17.248652334703625 7242 0 False
car -14.702188891264335 -24.850857896347748 -2.861320674419403 5.237514495849609 1.9297595024108887 1.638383150100708 1.5710104495502046 2.4415472010677794e-09 -2.1105834783089833e-09 7243 41 True
motorcycle -10.732168387684077 29.5851413629926 -2.915097236633301 2.0333523750305176 0.8025798797607422 1.499274730682373 -1.5702781893849593 -5.583052128555597e-07 0.00013020748630789464 7257 4 True
pedestrian 15.363552026007916 3.7224961396098024 -2.624348282814026 0.3753577768802643 0.3753577768802643 1.8600000143051147 0.013257204708523219 -0.06611605763333667 1.5688414169807996 7251 7 True
pedestrian -18.794746270157837 -4.930259089121819 -2.623170256614685 0.9953577518463135 0.3753577768802643 1.8600000143051147 1.4638651778115166 -0.7612307467197981 -3.5051829145041093 7249 9 True
pedestrian -1.342616817641078 -6.6244966041838325 -2.727522134780884 0.3753577768802643 0.3753577768802643 1.8600000143051147 1.8852789053785537 1.033181348203831 -1.4170977436743513 7245 63 True
pedestrian -12.147178062538773 4.381774139678612 -3.4913768023252487 0.3753577768802643 0.3753577768802643 1.8600000143051147 2.6649203870184155 0.007630888181135784 -0.00252105599789202 7247 18 True
pedestrian 23.834594995047368 3.9704399834981245 -2.624346613883972 0.3753577768802643 0.3753577768802643 1.8600000143051147 0.021588098193698457 -0.04613495174933018 1.8109982732107777 7253 8 True