0.0 0.0
car 59.850360540651764 14.789910224637367 -2.7340167760849 4.181210041046143 1.994117259979248 1.3805816173553467 3.141586138419681 0.0 0.0 20001 7 True
car 59.410046759924626 89.06812432238141 -2.759573519229889 5.357479572296143 2.033203125 1.4147460460662842 3.1415866710514493 0.0 0.0 20003 0 False
car 82.3799952485082 21.999321835362764 -2.4693764448165894 4.4777727127075195 2.069315195083618 2.0377910137176514 -1.570798462106366 0.0 0.0 20011 0 False
car 37.43215900575185 -58.47168659579654 -2.9182074069976807 3.633375883102417 1.845113754272461 1.5012825727462769 0.001072187749226888 -0.01598488672743702 6.330012059223205 7259 0 False
car -10.732612865184056 29.36102026984446 -2.783703625202179 4.552699089050293 2.097072124481201 1.7671663761138916 -1.5702263698144885 0.009297296618194157 -8.803922693477004 7256 37 True
car 3.7319083149697505 -5.0300515759342375 -2.9599624276161194 4.673638820648193 1.8118125200271606 1.441947340965271 -3.1410833340305753 -0.007926255418397216 7.595956220298992 7244 1028 True
car 20.10076474407237 -5.030775660252914 -2.959808826446533 4.673638820648193 1.8118125200271606 1.441947340965271 3.1402927753287417 0.024965169506222885 9.022226382025732 7255 81 True
car 37.3318454773741 -1.0113287937492146 -2.9595518112182617 4.673638820648193 1.8118125200271606 1.441947340965271 0.0006784397146436903 -0.011268068843699016 7.678197173856391 7258 13 True
truck -14.738932959592443 29.555056460181504 -1.768977403640747 8.46804141998291 2.8910882472991943 3.8274123668670654 1.5714115212715996 0.00610725081162348 -5.074408106528915 7261 196 True
car -14.738459855601768 43.51550567831606 -2.847744345664978 4.611005783081055 2.241713285446167 1.6672759056091309 1.5712139148856268 0.004939124387084362 -7.475682103214382 7260 9 True
car -10.672066987016077 7.4230319065137 -2.8080573678016663 4.855708599090576 2.0327565670013428 1.6493593454360962 -1.5667681373855802 0.09870195996697022 -12.48954382194869 7242 395 True
car -14.701205719824458 -29.56289403050107 -2.861308753490448 5.237514495849609 1.9297595024108887 1.638383150100708 1.5677691189253065 -0.0003578521095211003 -0.14712527122686392 7243 40 True
motorcycle -10.739732964906072 46.452603531476825 -2.913946568965912 2.0333523750305176 0.8025798797607422 1.499274730682373 -1.5706348776072179 0.002605139400041255 -8.104053611261742 7257 5 True
pedestrian 7.341823215131555 3.504611501347938 -2.624348282814026 0.3753577768802643 0.3753577768802643 1.8600000143051147 0.13329762471135456 -0.4481183409676704 1.5489596768734346 7251 14 True
pedestrian -19.799901618782652 -22.718984533796004 -2.623170256614685 0.9953577518463135 0.3753577768802643 1.8600000143051147 1.5766928315684 0.012429973574790969 -3.02654176568155 7249 2 True
pedestrian 4.1448498023105955 -8.877769420638856 -2.614869236946106 0.3753577768802643 0.3753577768802643 1.8600000143051147 -2.786993329848395 -1.0529119454356473 1.26426655893284 7245 24 True
pedestrian -11.325710034573643 5.637296708221243 -2.7275222539901733 0.3753577768802643 0.3753577768802643 1.8600000143051147 -0.06483646618567572 0.03651925388871862 0.2730703159199682 7247 7 True
pedestrian 14.468583802456816 3.5817502819911056 -2.624346613883972 0.3753577768802643 0.3753577768802643 1.8600000143051147 0.02968862843916151 -0.10647601621537475 1.7430664210979536 7253 23 True