0.0 0.0
car 59.850360540651764 14.789910224637367 -2.7340167760849 4.181210041046143 1.994117259979248 1.3805816173553467 3.141586138419681 0.0 0.0 20001 2 True
car 59.410046759924626 89.06812432238141 -2.759573519229889 5.357479572296143 2.033203125 1.4147460460662842 3.1415866710514493 0.0 0.0 20003 0 False
car 82.3799952485082 21.999321835362764 -2.4693764448165894 4.4777727127075195 2.069315195083618 2.0377910137176514 -1.570798462106366 0.0 0.0 20011 0 False
car 38.0842242839266 -58.47089402232257 -2.918170213699341 3.633375883102417 1.845113754272461 1.5012825727462769 0.0011014824964735242 -0.014700475545323 6.671727989114605 7259 0 False
car -10.732193712001546 28.491086187243695 -2.7840536236763 4.552699089050293 2.097072124481201 1.7671663761138916 -1.5701378976102147 0.010580895256150356 -8.620874996541996 7256 40 True
car 2.9477562835287046 -5.030416724335112 -2.959833264350891 4.673638820648193 1.8118125200271606 1.441947340965271 -3.141012627163357 -0.009361238477679302 8.089885378089187 7244 997 True
car 19.164891714068876 -5.029584206585412 -2.9597120881080627 4.673638820648193 1.8118125200271606 1.441947340965271 3.140464815389845 0.02223750350191578 9.656907966962548 7255 93 True
car 38.12246818958954 -1.0105669256005854 -2.9595959186553955 4.673638820648193 1.8118125200271606 1.441947340965271 0.0008511455654568143 -0.014462093076773316 8.070832450912045 7258 16 True
truck -14.739106304780918 30.071932681120472 -1.7691737413406372 8.46804141998291 2.8910882472991943 3.8274123668670654 1.5714376202282374 0.004422547131549219 -5.192384061104325 7261 163 True
car -14.738574449567686 44.28232086401965 -2.8477322459220886 4.611005783081055 2.241713285446167 1.6672759056091309 1.5711377485427858 0.0026015776539474573 -7.748660329766775 7260 17 True
car -10.692784129689732 6.192349561536616 -2.801604390144348 4.855708599090576 2.0327565670013428 1.6493593454360962 -1.560257258095334 -0.030319282963544542 -12.115434491444539 7242 466 True
car -14.701156202110223 -29.52905003642752 -2.861285150051117 5.237514495849609 1.9297595024108887 1.638383150100708 1.567594149389479 -0.0016773236068443136 -0.47315894704951167 7243 44 True
motorcycle -10.739602107621897 45.635342789110496 -2.9141973853111267 2.0333523750305176 0.8025798797607422 1.499274730682373 -1.5706347152234483 0.0026521001026982025 -8.242011064489242 7257 5 True
pedestrian 7.509896894448211 3.5231659611058603 -2.624348282814026 0.3753577768802643 0.3753577768802643 1.8600000143051147 0.1191449328426785 -0.42797827781344056 1.6295535596622293 7251 30 True
pedestrian -19.801555342119478 -22.40550796905461 -2.623170256614685 0.9953577518463135 0.3753577768802643 1.8600000143051147 1.576198815603468 0.02786948363209599 -3.128801345966098 7249 5 True
pedestrian 3.996812770263336 -8.933311212234287 -2.614869236946106 0.3753577768802643 0.3753577768802643 1.8600000143051147 -2.7844015436647203 -1.076626096194476 1.2604456390771985 7245 30 True
pedestrian -11.824736586417297 5.450346700814862 -2.759039580821991 0.3753577768802643 0.3753577768802643 1.8600000143051147 -0.7186248507582347 -0.12329449594275264 -0.6929558948734175 7247 3 True
pedestrian 14.660352475906489 3.601830588548239 -2.624346613883972 0.3753577768802643 0.3753577768802643 1.8600000143051147 0.0744141174820794 -0.18200216481665918 1.7372238781135463 7253 16 True