0.0 0.0
car 59.850360540651764 14.789910224637367 -2.7340167760849 4.181210041046143 1.994117259979248 1.3805816173553467 3.141586138419681 0.0 0.0 20001 5 True
car 59.410046759924626 89.06812432238141 -2.759573519229889 5.357479572296143 2.033203125 1.4147460460662842 3.1415866710514493 0.0 0.0 20003 0 False
car 82.3799952485082 21.999321835362764 -2.4693764448165894 4.4777727127075195 2.069315195083618 2.0377910137176514 -1.570798462106366 0.0 0.0 20011 0 False
car 53.49585303428057 -58.450834338881634 -2.9179853796958923 3.633375883102417 1.845113754272461 1.5012825727462769 0.001196424109141032 -0.028118206711926146 11.48692357049555 7259 0 False
car -10.729084520065518 23.018277345130002 -2.784728705883026 4.552699089050293 2.097072124481201 1.7671663761138916 -1.5710509295645818 3.837314979605398e-07 3.862040582715128e-05 7256 61 True
car -8.98242637954358 -9.933232590035288 -2.9579036235809326 4.673638820648193 1.8118125200271606 1.441947340965271 -2.0421389278006026 -7.182928495760501 -5.789294782760364 7244 204 True
car 4.577702986253254 -5.034813464184936 -2.9599583745002747 4.673638820648193 1.8118125200271606 1.441947340965271 3.141448586265564 0.004840741599814706 7.523814142076205 7255 1008 True
car 58.157345987365005 -0.9953352840684033 -2.959706425666809 4.673638820648193 1.8118125200271606 1.441947340965271 0.000545015456729465 -0.017230540444996358 15.093027148648927 7258 8 True
truck -14.743220894472362 40.65725983515273 -1.7697429656982422 8.46804141998291 2.8910882472991943 3.8274123668670654 1.5707758252563475 0.0005644473635508264 -7.179746740544777 7261 87 True
car -14.740567692266124 61.30298126714234 -2.8475831747055054 4.611005783081055 2.241713285446167 1.6672759056091309 1.5708855474005805 0.0020891418764783618 -12.066240213276597 7260 7 True
car -10.71061422069258 -17.61795314872211 -2.8692320585250854 4.855708599090576 2.0327565670013428 1.6493593454360962 -1.5699501202699306 0.0310509601291324 -17.83401816610541 7242 137 True
car -14.702192104704833 -24.84701268149962 -2.8616002202033997 5.237514495849609 1.9297595024108887 1.638383150100708 1.571011248497857 -1.630444592093408e-05 0.005546262516469383 7243 26 True
motorcycle -10.736530115804573 36.90237159352563 -2.9139686822891235 2.0333523750305176 0.8025798797607422 1.499274730682373 -1.57024987206122 0.003262722265472495 -2.9389721180559527 7257 4 True
pedestrian 10.145992076293279 3.6226802114270527 -2.624348282814026 0.3753577768802643 0.3753577768802643 1.8600000143051147 0.05926340683788723 -0.28400278136751106 1.6736658315357955 7251 16 True
pedestrian -19.745308411793072 -16.999380115572535 -2.623170256614685 0.9953577518463135 0.3753577768802643 1.8600000143051147 1.5583015892469618 -0.06920582574231707 -3.341583600974702 7249 5 True
pedestrian 1.898937151021153 -8.951130635209438 -2.614869236946106 0.3753577768802643 0.3753577768802643 1.8600000143051147 -3.0578332549892 -0.06478691862481241 0.5942706883588265 7245 33 True
pedestrian -12.347611206111209 4.48544262415902 -3.491352379322052 0.3753577768802643 0.3753577768802643 1.8600000143051147 -0.47666701640171477 0.052230850940952624 -0.027045557332424364 7247 20 True
pedestrian 17.72200204115092 3.780964623565751 -2.624346613883972 0.3753577768802643 0.3753577768802643 1.8600000143051147 0.042901358395046656 -0.10587416820572162 1.7559127291373202 7253 3 True