0.0 0.0
car 59.850360540651764 14.789910224637367 -2.7340167760849 4.181210041046143 1.994117259979248 1.3805816173553467 3.141586138419681 0.0 0.0 20001 7 True
car 59.410046759924626 89.06812432238141 -2.759573519229889 5.357479572296143 2.033203125 1.4147460460662842 3.1415866710514493 0.0 0.0 20003 0 False
car 82.3799952485082 21.999321835362764 -2.4693764448165894 4.4777727127075195 2.069315195083618 2.0377910137176514 -1.570798462106366 0.0 0.0 20011 0 False
car 87.7445179211687 -58.42805359784819 -2.9175599217414856 3.633375883102417 1.845113754272461 1.5012825727462769 -0.0005759080992804633 0.016546106740747406 16.796778380872713 7259 0 False
car -10.729084639357511 23.018216309973923 -2.7847142219543457 4.552699089050293 2.097072124481201 1.7671663761138916 -1.5710509295645818 2.7335278007879858e-09 -7.264101646583619e-09 7256 69 True
car -10.678940909973056 -29.583834539318104 -2.959565281867981 4.673638820648193 1.8118125200271606 1.441947340965271 -1.5734323259397751 -0.0763051701429364 -13.620943086731554 7244 30 True
car -9.992232587401928 -13.84234987408513 -2.9602354764938354 4.673638820648193 1.8118125200271606 1.441947340965271 -1.7479328631109132 -2.041453891199475 -5.945535270245765 7255 143 True
car 91.00392651523144 -0.9787782291292046 -2.9599834084510803 4.673638820648193 1.8118125200271606 1.441947340965271 0.0006858965593973795 -0.013425805661888326 10.041378781064392 7258 0 True
truck -14.747247872053286 59.94729890314471 -1.7695592641830444 8.46804141998291 2.8910882472991943 3.8274123668670654 1.570874095817566 0.0014414945125089023 -8.819620503455209 7261 35 True
car -14.744996030444462 93.53816498902233 -2.846368730068207 4.611005783081055 2.241713285446167 1.6672759056091309 1.5706826146969266 -0.0034002650268649217 -13.640232827962897 7260 0 True
car -6.115982020618455 -56.3776944820039 -2.7956730723381042 4.855708599090576 2.0327565670013428 1.6493593454360962 -0.5163637957638634 13.046344897669927 4.939453753778167 7242 0 True
car -14.702188891264335 -24.850857896347748 -2.861320674419403 5.237514495849609 1.9297595024108887 1.638383150100708 1.5710104495502046 -1.9109941823944998e-08 3.711778966487025e-08 7243 40 True
motorcycle -10.732480438852395 30.141598882947733 -2.9154664874076843 2.0333523750305176 0.8025798797607422 1.4992749691009521 -1.5702430963505485 0.0024320811339934223 -2.1995791589783282 7257 8 True
pedestrian 13.813547023275394 3.690302194965625 -2.624348282814026 0.3753577768802643 0.3753577768802643 1.8600000143051147 0.02175973878097534 -0.06473169567764225 1.5381158437132676 7251 11 True
pedestrian -19.176581318099288 -8.49663430415859 -2.623170256614685 0.9953577518463135 0.3753577768802643 1.8600000143051147 1.4714429299765692 -0.6435853503616747 -3.5285640813304173 7249 10 True
pedestrian -0.7261668114506801 -8.256150271516162 -2.614869236946106 0.3753577768802643 0.3753577768802643 1.8600000143051147 2.4506174598524306 1.6749152652232886 0.5199516541391621 7245 35 True
pedestrian -12.20930018519352 4.413878716042461 -3.4913713335990906 0.3753577768802643 0.3753577768802643 1.8600000143051147 2.664921185966068 0.028126644548772454 -0.01326474800953191 7247 23 True
pedestrian 22.02906441387028 3.946028367516419 -2.624346613883972 0.3753577768802643 0.3753577768802643 1.8600000143051147 0.0064705438770718045 -0.04134739289606831 1.801869805756341 7253 6 True