0.0 0.0
car 59.850360540651764 14.789910224637367 -2.7340167760849 4.181210041046143 1.994117259979248 1.3805816173553467 3.141586138419681 0.0 0.0 20001 3 True
car 59.410046759924626 89.06812432238141 -2.759573519229889 5.357479572296143 2.033203125 1.4147460460662842 3.1415866710514493 0.0 0.0 20003 0 False
car 82.3799952485082 21.999321835362764 -2.4693764448165894 4.4777727127075195 2.069315195083618 2.0377910137176514 -1.570798462106366 0.0 0.0 20011 0 False
car 34.758796270468764 -58.47415489718202 -2.917736530303955 3.633375883102417 1.845113754272461 1.5012825727462769 0.0010582061653137207 -0.009702174063995015 4.564264329106914 7259 0 False
car -10.734591228924248 33.25680274323548 -2.7851070761680603 4.552699089050293 2.097072124481201 1.7671663761138916 -1.570281137389964 0.006950317345224134 -6.682323146371448 7256 33 True
car 7.640677925242908 -5.028042712213676 -2.960205078125 4.673638820648193 1.8118125200271606 1.441947340965271 -3.141215293551127 -0.00766775409000323 9.190985461247411 7244 621 True
car 24.40775249887347 -5.036427248232712 -2.959794342517853 4.673638820648193 1.8118125200271606 1.441947340965271 3.1415350057699416 0.006505353457953043 9.38402333247742 7255 51 True
car 34.32054634167492 -1.013094732929403 -2.959759473800659 4.673638820648193 1.8118125200271606 1.441947340965271 -0.00028682220713297527 0.00010536068232175675 5.340676394466875 7258 9 True
truck -14.737517091153697 27.018282776617696 -1.7702807188034058 8.46804141998291 2.8910882472991943 3.8274123668670654 1.5713430780893962 0.005691096981335432 -5.161734619608978 7261 220 True
car -14.737310558275116 40.08484161425247 -2.8473512530326843 4.611005783081055 2.241713285446167 1.6672759056091309 1.5712200401509604 0.007145981783023336 -5.775188865441698 7260 19 True
car -10.724704280126312 14.49474828644469 -2.869525730609894 4.855708599090576 2.0327565670013428 1.6493593454360962 -1.5702556529884375 0.01582782155997816 -14.668774760268727 7242 156 True
car -14.70121133994609 -29.57565037814976 -2.861320376396179 5.237514495849609 1.9297595024108887 1.638383150100708 1.567740889441596 -2.4501925235576197e-09 2.622917677655543e-06 7243 41 True
motorcycle -10.740297626001947 49.996243668967224 -2.9154863953590393 2.0333523750305176 0.8025798797607422 1.4992748498916626 -1.570636681172376 0.0019561401963468913 -6.111205796120207 7257 4 True
pedestrian 6.542306379600959 3.388249059313239 -2.624348282814026 0.3753577768802643 0.3753577768802643 1.8600000143051147 0.14897737185923257 -0.4194053855688458 1.483749266999272 7251 17 True
pedestrian -19.796403714116217 -24.254079753382257 -2.623170256614685 0.9953577518463135 0.3753577768802643 1.8600000143051147 1.5785623690745034 0.048404061684930236 -3.1575316901155994 7249 4 True
pedestrian 4.856136691156806 -8.623864134441703 -2.614869236946106 0.3753577768802643 0.3753577768802643 1.8600000143051147 -2.8725552970792982 -0.4769470057419477 0.9656286002812766 7245 26 True
pedestrian -12.457191658140545 5.918883934754035 -2.7275222539901733 0.9953577518463135 0.3753577768802643 1.8600000143051147 -0.07958211037021212 0.54990839862468 3.652350519445664 7247 33 True
pedestrian 13.596055690970562 3.5556894525597045 -2.624346613883972 0.3753577768802643 0.3753577768802643 1.8600000143051147 0.05548971076075236 -0.25462687772955894 1.7385539916356532 7253 20 True