0.0 0.0
car 59.850360540651764 14.789910224637367 -2.7340167760849 4.181210041046143 1.994117259979248 1.3805816173553467 3.141586138419681 0.0 0.0 20001 6 True
car 59.410046759924626 89.06812432238141 -2.759573519229889 5.357479572296143 2.033203125 1.4147460460662842 3.1415866710514493 0.0 0.0 20003 0 False
car 82.3799952485082 21.999321835362764 -2.4693764448165894 4.4777727127075195 2.069315195083618 2.0377910137176514 -1.570798462106366 0.0 0.0 20011 0 False
car 49.13795812830118 -58.45711505496888 -2.9179051518440247 3.633375883102417 1.845113754272461 1.5012825727462769 0.0013542162704467773 -0.027870722553556066 10.209493164394658 7259 0 False
car -10.729079988458446 23.019498048248863 -2.7858081459999084 4.552699089050293 2.097072124481201 1.7671663761138916 -1.5710509295645818 6.318023220507509e-06 0.0010677695471258514 7256 61 True
car -7.164758745044872 -7.183082465103837 -2.958237051963806 4.673638820648193 1.8118125200271606 1.441947340965271 -2.485514294878218 -7.350756929720476 1.25994951130708 7244 357 True
car 7.636361585279737 -5.035427960271193 -2.959951937198639 4.673638820648193 1.8118125200271606 1.441947340965271 -3.1407140870573254 -0.010936317957075135 8.586680082606719 7255 587 True
car 52.39622232472138 -0.9993252804022745 -2.9596900939941406 4.673638820648193 1.8118125200271606 1.441947340965271 0.0008989492666456433 -0.023966032284728312 13.669293431756344 7258 13 True
truck -14.742160130392147 37.871401679413395 -1.7696571350097656 8.46804141998291 2.8910882472991943 3.8274123668670654 1.5710682400970457 0.0038809003606623915 -6.735453679279895 7261 104 True
car -14.740115756242009 56.65027130558394 -2.8476343154907227 4.611005783081055 2.241713285446167 1.6672759056091309 1.570944935842726 0.002747727389779263 -11.116406713138062 7260 9 True
car -10.718582807681651 -10.78680689767765 -2.869456946849823 4.855708599090576 2.0327565670013428 1.6493593454360962 -1.5693253041948092 0.049641115319382687 -16.149509574708457 7242 234 True
car -14.701957127874294 -25.539517564631808 -2.861421823501587 5.237514495849609 1.9297595024108887 1.638383150100708 1.5709699695358277 0.003023366701751097 -3.3868535100926214 7243 48 True
motorcycle -10.73693415803046 37.663205334308884 -2.918634295463562 2.0333523750305176 0.8025798797607422 1.499274730682373 -1.570302220329838 0.0010000447243559043 -0.7609667065731307 7257 1 True
pedestrian 9.490617464586041 3.560150581890298 -2.624348282814026 0.3753577768802643 0.3753577768802643 1.8600000143051147 0.07679085358937582 -0.1795785616551782 1.6210788787032164 7251 13 True
pedestrian -19.757817157363853 -18.315786348625466 -2.623170256614685 0.9953577518463135 0.3753577768802643 1.8600000143051147 1.5624619759877523 -0.05445174451447686 -3.137155282749132 7249 12 True
pedestrian 2.2896365994800227 -8.905476867737434 -2.614869236946106 0.3753577768802643 0.3753577768802643 1.8600000143051147 2.9678409898690115 0.5890308391313736 1.6205933355510307 7245 33 True
pedestrian -12.36688265028651 4.499450218631466 -3.4779831618070602 0.3753577768802643 0.3753577768802643 1.8600000143051147 -0.5269601718957688 0.1564261261099798 0.20356673592904573 7247 9 True
pedestrian 17.015605911367018 3.76112915496077 -2.624346613883972 0.3753577768802643 0.3753577768802643 1.8600000143051147 0.017805214218563504 -0.06800255385446953 1.7564895064310733 7253 8 True