0.0 0.0
car 59.850360540651764 14.789910224637367 -2.7340167760849 4.181210041046143 1.994117259979248 1.3805816173553467 3.141586138419681 0.0 0.0 20001 6 True
car 59.410046759924626 89.06812432238141 -2.759573519229889 5.357479572296143 2.033203125 1.4147460460662842 3.1415866710514493 0.0 0.0 20003 0 False
car 82.3799952485082 21.999321835362764 -2.4693764448165894 4.4777727127075195 2.069315195083618 2.0377910137176514 -1.570798462106366 0.0 0.0 20011 0 False
car -10.729084639357511 23.018216309973923 -2.7847142219543457 4.552699089050293 2.097072124481201 1.7671663761138916 -1.5710509295645818 -2.4414647750060214e-10 -1.3319255152226864e-10 7256 65 True
car 8.171108039700954 -58.31524435878583 -2.960177779197693 4.673638820648193 1.8118125200271606 1.441947340965271 -0.032750462158203125 0.5472651314911254 8.531125468776429 7244 0 False
car -10.67241294632397 -46.252901931006704 -2.9596166014671326 4.673638820648193 1.8118125200271606 1.441947340965271 -1.5583348870548406 0.3674933460919088 -12.237280231236344 7255 14 True
car 114.88916816859107 1.239542677533791 -2.9600311517715454 4.673638820648193 1.8118125200271606 1.441947340965271 0.7024952295032078 -8.71151762477674 0.690634975228086 7258 0 True
truck -14.750792594205437 91.85771455742054 -1.7694960832595825 8.46804141998291 2.8910882472991943 3.8274123668670654 1.5709776926964654 0.003857163489112584 -10.431371335493056 7261 0 True
car 32.63066439975446 -58.47729532408141 -2.8648192286491394 4.855708599090576 2.0327565670013428 1.6493593454360962 0.0008310387162102594 -9.094280212079061e-06 -0.01553313029100788 7242 0 False
car -14.702188891264335 -24.850857896347748 -2.861320674419403 5.237514495849609 1.9297595024108887 1.638383150100708 1.5710104495502046 6.817590308087078e-09 2.5800961182363077e-09 7243 50 True
motorcycle -10.732168626309415 29.584988775102318 -2.915061354637146 2.0333523750305176 0.8025798797607422 1.4992756843566895 -1.5702782453984199 -5.210894355389276e-08 -1.1781715167350825e-08 7257 8 True
pedestrian 19.16095929218537 3.8080317655561657 -2.624348282814026 0.3753577768802643 0.3753577768802643 1.8600000143051147 0.02296987815814548 -0.07598027190974622 1.6745266644924612 7251 3 True
pedestrian -18.203112847854392 2.887275509611868 -2.623170256614685 0.9953577518463135 0.3753577768802643 1.8600000143051147 1.5230048809212577 -0.42934143747168785 -3.5608988132325705 7249 7 True
pedestrian -2.589621850953307 -2.788587932046255 -2.727522134780884 0.3753577768802643 0.3753577768802643 1.8600000143051147 1.885117251636929 1.0312435204343986 -1.4186417224702794 7245 56 True
pedestrian -11.97869247910031 4.294951401612536 -3.4913724213838577 0.3753577768802643 0.3753577768802643 1.8600000143051147 2.664916392280155 -0.059355080493098906 0.03215496839520191 7247 14 True
pedestrian 28.023704849313944 4.008825420478956 -2.624346613883972 0.3753577768802643 0.3753577768802643 1.8600000143051147 -0.0017381106173197428 0.007082089942774542 1.8270900449970149 7253 4 True