0.0 0.0
car 59.850360540651764 14.789910224637367 -2.7340167760849 4.181210041046143 1.994117259979248 1.3805816173553467 3.141586138419681 0.0 0.0 20001 5 True
car 59.410046759924626 89.06812432238141 -2.759573519229889 5.357479572296143 2.033203125 1.4147460460662842 3.1415866710514493 0.0 0.0 20003 0 False
car 82.3799952485082 21.999321835362764 -2.4693764448165894 4.4777727127075195 2.069315195083618 2.0377910137176514 -1.570798462106366 0.0 0.0 20011 0 False
car 43.494853564533834 -58.464889390907786 -2.917840600013733 3.633375883102417 1.845113754272461 1.5012825727462769 0.0012299799105326334 -0.02433244551608006 8.685259203733388 7259 0 False
car -10.729640688505455 23.943875490416588 -2.7868372797966003 4.552699089050293 2.097072124481201 1.7671663761138916 -1.570256487923844 0.0038327916949651604 -3.6014196456295915 7256 53 True
car -2.7676275112403292 -5.2260571732725225 -2.9593968987464905 4.673638820648193 1.8118125200271606 1.441947340965271 -3.043981633227454 -1.8143615590968294 7.545123626372323 7244 1033 True
car 12.898772712054882 -5.028629670987584 -2.9599934816360474 4.673638820648193 1.8118125200271606 1.441947340965271 -3.139256273907979 -0.02661502385339582 8.039914794122796 7255 226 True
car 44.911484920665664 -1.0050829607475293 -2.9597177505493164 4.673638820648193 1.8118125200271606 1.441947340965271 0.0008552734616597492 -0.018809524068537288 10.892535605130197 7258 10 True
truck -14.742211148835578 34.00274933572541 -1.7699719667434692 8.46804141998291 2.8910882472991943 3.8274123668670654 1.569859165983412 -0.004498458771692275 -6.082586855246713 7261 116 True
car -14.739391801464759 50.40155304287276 -2.8476996421813965 4.611005783081055 2.241713285446167 1.6672759056091309 1.5710131127090454 0.0032038071355824484 -9.612334524498207 7260 13 True
car -10.747260018332032 -1.978487767006584 -2.8711957931518555 4.855708599090576 2.0327565670013428 1.6493593454360962 -1.566308695152089 0.12876104795826682 -13.084726379678258 7242 572 True
car -14.70106005512094 -28.073971911555134 -2.861181676387787 5.237514495849609 1.9297595024108887 1.638383150100708 1.5694554311031765 -0.0049975410381430906 -4.014958325610616 7243 48 True
motorcycle -10.73848064780556 40.66351051219118 -2.914079785346985 2.0333523750305176 0.8025798797607422 1.4992748498916626 -1.570548440515329 0.0038104796299713584 -7.682308146444063 7257 6 True
pedestrian 8.55949177301968 3.522737292796876 -2.624348282814026 0.3753577768802643 0.3753577768802643 1.8600000143051147 -0.0030128315963745115 -0.002489667322004761 1.507387325259534 7251 10 True
pedestrian -19.777855454836086 -20.200460393742333 -2.623170256614685 0.9953577518463135 0.3753577768802643 1.8600000143051147 1.5542258909573023 -0.10043062810135571 -3.153456206462036 7249 4 True
pedestrian 3.2701957088240956 -9.082388596799206 -2.614869236946106 0.3753577768802643 0.3753577768802643 1.8600000143051147 -3.0969609173071118 -0.21520033808522684 0.8787495356157022 7245 21 True
pedestrian -12.137969997774617 4.984038531499493 -2.8683239221572876 0.3753577768802643 0.3753577768802643 1.8600000143051147 -1.122162390923606 0.06651944439901467 -0.6499810723641654 7247 2 True
pedestrian 15.955051376951133 3.7389748303077113 -2.624346613883972 0.3753577768802643 0.3753577768802643 1.8600000143051147 0.1002799145634969 -0.3794216603600836 1.7653665934425262 7253 13 True