0.0 0.0
car 59.850360540651764 14.789910224637367 -2.7340167760849 4.181210041046143 1.994117259979248 1.3805816173553467 3.141586138419681 0.0 0.0 20001 4 True
car 59.410046759924626 89.06812432238141 -2.759573519229889 5.357479572296143 2.033203125 1.4147460460662842 3.1415866710514493 0.0 0.0 20003 0 False
car 82.3799952485082 21.999321835362764 -2.4693764448165894 4.4777727127075195 2.069315195083618 2.0377910137176514 -1.570798462106366 0.0 0.0 20011 0 False
car 33.47383075371933 -58.4753433415832 -2.9176880717277527 3.633375883102417 1.845113754272461 1.5012825727462769 0.0010857698593139647 -0.008772999592085938 3.9657656590034502 7259 0 False
car -10.735666834730276 35.29473609430602 -2.7852202653884888 4.552699089050293 2.097072124481201 1.7671663761138916 -1.570279545443855 0.007985812961902736 -7.667348562716459 7256 20 True
car 10.78692960598405 -5.026368508630355 -2.9597793221473694 4.673638820648193 1.8118125200271606 1.441947340965271 -3.140958964512719 -0.014345514584062335 11.527225656307246 7244 298 True
car 27.21863506872151 -5.035332424204114 -2.9597930908203125 4.673638820648193 1.8118125200271606 1.441947340965271 -3.1370015104755824 -0.05673949488635287 8.650849575452483 7255 29 True
car 32.87684745853558 -1.0131538118541812 -2.9604222178459167 4.673638820648193 1.8118125200271606 1.441947340965271 -0.0015042852711147732 0.006891475127758187 4.522625225813293 7258 20 True
truck -14.736649813269109 25.54504669145541 -1.7707511186599731 8.46804141998291 2.8910882472991943 3.8274123668670654 1.5713747696795994 0.005368281123836411 -4.574566834345838 7261 208 True
car -14.73636118104973 38.49716461101002 -2.847750246524811 4.611005783081055 2.241713285446167 1.6672759056091309 1.571091143263075 0.0037543387201932994 -5.243621787576887 7260 19 True
car -10.726931654640044 18.66732519376734 -2.869600772857666 4.855708599090576 2.0327565670013428 1.6493593454360962 -1.5702684858250264 0.013801612987107923 -13.076774360866791 7242 113 True
car -14.701211578281965 -29.57558934299317 -2.861320674419403 5.237514495849609 1.9297595024108887 1.638383150100708 1.567740889441596 -8.726758334268284e-08 1.2434818901304375e-05 7243 36 True
motorcycle -10.740598418657324 51.911343767034566 -2.9170584082603455 2.0333523750305176 0.8025798797607422 1.4992748498916626 -1.5706362229218018 0.0019085849274724355 -6.3960462768514486 7257 2 True
pedestrian 6.082942349305689 3.319676683710668 -2.624348282814026 0.3753577768802643 0.3753577768802643 1.8600000143051147 0.09257899130206637 -0.17049501519521226 1.4222625029488485 7251 42 True
pedestrian -19.789033545456125 -25.181722585636294 -2.623170256614685 0.9953577518463135 0.3753577768802643 1.8600000143051147 1.5722863689507378 -0.017962243062789093 -3.114873800075544 7249 4 True
pedestrian 5.1767640292250725 -8.531213201708454 -2.614869236946106 0.3753577768802643 0.3753577768802643 1.8600000143051147 -3.024329118879106 -0.25036459781078046 1.163710382937497 7245 32 True
pedestrian -13.536710523585018 5.998871969782442 -2.7275222539901733 0.9953577518463135 0.3753577768802643 1.8600000143051147 -0.07003801487520006 0.5150284381034312 3.657476628781651 7247 20 True
pedestrian 13.07129825224887 3.5162309350974397 -2.624346613883972 0.3753577768802643 0.3753577768802643 1.8600000143051147 0.07595555381902058 -0.29237708112975985 1.7828073181492663 7253 11 True