0.0 0.0
car 59.850360540651764 14.789910224637367 -2.7340167760849 4.181210041046143 1.994117259979248 1.3805816173553467 3.141586138419681 0.0 0.0 20001 5 True
car 59.410046759924626 89.06812432238141 -2.759573519229889 5.357479572296143 2.033203125 1.4147460460662842 3.1415866710514493 0.0 0.0 20003 0 False
car 82.3799952485082 21.999321835362764 -2.4693764448165894 4.4777727127075195 2.069315195083618 2.0377910137176514 -1.570798462106366 0.0 0.0 20011 0 False
car 81.16933786969075 -58.42639673917154 -2.9176533818244934 3.633375883102417 1.845113754272461 1.5012825727462769 -0.00023329271443684894 0.004544853937494246 16.048793601304293 7259 0 False
car -10.729084639357511 23.018216309973923 -2.7847142219543457 4.552699089050293 2.097072124481201 1.7671663761138916 -1.5710509295645818 2.203041679160975e-08 -5.904449259914998e-09 7256 64 True
car -10.649868939041307 -24.5368069908111 -2.9594614505767822 4.673638820648193 1.8118125200271606 1.441947340965271 -1.5822537756240567 -0.256926592348679 -11.503953515268625 7244 51 True
car -9.307060094932776 -10.899388156013345 -2.960136115550995 4.673638820648193 1.8118125200271606 1.441947340965271 -1.9245175548411475 -5.669421016569863 -6.861608599202615 7255 186 True
car 86.90155529568948 -0.9815192523919336 -2.96006977558136 4.673638820648193 1.8118125200271606 1.441947340965271 0.0003424822269015842 -0.008111494723703755 11.143972174231271 7258 0 True
truck -14.746880896217203 56.46487702764108 -1.769586443901062 8.46804141998291 2.8910882472991943 3.8274123668670654 1.5708650410775076 0.003026573909908723 -8.581384932918459 7261 36 True
car -14.74556943780097 88.0757473872502 -2.8464173674583435 4.611005783081055 2.241713285446167 1.6672759056091309 1.5706961968070137 -0.0020212387286146845 -13.659988334900126 7260 0 True
car -9.562760209696194 -51.54700133500148 -2.840417444705963 4.855708599090576 2.0327565670013428 1.6493593454360962 -1.1297717680998907 11.313116383324079 -10.439134624237402 7242 11 True
car -14.702188891264335 -24.850857896347748 -2.861320674419403 5.237514495849609 1.9297595024108887 1.638383150100708 1.5710104495502046 -2.1341058118666554e-08 2.1224708752875077e-07 7243 55 True
motorcycle -10.733127113006029 31.31203955765426 -2.916862189769745 2.0333523750305176 0.8025798797607422 1.4992746114730835 -1.5702435756021065 0.0015930234059128219 -1.4447801987507611 7257 7 True
pedestrian 13.19811808060279 3.6769363296613733 -2.624348282814026 0.3753577768802643 0.3753577768802643 1.8600000143051147 0.02160713977940877 -0.06362625832814103 1.533993113919084 7251 11 True
pedestrian -19.28924413561232 -9.922934200329678 -2.623170256614685 0.9953577518463135 0.3753577768802643 1.8600000143051147 1.4683035983352661 -0.729711992566449 -3.511738549631331 7249 10 True
pedestrian -0.18392625141010477 -8.652055547275836 -2.614869236946106 0.3753577768802643 0.3753577768802643 1.8600000143051147 2.5862693169788784 0.9879127943349376 0.6290547597188206 7245 34 True
pedestrian -12.233040072776744 4.426116297038504 -3.4913524985313416 0.3753577768802643 0.3753577768802643 1.8600000143051147 2.664923050177256 0.03436122415411434 -0.01721910528769104 7247 19 True
pedestrian 21.3107111327096 3.9388882276135746 -2.624346613883972 0.3753577768802643 0.3753577768802643 1.8600000143051147 0.00662034656185574 -0.04393728022293841 1.7982836201749697 7253 8 True