0.0 0.0
car 59.850360540651764 14.789910224637367 -2.7340167760849 4.181210041046143 1.994117259979248 1.3805816173553467 3.141586138419681 0.0 0.0 20001 4 True
car 59.410046759924626 89.06812432238141 -2.759573519229889 5.357479572296143 2.033203125 1.4147460460662842 3.1415866710514493 0.0 0.0 20003 0 False
car 82.3799952485082 21.999321835362764 -2.4693764448165894 4.4777727127075195 2.069315195083618 2.0377910137176514 -1.570798462106366 0.0 0.0 20011 0 False
car -10.729084639357511 23.018216309973923 -2.7847142219543457 4.552699089050293 2.097072124481201 1.7671663761138916 -1.5710509295645818 3.521501722699956e-10 -4.576781939330838e-10 7256 67 True
car -1.2596786121791688 -57.99449183384803 -2.957637131214142 4.673638820648193 1.8118125200271606 1.441947340965271 0.03586715694936116 -0.046153701937444724 10.145643544210113 7244 0 False
car -10.68700462583266 -37.09274566121792 -2.9600914120674133 4.673638820648193 1.8118125200271606 1.441947340965271 -1.5721577382486995 -0.02501438232042506 -9.526022864551148 7255 22 True
car 108.40704850490808 -0.9482231973134958 -2.9598384499549866 4.673638820648193 1.8118125200271606 1.441947340965271 0.011072349195692274 -0.143882216210612 5.556905532818508 7258 0 True
truck -14.7492353370879 82.6394986129107 -1.7695109844207764 8.46804141998291 2.8910882472991943 3.8274123668670654 1.5709260274149575 0.002679103376125585 -10.03972608108498 7261 0 True
car 28.45114855418432 -58.48241661390591 -2.865524470806122 4.855708599090576 2.0327565670013428 1.6493593454360962 0.0011038793394300673 -0.02135940949944741 9.548224942963252 7242 0 False
car -14.702188891264335 -24.850857896347748 -2.861320674419403 5.237514495849609 1.9297595024108887 1.638383150100708 1.5710104495502046 1.4617448333509457e-07 6.439351881080023e-09 7243 50 True
motorcycle -10.732168626309415 29.584988775102318 -2.915061354637146 2.0333523750305176 0.8025798797607422 1.4992756843566895 -1.5702782453984199 1.790602081140991e-08 1.3379758372896898e-08 7257 9 True
pedestrian 17.642473224328175 3.7748917332814926 -2.624348282814026 0.3753577768802643 0.3753577768802643 1.8600000143051147 0.020564113619486492 -0.07010629003264644 1.6989664250121213 7251 2 True
pedestrian -18.4243086067049 -0.3249434289519968 -2.623170256614685 0.9953577518463135 0.3753577768802643 1.8600000143051147 1.498549359603882 -0.4469187567959834 -3.066364073220231 7249 8 True
pedestrian -2.1016592547112474 -4.289595673323049 -2.727522134780884 0.3753577768802643 0.3753577768802643 1.8600000143051147 1.8851148547939724 1.0312401625838206 -1.4186442427846875 7245 67 True
pedestrian -12.048496979646547 4.330870685651803 -3.491438001394272 0.3753577768802643 0.3753577768802643 1.8600000143051147 2.664918256491343 -0.03514283881315657 0.02109933727697376 7247 30 True
pedestrian 26.38089402463801 4.006508310572315 -2.624346613883972 0.3753577768802643 0.3753577768802643 1.8600000143051147 -0.0015727284533182777 -0.010414998407045229 1.8224794925524268 7253 4 True