0.0 0.0
car 59.850360540651764 14.789910224637367 -2.7340167760849 4.181210041046143 1.994117259979248 1.3805816173553467 3.141586138419681 0.0 0.0 20001 5 True
car 59.410046759924626 89.06812432238141 -2.759573519229889 5.357479572296143 2.033203125 1.4147460460662842 3.1415866710514493 0.0 0.0 20003 0 False
car 82.3799952485082 21.999321835362764 -2.4693764448165894 4.4777727127075195 2.069315195083618 2.0377910137176514 -1.570798462106366 0.0 0.0 20011 0 False
car 73.40433847685823 -58.42873607100796 -2.9178067445755005 3.633375883102417 1.845113754272461 1.5012825727462769 0.000736363419426812 -0.01991650839591176 14.936108073386999 7259 0 False
car -10.729084639357511 23.018216309973923 -2.7847142219543457 4.552699089050293 2.097072124481201 1.7671663761138916 -1.5710509295645818 5.282232975314273e-09 -9.432980868203978e-09 7256 72 True
car -10.536527169804906 -19.46301564047519 -2.9592978954315186 4.673638820648193 1.8118125200271606 1.441947340965271 -1.6221079539154635 -0.8261743492882996 -8.854770729822539 7244 73 True
car -6.857978130197141 -6.978981318295325 -2.9599257707595825 4.673638820648193 1.8118125200271606 1.441947340965271 -2.5248803764913346 -8.271992001308316 2.0277154133674307 7255 431 True
car 80.82948040257544 -0.9837082902733414 -2.9600746631622314 4.673638820648193 1.8118125200271606 1.441947340965271 0.0003480748604668511 -0.009705988938695741 12.964102078205954 7258 0 True
truck -14.74653183669607 52.25287141192598 -1.7695741653442383 8.46804141998291 2.8910882472991943 3.8274123668670654 1.5709936716495088 0.003466171778700053 -8.253599268966251 7261 51 True
car -14.744937819848944 81.2483700670459 -2.8462698459625244 4.611005783081055 2.241713285446167 1.6672759056091309 1.5710208358696829 0.006154753393007185 -13.606106065936102 7260 0 True
car -10.683691504321136 -43.209078673530996 -2.8684577345848083 4.855708599090576 2.0327565670013428 1.6493593454360962 -1.56185312274108 0.3627313233985543 -17.432896516331592 7242 24 True
car -14.702188891264335 -24.850857896347748 -2.861320674419403 5.237514495849609 1.9297595024108887 1.638383150100708 1.5710104495502046 1.5008126676197246e-07 7.933149798066481e-07 7243 35 True
motorcycle -10.733854363898685 32.66488379692345 -2.915008783340454 2.0333523750305176 0.8025798797607422 1.4992746114730835 -1.570244479359623 0.0035053319495023678 -2.753744520285029 7257 10 True
pedestrian 12.431169357908164 3.660152700918502 -2.624348282814026 0.3753577768802643 0.3753577768802643 1.8600000143051147 0.020247197717454698 -0.055187545135163545 1.5290789058038932 7251 12 True
pedestrian -19.472538465113377 -11.706991569154184 -2.623170256614685 0.9953577518463135 0.3753577768802643 1.8600000143051147 1.4700285263163249 -0.6914916650959386 -3.5193847526911046 7249 7 True
pedestrian 0.38419620033077706 -8.9561334655275 -2.614869236946106 0.3753577768802643 0.3753577768802643 1.8600000143051147 3.006891287422604 0.04803383647340311 0.27881424684416684 7245 33 True
pedestrian -12.262246656073126 4.441222537785677 -3.491358831524849 0.3753577768802643 0.3753577768802643 1.8600000143051147 2.6649166585960384 0.04167463809182065 -0.02066556232526071 7247 24 True
pedestrian 20.414146640465866 3.932541786220554 -2.624346613883972 0.3753577768802643 0.3753577768802643 1.8600000143051147 0.04358286074235704 -0.1791418739741425 1.7946315166133564 7253 13 True