0.0 0.0
car 59.850360540651764 14.789910224637367 -2.7340167760849 4.181210041046143 1.994117259979248 1.3805816173553467 3.141586138419681 0.0 0.0 20001 6 True
car 59.410046759924626 89.06812432238141 -2.759573519229889 5.357479572296143 2.033203125 1.4147460460662842 3.1415866710514493 0.0 0.0 20003 0 False
car 82.3799952485082 21.999321835362764 -2.4693764448165894 4.4777727127075195 2.069315195083618 2.0377910137176514 -1.570798462106366 0.0 0.0 20011 0 False
car 92.86602365533065 -58.43037987349521 -2.917529344558716 3.633375883102417 1.845113754272461 1.5012825727462769 -0.0006247770640055338 0.020334117810803975 17.32557345070854 7259 0 False
car -10.729084639357511 23.018216309973923 -2.7847142219543457 4.552699089050293 2.097072124481201 1.7671663761138916 -1.5710509295645818 -1.1235393090127528e-09 1.4092731984283908e-09 7256 58 True
car -10.686583204497428 -33.825442194986124 -2.95978581905365 4.673638820648193 1.8118125200271606 1.441947340965271 -1.5717284370435942 -0.028180124322868923 -13.973993680145375 7244 27 True
car -10.224002996574992 -15.699405224098996 -2.9598900079727173 4.673638820648193 1.8118125200271606 1.441947340965271 -1.6942801743512947 -1.4832381829535644 -6.452165137506435 7255 98 True
car 93.93137860577653 -0.9764628599288585 -2.960042655467987 4.673638820648193 1.8118125200271606 1.441947340965271 0.0006045370568169488 -0.0113919044126391 9.132006238750519 7258 0 True
truck -14.747470271736537 62.61969270227911 -1.7695434093475342 8.46804141998291 2.8910882472991943 3.8274123668670654 1.570856252653334 0.0011773741335199537 -8.986231231521002 7261 43 True
car -14.744933259818161 97.63418854851511 -2.8463991284370422 4.611005783081055 2.241713285446167 1.6672759056091309 1.570936147418552 0.0042498852642713705 -13.648106249794479 7260 0 True
car -2.5633290098339536 -58.36002961816604 -2.8512951135635376 4.855708599090576 2.0327565670013428 1.6493593454360962 -0.11810483615748087 5.3727278122145155 11.728181472062994 7242 0 True
car -14.702188891264335 -24.850857896347748 -2.861320674419403 5.237514495849609 1.9297595024108887 1.638383150100708 1.5710104495502046 1.479982645344857e-07 -8.540880661304087e-09 7243 42 True
motorcycle -10.732181836996304 29.600888433323348 -2.9156803488731384 2.0333523750305176 0.8025798797607422 1.4992746114730835 -1.5702433232001871 0.0011752311743705196 -1.0618160840109383 7257 6 True
pedestrian 14.27622785319969 3.7000977106050073 -2.624348282814026 0.3753577768802643 0.3753577768802643 1.8600000143051147 0.01895729673300849 -0.06516493586655166 1.541229112871812 7251 6 True
pedestrian -19.062654411265513 -7.42665765188849 -2.623170256614685 0.9953577518463135 0.3753577768802643 1.8600000143051147 1.4643480085093181 -0.7497774685271157 -3.5073785941920046 7249 6 True
pedestrian -0.963097029617467 -7.79194706961232 -2.614869236946106 0.3753577768802643 0.3753577768802643 1.8600000143051147 1.9868382014490762 1.5256795866139903 -0.8641524050989543 7245 55 True
pedestrian -12.19111929115724 4.404479277344592 -3.4913482815027237 0.3753577768802643 0.3753577768802643 1.8600000143051147 2.664922384387546 0.02224844847513682 -0.01121954141442459 7247 28 True
pedestrian 22.568161256855774 3.9539316897672734 -2.624346613883972 0.3753577768802643 0.3753577768802643 1.8600000143051147 0.02202698677062988 -0.047565721428159916 1.8043705071255858 7253 1 True