0.0 0.0
car 59.850360540651764 14.789910224637367 -2.7340167760849 4.181210041046143 1.994117259979248 1.3805816173553467 3.141586138419681 0.0 0.0 20001 6 True
car 59.410046759924626 89.06812432238141 -2.759573519229889 5.357479572296143 2.033203125 1.4147460460662842 3.1415866710514493 0.0 0.0 20003 0 False
car 82.3799952485082 21.999321835362764 -2.4693764448165894 4.4777727127075195 2.069315195083618 2.0377910137176514 -1.570798462106366 0.0 0.0 20011 0 False
car 30.41645007207407 -58.47930648394731 -2.9176414012908936 3.633375883102417 1.845113754272461 1.5012825727462769 0.001180578314039442 -0.005181835972320689 2.199364808772237 7259 0 False
car -10.7393479856631 42.88427467352676 -2.7834798097610474 4.552699089050293 2.097072124481201 1.7671663761138916 -1.570495731946547 0.0039791488761506165 -5.373337731845431 7256 21 True
car 20.589446552916215 -5.019240677892128 -2.959632456302643 4.673638820648193 1.8118125200271606 1.441947340965271 -3.1410065018980236 -0.007510706749826399 6.159427596435577 7244 72 True
car 35.47710393487852 -4.859531846962682 -2.959606170654297 4.673638820648193 1.8118125200271606 1.441947340965271 -3.0271067935498555 -1.2273478136004528 6.257229930010517 7255 28 True
car 26.69927329610664 -1.0166244450638828 -2.959484040737152 4.673638820648193 1.8118125200271606 1.441947340965271 0.000566720201280382 -0.006045556810680046 5.404514044336035 7258 45 True
truck -14.734449361978955 21.913668514639028 -1.7695693969726562 8.46804141998291 2.8910882472991943 3.8274123668670654 1.5714738391884697 0.003319882495108746 -3.3290072198982736 7261 304 True
car -14.73469311796599 34.69018829038339 -2.847810745239258 4.611005783081055 2.241713285446167 1.6672759056091309 1.5711574559182062 0.0014899263975598164 -2.3284940332594295 7260 18 True
car -10.732608023625065 28.887173834290195 -2.869175136089325 4.855708599090576 2.0327565670013428 1.6493593454360962 -1.5698893526548034 0.01074153032823144 -7.103940214618596 7242 48 True
car -14.701236372614991 -29.57470433319395 -2.8613937497138977 5.237514495849609 1.9297595024108887 1.638383150100708 1.5677400904939438 -9.901297424996246e-05 0.0029028636547103895 7243 41 True
motorcycle -10.741358366421371 58.51803322120139 -2.9133073687553406 2.0333523750305176 0.8025798797607422 1.4992748498916626 -1.570699792168976 0.00044229725773319077 -2.1967778170972383 7257 2 True
pedestrian 4.672269150099183 3.277076056129374 -2.624348282814026 0.3753577768802643 0.3753577768802643 1.8600000143051147 0.00740304894510905 -0.019539338023919852 1.3729398397492922 7251 26 True
pedestrian -19.780091048729858 -28.428091005962585 -2.623170256614685 0.9953577518463135 0.3753577768802643 1.8600000143051147 1.5797139189571803 0.07608813300516103 -3.224449629229417 7249 8 True
pedestrian 6.722758053651702 -8.369227991863454 -2.614869236946106 0.3753577768802643 0.3753577768802643 1.8600000143051147 -2.8869424800838894 -0.6490704849825566 1.0793347344150614 7245 22 True
pedestrian -17.21436170820075 6.205755615159319 -2.6235408782958984 0.9953577518463135 0.3753577768802643 1.8600000143051147 0.3330730204018487 -2.883057138643416 0.8315548512164164 7247 14 True
pedestrian 11.314702488088717 3.4036234520269772 -2.624346613883972 0.3753577768802643 0.3753577768802643 1.8600000143051147 0.02379372634548611 -0.07862215682977343 1.661832227890138 7253 30 True