0.0 0.0
car 59.850360540651764 14.789910224637367 -2.7340167760849 4.181210041046143 1.994117259979248 1.3805816173553467 3.141586138419681 0.0 0.0 20001 3 True
car 59.410046759924626 89.06812432238141 -2.759573519229889 5.357479572296143 2.033203125 1.4147460460662842 3.1415866710514493 0.0 0.0 20003 0 False
car 82.3799952485082 21.999321835362764 -2.4693764448165894 4.4777727127075195 2.069315195083618 2.0377910137176514 -1.570798462106366 0.0 0.0 20011 0 False
car 84.41964304489308 -58.426828389472746 -2.9175959825515747 3.633375883102417 1.845113754272461 1.5012825727462769 -0.0003085269516838921 0.008235679956617238 16.43119997220025 7259 0 False
car -10.729084639357511 23.018216309973923 -2.7847142219543457 4.552699089050293 2.097072124481201 1.7671663761138916 -1.5710509295645818 -1.1350769134829629e-08 1.6627226697023243e-09 7256 65 True
car -10.668445500894087 -26.955752278144075 -2.9595112800598145 4.673638820648193 1.8118125200271606 1.441947340965271 -1.5762914935311212 -0.1394805486196535 -12.601904156618128 7244 32 True
car -9.743594731794644 -12.47830602153715 -2.9602347016334534 4.673638820648193 1.8118125200271606 1.441947340965271 -1.8107595764775277 -3.356752697706918 -6.767299058412941 7255 142 True
car 88.99879193056162 -0.9803624262071935 -2.9601388573646545 4.673638820648193 1.8118125200271606 1.441947340965271 0.0005095954441494412 -0.011522306632293913 10.098796212738316 7258 0 True
truck -14.747080493557862 58.19415559236785 -1.7695739269256592 8.46804141998291 2.8910882472991943 3.8274123668670654 1.570883150557624 0.0015554769263708488 -8.703011880201272 7261 35 True
car -14.745340191480604 90.80807770921021 -2.846365213394165 4.611005783081055 2.241713285446167 1.6672759056091309 1.570684478908115 -0.0030332525517663663 -13.645212002865698 7260 0 True
car -8.128656298092107 -54.226263532142866 -2.8098411560058594 4.855708599090576 2.0327565670013428 1.6493593454360962 -0.8208014004690383 14.481586170833353 -2.7136991243962627 7242 8 True
car -14.702188891264335 -24.850857896347748 -2.861320674419403 5.237514495849609 1.9297595024108887 1.638383150100708 1.5710104495502046 8.963707632820741e-08 6.252912272082068e-08 7243 48 True
motorcycle -10.732856813986164 30.822232428380858 -2.91398823261261 2.0333523750305176 0.8025798797607422 1.4992748498916626 -1.5702429151439155 0.0035394615045750743 -3.2003981542143705 7257 8 True
pedestrian 13.505611300283366 3.6841990965976947 -2.624348282814026 0.3753577768802643 0.3753577768802643 1.8600000143051147 0.02332527670542399 -0.07021351418783255 1.535791938014777 7251 11 True
pedestrian -19.247988172713278 -9.210287771855747 -2.623170256614685 0.9953577518463135 0.3753577768802643 1.8600000143051147 1.5112366483205157 -0.49553021986361223 -3.5400623053351636 7249 7 True
pedestrian -0.45612278616392565 -8.4786542995393 -2.614869236946106 0.3753577768802643 0.3753577768802643 1.8600000143051147 2.5976371436479355 1.3385292200293997 0.6370998190816134 7245 32 True
pedestrian -12.22120563843158 4.420012765377635 -3.4913606345653534 0.3753577768802643 0.3753577768802643 1.8600000143051147 2.664922517545488 0.03131644847929262 -0.015255516289231018 7247 17 True
pedestrian 21.668617476205867 3.9403220688175224 -2.624346613883972 0.3753577768802643 0.3753577768802643 1.8600000143051147 0.0016319837375217013 -0.02086978364402258 1.7776049956000617 7253 6 True