0.0 0.0
car 59.850360540651764 14.789910224637367 -2.7340167760849 4.181210041046143 1.994117259979248 1.3805816173553467 3.141586138419681 0.0 0.0 20001 4 True
car 59.410046759924626 89.06812432238141 -2.759573519229889 5.357479572296143 2.033203125 1.4147460460662842 3.1415866710514493 0.0 0.0 20003 0 False
car 82.3799952485082 21.999321835362764 -2.4693764448165894 4.4777727127075195 2.069315195083618 2.0377910137176514 -1.570798462106366 0.0 0.0 20011 0 False
car -10.729084639357511 23.018216309973923 -2.7847142219543457 4.552699089050293 2.097072124481201 1.7671663761138916 -1.5710509295645818 -1.267351689453964e-10 2.1311442891320728e-11 7256 58 True
car 4.106853490845037 -58.1588667813532 -2.9598090052604675 4.673638820648193 1.8118125200271606 1.441947340965271 -0.048604779368082676 1.0600499389098872 11.375108948220017 7244 0 False
car -10.690219676889104 -41.82614409437019 -2.9597418308258057 4.673638820648193 1.8118125200271606 1.441947340965271 -1.5710509294995636 -0.00480402337818517 -10.296962662187216 7255 12 True
car 111.97311970994384 -0.4697124043873373 -2.9597137570381165 4.673638820648193 1.8118125200271606 1.441947340965271 0.22318789084794785 -3.994501083021008 7.302683383979214 7258 0 True
truck -14.749985673959916 87.71733369694454 -1.7695025205612183 8.46804141998291 2.8910882472991943 3.8274123668670654 1.5709436042633056 0.004941098026475448 -10.261781187706413 7261 0 True
car 32.28539996436108 -58.47772210233717 -2.864137291908264 4.855708599090576 2.0327565670013428 1.6493593454360962 0.0008728503100077311 -0.008659370657333578 4.242219796531989 7242 0 False
car -14.702188891264335 -24.850857896347748 -2.861320674419403 5.237514495849609 1.9297595024108887 1.638383150100708 1.5710104495502046 -8.131539326613656e-09 1.7819505554199894e-08 7243 52 True
motorcycle -10.732168626309415 29.584988775102318 -2.915061354637146 2.0333523750305176 0.8025798797607422 1.4992756843566895 -1.5702782453984199 4.4525115994803056e-08 -5.33639912069808e-09 7257 4 True
pedestrian 18.48990252419704 3.7928654385190157 -2.624348282814026 0.3753577768802643 0.3753577768802643 1.8600000143051147 0.021505673427581785 -0.07150551228620747 1.689575625367351 7251 2 True
pedestrian -18.29494312287563 1.4638442375561453 -2.623170256614685 0.9953577518463135 0.3753577768802643 1.8600000143051147 1.4986007585695054 -0.516106178623773 -3.5493617736140264 7249 10 True
pedestrian -2.3727495859568357 -3.455702483724849 -2.727522134780884 0.3753577768802643 0.3753577768802643 1.8600000143051147 1.8851148547939724 1.0312401625838206 -1.4186442427846875 7245 83 True
pedestrian -12.009502813696196 4.31085110156414 -3.491413861513138 0.3753577768802643 0.3753577768802643 1.8600000143051147 2.664917857017517 -0.05064420658511059 0.028689927515710978 7247 29 True
pedestrian 27.292980516664734 4.010352289526509 -2.624346613883972 0.3753577768802643 0.3753577768802643 1.8600000143051147 -0.001756086939493815 -0.0014828341412622419 1.8249076952214012 7253 4 True