0.0 0.0
car 59.850360540651764 14.789910224637367 -2.7340167760849 4.181210041046143 1.994117259979248 1.3805816173553467 3.141586138419681 0.0 0.0 20001 4 True
car 59.410046759924626 89.06812432238141 -2.759573519229889 5.357479572296143 2.033203125 1.4147460460662842 3.1415866710514493 0.0 0.0 20003 0 False
car 82.3799952485082 21.999321835362764 -2.4693764448165894 4.4777727127075195 2.069315195083618 2.0377910137176514 -1.570798462106366 0.0 0.0 20011 0 False
car -10.729084639357511 23.018216309973923 -2.7847142219543457 4.552699089050293 2.097072124481201 1.7671663761138916 -1.5710509295645818 5.54508995066112e-10 1.0771467093904122e-10 7256 64 True
car -4.445056827937966 -57.39481710746014 -2.955886483192444 4.673638820648193 1.8118125200271606 1.441947340965271 -0.20050203858015272 7.100566268316613 9.954802670038493 7244 0 True
car -10.681833695911067 -34.02200592212523 -2.9598265290260315 4.673638820648193 1.8118125200271606 1.441947340965271 -1.5732475029763116 -0.053208467179698495 -11.069217876278689 7255 30 True
car 106.77505995135692 -0.969003456650114 -2.9599990844726562 4.673638820648193 1.8118125200271606 1.441947340965271 0.0015933679343329535 -0.013934742104769204 5.008354644551355 7258 0 True
truck -14.748822636176294 79.64708223051005 -1.7695162296295166 8.46804141998291 2.8910882472991943 3.8274123668670654 1.5709228316243489 0.002635154227285737 -9.901120966866994 7261 0 True
car 25.27286104270508 -58.48637959243962 -2.865231215953827 4.855708599090576 2.0327565670013428 1.6493593454360962 0.0012157320107354058 -0.03072951187719896 11.749934444937487 7242 0 False
car -14.702188891264335 -24.850857896347748 -2.861320674419403 5.237514495849609 1.9297595024108887 1.638383150100708 1.5710104495502046 7.122355518230185e-08 4.25960894933422e-09 7243 44 True
motorcycle -10.732168626309415 29.584988775102318 -2.9150615334510803 2.0333523750305176 0.8025798797607422 1.4992754459381104 -1.5702782453984199 -1.063272018328041e-08 1.771656551889729e-07 7257 7 True
pedestrian 17.132463444602234 3.7644859302109808 -2.624348282814026 0.3753577768802643 0.3753577768802643 1.8600000143051147 0.021267320711347792 -0.07645701858891304 1.6841553601511805 7251 6 True
pedestrian -18.492540037389205 -1.2685163345461206 -2.623170256614685 0.3753577768802643 0.3753577768802643 1.8600000143051147 1.4977663909047443 -0.22316097033275828 -1.493949385099695 7249 4 True
pedestrian -1.9390050559225411 -4.7899010695038555 -2.727522134780884 0.3753577768802643 0.3753577768802643 1.8600000143051147 1.8851148547939724 1.0312401625838206 -1.4186442427846875 7245 73 True
pedestrian -12.071216943095028 4.342558948859562 -3.491386830806732 0.3753577768802643 0.3753577768802643 1.8600000143051147 2.6649191885969374 -0.024333098625652954 0.014423726592243105 7247 26 True
pedestrian 25.834144912873207 4.008889422518507 -2.624346613883972 0.3753577768802643 0.3753577768802643 1.8600000143051147 0.03711005318027072 -0.12875627289575914 1.8255325022070839 7253 5 True