0.0 0.0
car 59.850360540651764 14.789910224637367 -2.7340167760849 4.181210041046143 1.994117259979248 1.3805816173553467 3.141586138419681 0.0 0.0 20001 3 True
car 59.410046759924626 89.06812432238141 -2.759573519229889 5.357479572296143 2.033203125 1.4147460460662842 3.1415866710514493 0.0 0.0 20003 0 False
car 82.3799952485082 21.999321835362764 -2.4693764448165894 4.4777727127075195 2.069315195083618 2.0377910137176514 -1.570798462106366 0.0 0.0 20011 0 False
car 67.63473092472528 -58.43477073358048 -2.917664647102356 3.633375883102417 1.845113754272461 1.5012825727462769 0.0011209235560099282 -0.03143882175509872 14.086956925293467 7259 0 False
car -10.729084639357511 23.018216309973923 -2.7847142219543457 4.552699089050293 2.097072124481201 1.7671663761138916 -1.5710509295645818 1.504360148854144e-08 1.7144015910937354e-08 7256 62 True
car -10.359704872597597 -16.565341319519575 -2.9595441222190857 4.673638820648193 1.8118125200271606 1.441947340965271 -1.6755901089631982 -1.063147125644504 -5.464540302231969 7244 98 True
car -4.112445998722988 -5.500774589307014 -2.9600829482078552 4.673638820648193 1.8118125200271606 1.441947340965271 -2.9199102560034857 -3.600003655806492 6.7418050451504685 7255 922 True
car 75.35146068445695 -0.9864779670919575 -2.960052490234375 4.673638820648193 1.8118125200271606 1.441947340965271 0.0005608612518310547 -0.016961112894068688 14.506567098167626 7258 0 True
truck -14.745693430523435 49.00308503383087 -1.769619345664978 8.46804141998291 2.8910882472991943 3.8274123668670654 1.5710490653533937 0.004262775898737434 -7.984182749711989 7261 50 True
car -14.743709494653693 75.78842438666055 -2.8465378284454346 4.611005783081055 2.241713285446167 1.6672759056091309 1.5710195042902628 0.006204363155750342 -13.73831979154389 7260 0 True
car -10.697937651595963 -36.46524320499611 -2.8669756054878235 4.855708599090576 2.0327565670013428 1.6493593454360962 -1.5702360696683653 0.018832584945324613 -16.729696208032166 7242 24 True
car -14.702188891222983 -24.850827378769623 -2.8613211512565613 5.237514495849609 1.9297595024108887 1.638383150100708 1.5710104495502046 -1.855187849823618e-07 9.958776654774067e-06 7243 36 True
motorcycle -10.734484428023052 33.776822274341725 -2.9150590896606445 2.0333523750305176 0.8025798797607422 1.4992748498916626 -1.570174209741995 0.0032400850162221714 -2.6062042402314956 7257 11 True
pedestrian 11.819448304575346 3.649441859886906 -2.624348282814026 0.3753577768802643 0.3753577768802643 1.8600000143051147 0.015660439246283634 -0.04810609633059363 1.5250195241887534 7251 13 True
pedestrian -19.610757372229244 -13.134847827180806 -2.623170256614685 0.9953577518463135 0.3753577768802643 1.8600000143051147 1.5363158814383613 -0.2309786784491513 -3.5589965010682114 7249 6 True
pedestrian 0.6766031991486159 -8.98344709416483 -2.614869236946106 0.3753577768802643 0.3753577768802643 1.8600000143051147 3.065693435149299 0.0 0.0 7245 25 True
pedestrian -12.285331608191722 4.453185459691156 -3.4913509637117386 0.3753577768802643 0.3753577768802643 1.8600000143051147 2.6649209196501835 0.0463199890499605 -0.02399296782576402 7247 31 True
pedestrian 19.69477098065763 3.8960437375467336 -2.624346613883972 0.3753577768802643 0.3753577768802643 1.8600000143051147 0.056808773334503175 -0.20499041845596008 1.7882672059708202 7253 10 True