0.0 0.0
car 59.850360540651764 14.789910224637367 -2.7340167760849 4.181210041046143 1.994117259979248 1.3805816173553467 3.141586138419681 0.0 0.0 20001 2 True
car 59.410046759924626 89.06812432238141 -2.759573519229889 5.357479572296143 2.033203125 1.4147460460662842 3.1415866710514493 0.0 0.0 20003 0 False
car 82.3799952485082 21.999321835362764 -2.4693764448165894 4.4777727127075195 2.069315195083618 2.0377910137176514 -1.570798462106366 0.0 0.0 20011 0 False
car -10.729084639357511 23.018216309973923 -2.7847142219543457 4.552699089050293 2.097072124481201 1.7671663761138916 -1.5710509295645818 1.3962486240392028e-09 1.2548661106868216e-10 7256 66 True
car -2.283189464755118 -57.93519479268002 -2.95812326669693 4.673638820648193 1.8118125200271606 1.441947340965271 0.016337014749738907 0.9629927158114149 10.385669538051648 7244 0 False
car -10.685703935628862 -36.12674224500989 -2.9600502252578735 4.673638820648193 1.8118125200271606 1.441947340965271 -1.5723873025407595 -0.030647178909905204 -9.934164120769102 7255 30 True
car 107.85089615007581 -0.956401154657101 -2.959818124771118 4.673638820648193 1.8118125200271606 1.441947340965271 0.008513852497524685 -0.12373799695287163 5.562661194471559 7258 0 True
truck -14.749096504809504 81.63740815861917 -1.7695128917694092 8.46804141998291 2.8910882472991943 3.8274123668670654 1.570927891626146 0.0026908889763650854 -9.993971645994627 7261 0 True
car 27.464641136841472 -58.4835749451438 -2.865430533885956 4.855708599090576 2.0327565670013428 1.6493593454360962 0.001140764089372423 -0.023853548129920955 10.259387414938749 7242 0 False
car -14.702188891264335 -24.850857896347748 -2.861320674419403 5.237514495849609 1.9297595024108887 1.638383150100708 1.5710104495502046 1.1033504970770386e-07 1.869185214574765e-08 7243 51 True
motorcycle -10.732168626309415 29.584988775102318 -2.915061354637146 2.0333523750305176 0.8025798797607422 1.4992756843566895 -1.5702782453984199 -8.280263047796913e-09 -3.7938351501438636e-08 7257 5 True
pedestrian 17.472009657561006 3.771382442777565 -2.624348282814026 0.3753577768802643 0.3753577768802643 1.8600000143051147 0.020550664667341442 -0.07076816519325871 1.694264793162288 7251 4 True
pedestrian -18.450190858702843 -0.6826704446631311 -2.623170256614685 0.9953577518463135 0.3753577768802643 1.8600000143051147 1.4984691985227796 -0.3716845249248386 -2.5422875658152355 7249 9 True
pedestrian -2.0474421420950932 -4.4563437936632795 -2.727522134780884 0.3753577768802643 0.3753577768802643 1.8600000143051147 1.8851148547939724 1.0312401625838206 -1.4186442427846875 7245 62 True
pedestrian -12.056165886681558 4.3348379811995414 -3.491371810436249 0.3753577768802643 0.3753577768802643 1.8600000143051147 2.664918789123111 -0.03141380341182953 0.017681867200461013 7247 36 True
pedestrian 26.19859727270076 4.007240979461869 -2.624346613883972 0.3753577768802643 0.3753577768802643 1.8600000143051147 0.002177265510135227 -0.03912239388601419 1.821598710811075 7253 5 True