0.0 0.0
car 59.850360540651764 14.789910224637367 -2.7340167760849 4.181210041046143 1.994117259979248 1.3805816173553467 3.141586138419681 0.0 0.0 20001 2 True
car 59.410046759924626 89.06812432238141 -2.759573519229889 5.357479572296143 2.033203125 1.4147460460662842 3.1415866710514493 0.0 0.0 20003 0 False
car 82.3799952485082 21.999321835362764 -2.4693764448165894 4.4777727127075195 2.069315195083618 2.0377910137176514 -1.570798462106366 0.0 0.0 20011 0 False
car 69.04752694734204 -58.433216251453814 -2.917455494403839 3.633375883102417 1.845113754272461 1.5012825727462769 0.0011073414459228516 -0.0313530652028219 14.124219846763902 7259 0 False
car -10.729084639357511 23.018216309973923 -2.7847142219543457 4.552699089050293 2.097072124481201 1.7671663761138916 -1.5710509295645818 1.3979496432560315e-08 2.341271387220579e-08 7256 67 True
car -10.406377991530041 -17.137088082449793 -2.9595600962638855 4.673638820648193 1.8118125200271606 1.441947340965271 -1.6647819451244938 -1.070703479682872 -6.139377356371448 7244 97 True
car -4.823884034941226 -5.747294621393053 -2.9600948095321655 4.673638820648193 1.8118125200271606 1.441947340965271 -2.8365536506084865 -4.701466812805327 5.821814899250934 7255 840 True
car 76.77956890086413 -0.9856864451666638 -2.960070848464966 4.673638820648193 1.8118125200271606 1.441947340965271 0.000503070704989963 -0.015022926039250699 14.096186699075737 7258 0 True
truck -14.74591788699009 49.805666821245836 -1.769605278968811 8.46804141998291 2.8910882472991943 3.8274123668670654 1.5710354832433067 0.00406372267864797 -8.062067951424009 7261 54 True
car -14.744018295922228 77.15973176012835 -2.846288323402405 4.611005783081055 2.241713285446167 1.6672759056091309 1.5710195042902628 0.006167650358633814 -13.6746103995662 7260 0 True
car -10.697004349727118 -38.12768827462321 -2.8666118383407593 4.855708599090576 2.0327565670013428 1.6493593454360962 -1.5702419681490787 0.0184455838217834 -16.584299636670902 7242 25 True
car -14.702188891264335 -24.850857896347748 -2.861320674419403 5.237514495849609 1.9297595024108887 1.638383150100708 1.5710104495502046 -4.614162800442479e-08 1.1565442805873053e-05 7243 32 True
motorcycle -10.73430909495862 33.49532813347861 -2.9144972562789917 2.0333523750305176 0.8025798797607422 1.499274730682373 -1.570174114879965 0.00347958470280163 -2.7984329629044167 7257 6 True
pedestrian 11.972221211243166 3.651822023971306 -2.624348282814026 0.3753577768802643 0.3753577768802643 1.8600000143051147 0.015601317120022244 -0.048032682952819594 1.5260964750100146 7251 5 True
pedestrian -19.579351439459064 -12.777761688094984 -2.623170256614685 0.9953577518463135 0.3753577768802643 1.8600000143051147 1.4954981785202026 -0.38498001174466046 -3.5349620254289733 7249 6 True
pedestrian 0.6766031991486159 -8.98344709416483 -2.614869236946106 0.3753577768802643 0.3753577768802643 1.8600000143051147 3.065693435149299 0.0 0.0 7245 23 True
pedestrian -12.279576008972098 4.450164211657864 -3.4913693368434906 0.3753577768802643 0.3753577768802643 1.8600000143051147 2.6649191885969374 0.04555418263289419 -0.022321672670791184 7247 33 True
pedestrian 19.874660673300134 3.9061448121531726 -2.624346613883972 0.3753577768802643 0.3753577768802643 1.8600000143051147 0.05643673004447089 -0.20437465116103687 1.789220852313757 7253 9 True