0.0 0.0
car 59.850360540651764 14.789910224637367 -2.7340167760849 4.181210041046143 1.994117259979248 1.3805816173553467 3.141586138419681 0.0 0.0 20001 3 True
car 59.410046759924626 89.06812432238141 -2.759573519229889 5.357479572296143 2.033203125 1.4147460460662842 3.1415866710514493 0.0 0.0 20003 0 False
car 82.3799952485082 21.999321835362764 -2.4693764448165894 4.4777727127075195 2.069315195083618 2.0377910137176514 -1.570798462106366 0.0 0.0 20011 0 False
car 31.429961731980555 -58.47769042562868 -2.9175937175750732 3.633375883102417 1.845113754272461 1.5012825727462769 0.0011547456732855902 -0.0066114477304650135 2.8582477862065887 7259 0 False
car -10.738251197528031 40.379208754067236 -2.7830604910850525 4.552699089050293 2.097072124481201 1.7671663761138916 -1.5703524335200867 0.007214486535964023 -7.669229052904437 7256 23 True
car 17.341588502081372 -5.021708200828641 -2.9595178365707397 4.673638820648193 1.8118125200271606 1.441947340965271 -3.140702768632253 -0.015570139047994907 9.558469042341097 7244 111 True
car 32.22126344484231 -4.998657073926893 -2.959591329097748 4.673638820648193 1.8118125200271606 1.441947340965271 -3.1127173634295993 -0.459540550086369 9.169308059772435 7255 24 True
car 28.98380393786401 -1.015071144149431 -2.9595853686332703 4.673638820648193 1.8118125200271606 1.441947340965271 0.0007455513174268934 -0.009878341408199216 6.922724395988534 7258 30 True
truck -14.735161163921438 23.23089874021531 -1.7691301107406616 8.46804141998291 2.8910882472991943 3.8274123668670654 1.571422440222846 0.004249082809882299 -3.3702939261249427 7261 280 True
car -14.735171244078384 35.85037505861152 -2.8479793667793274 4.611005783081055 2.241713285446167 1.6672759056091309 1.5711734348712496 0.0024304644000140876 -3.4588060640734977 7260 15 True
car -10.7304425043138 25.51702612627156 -2.869928300380707 4.855708599090576 2.0327565670013428 1.6493593454360962 -1.570142586486263 0.011346487653715164 -9.623254753712494 7242 58 True
car -14.70121265112422 -29.575558825413623 -2.861328125 5.237514495849609 1.9297595024108887 1.638383150100708 1.567740889441596 -1.2472787729476746e-05 0.0002872717286400834 7243 47 True
motorcycle -10.741253762317942 56.625027849962464 -2.9128334522247314 2.0333523750305176 0.8025798797607422 1.4992748498916626 -1.5707415020737985 0.0013542066368857234 -6.630911183663584 7257 1 True
pedestrian 5.222832968020228 3.281256218311114 -2.624348282814026 0.3753577768802643 0.3753577768802643 1.8600000143051147 0.007568164793226453 -0.020576437212668174 1.376787924703651 7251 37 True
pedestrian -19.793277604649177 -27.095113693170276 -2.623170256614685 0.9953577518463135 0.3753577768802643 1.8600000143051147 1.5777237403555977 0.0585185979710671 -3.3223304211136755 7249 1 True
pedestrian 6.028896914297363 -8.466395020422397 -2.614869236946106 0.3753577768802643 0.3753577768802643 1.8600000143051147 -3.039942686529795 -0.4607941027190858 1.6920540296578508 7245 24 True
pedestrian -15.747483127621484 6.152622524003277 -2.7275222539901733 0.9953577518463135 0.3753577768802643 1.8600000143051147 -0.059749167010413266 0.25641789061956916 3.6846286925381886 7247 16 True
pedestrian 11.981027125318242 3.4196747952418605 -2.624346613883972 0.3753577768802643 0.3753577768802643 1.8600000143051147 0.02418108279885186 -0.08011883443844119 1.6647604415562391 7253 27 True