0.0 0.0
car 59.850360540651764 14.789910224637367 -2.7340167760849 4.181210041046143 1.994117259979248 1.3805816173553467 3.141586138419681 0.0 0.0 20001 3 True
car 59.410046759924626 89.06812432238141 -2.759573519229889 5.357479572296143 2.033203125 1.4147460460662842 3.1415866710514493 0.0 0.0 20003 0 False
car 82.3799952485082 21.999321835362764 -2.4693764448165894 4.4777727127075195 2.069315195083618 2.0377910137176514 -1.570798462106366 0.0 0.0 20011 0 False
car -10.729084639357511 23.018216309973923 -2.7847142219543457 4.552699089050293 2.097072124481201 1.7671663761138916 -1.5710509295645818 -3.1986523556735664e-10 -1.3316541337942612e-10 7256 74 True
car -5.565974269618808 -56.780618811257 -2.932084858417511 4.673638820648193 1.8118125200271606 1.441947340965271 -0.3638904287155999 11.13868722531154 7.312955869289852 7244 0 True
car -10.678941834168668 -32.905184636979186 -2.9598060846328735 4.673638820648193 1.8118125200271606 1.441947340965271 -1.5738696163613284 -0.0677146340841408 -11.144056731913077 7255 27 True
car 106.27016187895136 -0.9698267471158033 -2.960310399532318 4.673638820648193 1.8118125200271606 1.441947340965271 0.0015526216040717229 -0.016239167223895214 5.025871126911093 7258 0 True
truck -14.748658274253547 78.65890779180896 -1.7695177793502808 8.46804141998291 2.8910882472991943 3.8274123668670654 1.5708948684565227 0.0038478311101818193 -9.854026510474956 7261 0 True
car 24.063132799133122 -58.48830056066339 -2.8651551604270935 4.855708599090576 2.0327565670013428 1.6493593454360962 0.0014869747386508517 -0.039439561890491276 12.527930936812654 7242 0 False
car -14.702188891264335 -24.850857896347748 -2.861320674419403 5.237514495849609 1.9297595024108887 1.638383150100708 1.5710104495502046 -7.643876722302969e-08 9.7014871400921e-08 7243 54 True
motorcycle -10.732168626309415 29.584988775102318 -2.9150615334510803 2.0333523750305176 0.8025798797607422 1.4992753267288208 -1.5702782453984199 -6.701161361366012e-09 1.528171942905835e-07 7257 8 True
pedestrian 16.963409408516064 3.761007155375239 -2.624348282814026 0.3753577768802643 0.3753577768802643 1.8600000143051147 0.022711285434722898 -0.08501634899504783 1.678580274006077 7251 0 True
pedestrian -18.518411322215208 -1.626304385428341 -2.623170256614685 0.3753577768802643 0.3753577768802643 1.8600000143051147 1.4965128420384726 -0.14920969231871145 -0.9697257144730325 7249 5 True
pedestrian -1.8847879433890924 -4.956710225000336 -2.727522134780884 0.3753577768802643 0.3753577768802643 1.8600000143051147 1.8851148547939724 1.0312401625838206 -1.4186442427846875 7245 80 True
pedestrian -12.078584429606817 4.346404173686324 -3.4913513511419296 0.3753577768802643 0.3753577768802643 1.8600000143051147 2.664918789123111 -0.021049314023110107 0.011269400935440403 7247 29 True
pedestrian 25.65209992148595 4.0026335656763194 -2.624346613883972 0.3753577768802643 0.3753577768802643 1.8600000143051147 0.041175098834567596 -0.10458873789599159 1.8174499261091746 7253 7 True