0.0 0.0
car 59.850360540651764 14.789910224637367 -2.7340167760849 4.181210041046143 1.994117259979248 1.3805816173553467 3.141586138419681 0.0 0.0 20001 5 True
car 59.410046759924626 89.06812432238141 -2.759573519229889 5.357479572296143 2.033203125 1.4147460460662842 3.1415866710514493 0.0 0.0 20003 0 False
car 82.3799952485082 21.999321835362764 -2.4693764448165894 4.4777727127075195 2.069315195083618 2.0377910137176514 -1.570798462106366 0.0 0.0 20011 0 False
car 31.725253633152896 -58.477294097237575 -2.917604386806488 3.633375883102417 1.845113754272461 1.5012825727462769 0.0011483540920681423 -0.00697229573402624 3.0310339610530526 7259 0 False
car -10.737858288452179 39.58392066759586 -2.7831024527549744 4.552699089050293 2.097072124481201 1.7671663761138916 -1.57034269615052 0.007940980782456678 -8.241499687265787 7256 24 True
car 16.35086775214621 -5.022469797841779 -2.9595399498939514 4.673638820648193 1.8118125200271606 1.441947340965271 -3.1407347265383403 -0.015818411220693503 10.19159967553113 7244 128 True
car 31.31173278472476 -5.013762042672454 -2.9597453474998474 4.673638820648193 1.8118125200271606 1.441947340965271 -3.123120727124532 -0.2888968322007591 8.891173129994925 7255 35 True
car 29.710866163784736 -1.014644883234837 -2.959572196006775 4.673638820648193 1.8118125200271606 1.441947340965271 0.0010070735155741372 -0.013067075024881762 7.429910120930747 7258 23 True
truck -14.73537266110163 23.568117978783732 -1.7694017887115479 8.46804141998291 2.8910882472991943 3.8274123668670654 1.571421641275194 0.004260012381409383 -3.393568475216731 7261 267 True
car -14.735308079853795 36.21444976582882 -2.84804767370224 4.611005783081055 2.241713285446167 1.6672759056091309 1.5711507980211046 0.0026719420174612036 -3.7751299026340432 7260 18 True
car -10.729908961166405 24.521512209531124 -2.8698307275772095 4.855708599090576 2.0327565670013428 1.6493593454360962 -1.5702146899514278 0.011024470468966072 -10.223406503959673 7242 62 True
car -14.701212174328413 -29.575589342992373 -2.8613247871398926 5.237514495849609 1.9297595024108887 1.638383150100708 1.567740889441596 -1.6402292925773262e-06 0.00018655981936260079 7243 49 True
motorcycle -10.741117030151871 55.920560076338404 -2.913063406944275 2.0333523750305176 0.8025798797607422 1.499274730682373 -1.5707354303146486 0.0011107881452626757 -7.3837179641817325 7257 3 True
pedestrian 5.360717109440834 3.2822936291324822 -2.624348282814026 0.3753577768802643 0.3753577768802643 1.8600000143051147 0.007615302704705132 -0.02064868168111398 1.3777390499094389 7251 48 True
pedestrian -19.794435396665605 -26.766378340038386 -2.623170256614685 0.9953577518463135 0.3753577768802643 1.8600000143051147 1.575045135193719 0.04340596830654828 -3.305313859220777 7249 7 True
pedestrian 5.853554350554493 -8.469293952752707 -2.614869236946106 0.3753577768802643 0.3753577768802643 1.8600000143051147 -3.0911275341826543 -0.300035910679623 1.7278367338113751 7245 35 True
pedestrian -15.378985074600582 6.127597610620853 -2.7275222539901733 0.9953577518463135 0.3753577768802643 1.8600000143051147 -0.06594247605217828 0.40529517661882863 3.6712228542394336 7247 14 True
pedestrian 12.165090106817807 3.4371916356778343 -2.624346613883972 0.3753577768802643 0.3753577768802643 1.8600000143051147 0.06649321730041503 -0.1505145507571666 1.6606121920738806 7253 21 True