0.0 0.0
car 59.850360540651764 14.789910224637367 -2.7340167760849 4.181210041046143 1.994117259979248 1.3805816173553467 3.141586138419681 0.0 0.0 20001 2 True
car 59.410046759924626 89.06812432238141 -2.759573519229889 5.357479572296143 2.033203125 1.4147460460662842 3.1415866710514493 0.0 0.0 20003 0 False
car 82.3799952485082 21.999321835362764 -2.4693764448165894 4.4777727127075195 2.069315195083618 2.0377910137176514 -1.570798462106366 0.0 0.0 20011 0 False
car 38.769244731737736 -58.470132011081375 -2.918104350566864 3.633375883102417 1.845113754272461 1.5012825727462769 0.0010696577483283148 -0.015109296717956416 6.991935806839735 7259 0 False
car -10.731715382629893 27.656857670968975 -2.784698009490967 4.552699089050293 2.097072124481201 1.7671663761138916 -1.5701398964097526 0.010029024321673187 -8.163448562840397 7256 41 True
car 2.1086144368744897 -5.031117491583416 -2.9597342014312744 4.673638820648193 1.8118125200271606 1.441947340965271 -3.1407780028695003 -0.015446648633223418 8.643277734296754 7244 1000 True
car 18.202311988260632 -5.028575822198775 -2.9597686529159546 4.673638820648193 1.8118125200271606 1.441947340965271 3.140681063887702 0.017946380087796213 9.479561756019573 7255 88 True
car 38.95187492898729 -1.009744074848527 -2.9596338868141174 4.673638820648193 1.8118125200271606 1.441947340965271 0.0009234503279791937 -0.01520210510097275 8.493724985221817 7258 17 True
truck -14.739114653354447 30.596896060039 -1.7694209814071655 8.46804141998291 2.8910882472991943 3.8274123668670654 1.571616318186442 0.006185608165299652 -5.2801436767250465 7261 172 True
car -14.73867040999869 45.076357729385506 -2.8477386236190796 4.611005783081055 2.241713285446167 1.6672759056091309 1.5710804906277127 0.003397551852711299 -8.021425306948709 7260 18 True
car -10.733725395940828 5.0281040115417 -2.828878879547119 4.855708599090576 2.0327565670013428 1.6493593454360962 -1.5646537115009707 -0.17829045501640095 -10.962297657736958 7242 466 True
car -14.70122525694899 -29.465176745318217 -2.861266076564789 5.237514495849609 1.9297595024108887 1.638383150100708 1.5679246474015975 -0.001569481486266033 -0.8071232671076469 7243 36 True
motorcycle -10.73946900471383 44.8037998201786 -2.914369523525238 2.0333523750305176 0.8025798797607422 1.499274730682373 -1.5706345694844215 0.00269624087630339 -8.371804966065318 7257 6 True
pedestrian 7.659953733437469 3.5231657577768374 -2.624348282814026 0.3753577768802643 0.3753577768802643 1.8600000143051147 0.04760622796079847 -0.2905389596363159 1.6657954221588986 7251 34 True
pedestrian -19.8016440851174 -22.091451572449387 -2.623170256614685 0.9953577518463135 0.3753577768802643 1.8600000143051147 1.5721103341513738 0.019198448241217754 -3.1343522304962974 7249 5 True
pedestrian 3.8627680601092074 -8.979758784508192 -2.614869236946106 0.3753577768802643 0.3753577768802643 1.8600000143051147 -2.7977081499697363 -1.0150177461635062 1.2122888191641399 7245 25 True
pedestrian -11.882455413383205 5.39636118332146 -2.7558075189590454 0.3753577768802643 0.3753577768802643 1.8600000143051147 -0.7798802338299221 0.004017278812109148 -0.7694153530262876 7247 12 True
pedestrian 14.8512533061004 3.6221855544844743 -2.624346613883972 0.3753577768802643 0.3753577768802643 1.8600000143051147 0.09360017955949572 -0.2957777293646389 1.9053049611347357 7253 23 True