0.0 0.0
car 59.850360540651764 14.789910224637367 -2.7340167760849 4.181210041046143 1.994117259979248 1.3805816173553467 3.141586138419681 0.0 0.0 20001 4 True
car 59.410046759924626 89.06812432238141 -2.759573519229889 5.357479572296143 2.033203125 1.4147460460662842 3.1415866710514493 0.0 0.0 20003 0 False
car 82.3799952485082 21.999321835362764 -2.4693764448165894 4.4777727127075195 2.069315195083618 2.0377910137176514 -1.570798462106366 0.0 0.0 20011 0 False
car 103.57363473282281 -58.4351856422187 -2.9175029397010803 3.633375883102417 1.845113754272461 1.5012825727462769 -0.0004049333017137316 0.014877343175654008 18.342437438756892 7259 0 False
car -10.729084639357511 23.018216309973923 -2.7847142219543457 4.552699089050293 2.097072124481201 1.7671663761138916 -1.5710509295645818 3.2603103917608043e-10 1.655449499573545e-10 7256 65 True
car -10.689450942988355 -42.30057036494395 -2.959708869457245 4.673638820648193 1.8118125200271606 1.441947340965271 -1.569832108133547 0.03162061412781303 -15.05850175414714 7244 13 True
car -10.548415995989021 -20.93243701108713 -2.959619700908661 4.673638820648193 1.8118125200271606 1.441947340965271 -1.6065055673707194 -0.7305628985190115 -10.569290623423768 7255 76 True
car 98.88271833064029 -0.9741197155454984 -2.960030257701874 4.673638820648193 1.8118125200271606 1.441947340965271 0.0005542033547295465 -0.008472011812970753 7.48916920697201 7258 0 True
truck -14.747776351502974 68.11090364020396 -1.7695366144180298 8.46804141998291 2.8910882472991943 3.8274123668670654 1.5708240284313626 0.0006207780303269287 -9.306810768963413 7261 24 True
car -14.745907540348899 105.82853974613937 -2.84638512134552 4.611005783081055 2.241713285446167 1.6672759056091309 1.5708730305540297 0.002041510579808947 -13.646281167698486 7260 0 True
car 6.392825563249943 -58.54470361911132 -2.867304742336273 4.855708599090576 2.0327565670013428 1.6493593454360962 0.016795078070322673 -0.6956505716721446 16.767234774621 7242 0 False
car -14.702188891264335 -24.850857896347748 -2.861320674419403 5.237514495849609 1.9297595024108887 1.638383150100708 1.5710104495502046 -3.288745187903715e-09 1.0930360564460427e-09 7243 44 True
motorcycle -10.732168268392083 29.58520239814868 -2.9151176810264587 2.0333523750305176 0.8025798797607422 1.4992748498916626 -1.5702781995928679 -2.6845226412766144e-06 0.00028001662705846294 7257 9 True
pedestrian 15.206426552861398 3.7224047997825664 -2.624348282814026 0.3753577768802643 0.3753577768802643 1.8600000143051147 0.032542868926578095 -0.0824070467540272 1.5469169926334299 7251 8 True
pedestrian -18.83302819412903 -5.286887455218675 -2.623170256614685 0.9953577518463135 0.3753577768802643 1.8600000143051147 1.4638651778115166 -0.7611943288639663 -3.505186823570354 7249 15 True
pedestrian -1.2883997050662757 -6.791275242102188 -2.727522134780884 0.3753577768802643 0.3753577768802643 1.8600000143051147 1.8855292423095702 1.0358478430805098 -1.415264748098948 7245 51 True
pedestrian -12.153609756789216 4.3851310819873675 -3.491348832845688 0.3753577768802643 0.3753577768802643 1.8600000143051147 2.6649209196501835 0.00952490290053914 -0.004623470932946795 7247 18 True
pedestrian 23.65346171605848 3.964001019951752 -2.624346613883972 0.3753577768802643 0.3753577768802643 1.8600000143051147 0.0007398255259195963 -0.02165192280825034 1.8104824339922405 7253 8 True