0.0 0.0
car 59.850360540651764 14.789910224637367 -2.7340167760849 4.181210041046143 1.994117259979248 1.3805816173553467 3.141586138419681 0.0 0.0 20001 7 True
car 59.410046759924626 89.06812432238141 -2.759573519229889 5.357479572296143 2.033203125 1.4147460460662842 3.1415866710514493 0.0 0.0 20003 0 False
car 82.3799952485082 21.999321835362764 -2.4693764448165894 4.4777727127075195 2.069315195083618 2.0377910137176514 -1.570798462106366 0.0 0.0 20011 0 False
car 32.368804506948074 -58.47656254738274 -2.9176337122917175 3.633375883102417 1.845113754272461 1.5012825727462769 0.0012048130594889321 -0.008025144107682052 3.38993118725441 7259 0 False
car -10.736984703125893 37.83889503164335 -2.783449649810791 4.552699089050293 2.097072124481201 1.7671663761138916 -1.5702910595746917 0.009201417965783769 -9.055281745121455 7256 27 True
car 14.265838147986493 -5.02402336908284 -2.9596603512763977 4.673638820648193 1.8118125200271606 1.441947340965271 -3.1408945160687765 -0.014613100059079 10.859999796731147 7244 170 True
car 29.641456123526446 -5.0280420059875155 -2.960018277168274 4.673638820648193 1.8118125200271606 1.441947340965271 -3.1324070288437738 -0.11438932453619206 7.854373378155598 7255 28 True
car 31.13557548492824 -1.0138533567039758 -2.959877371788025 4.673638820648193 1.8118125200271606 1.441947340965271 -0.0022309281607733834 0.011739142555154944 6.767059870519856 7258 35 True
truck -14.735837802496247 24.281710508712194 -1.7700355052947998 8.46804141998291 2.8910882472991943 3.8274123668670654 1.5714096570604112 0.004730669725066249 -3.8097814293383547 7261 272 True
car -14.735597599409338 37.03561675841013 -2.848094642162323 4.611005783081055 2.241713285446167 1.6672759056091309 1.5711449390716554 0.0030788705890442687 -4.394708291198694 7260 16 True
car -10.72881791894753 22.35073584086126 -2.8697208166122437 4.855708599090576 2.0327565670013428 1.6493593454360962 -1.57029479323106 0.01140934443810626 -11.409498479645707 7242 71 True
car -14.701211816700544 -29.575589342992828 -2.8613228797912598 5.237514495849609 1.9297595024108887 1.638383150100708 1.567740889441596 0.0 0.0 7243 46 True
motorcycle -10.741051747226795 54.30468483210632 -2.913409471511841 2.0333523750305176 0.8025798797607422 1.4992743730545044 -1.5707316580860395 0.0010649372968545244 -8.681887693108457 7257 3 True
pedestrian 5.646401706466552 3.2907466111666395 -2.624348282814026 0.3753577768802643 0.3753577768802643 1.8600000143051147 0.02369532262632582 -0.059610768320416244 1.4271133023391633 7251 21 True
pedestrian -19.794158423850995 -26.113912520099973 -2.623170256614685 0.9953577518463135 0.3753577768802643 1.8600000143051147 1.5697720806893243 0.01047317828088233 -3.2703246850823176 7249 3 True
pedestrian 5.5381684997359955 -8.493158271494451 -2.614869236946106 0.3753577768802643 0.3753577768802643 1.8600000143051147 -3.0149409513342116 -0.25092238171225817 1.7356002878138481 7245 11 True
pedestrian -14.642058946065813 6.0763270808259335 -2.7275222539901733 0.9953577518463135 0.3753577768802643 1.8600000143051147 -0.06941337096913655 0.4972295574916895 3.6599349509418775 7247 18 True
pedestrian 12.530227253764991 3.471676004193341 -2.624346613883972 0.3753577768802643 0.3753577768802643 1.8600000143051147 0.0892997106636895 -0.2881371587410677 1.8164044019834713 7253 22 True