0.0 0.0
car 59.850360540651764 14.789910224637367 -2.7340167760849 4.181210041046143 1.994117259979248 1.3805816173553467 3.141586138419681 0.0 0.0 20001 5 True
car 59.410046759924626 89.06812432238141 -2.759573519229889 5.357479572296143 2.033203125 1.4147460460662842 3.1415866710514493 0.0 0.0 20003 0 False
car 82.3799952485082 21.999321835362764 -2.4693764448165894 4.4777727127075195 2.069315195083618 2.0377910137176514 -1.570798462106366 0.0 0.0 20011 0 False
car 44.37780339520676 -58.463730919347995 -2.917821764945984 3.633375883102417 1.845113754272461 1.5012825727462769 0.001306412569257948 -0.023251890348472755 8.946607920999243 7259 0 False
car -10.729421540303775 23.622616945197137 -2.7867125272750854 4.552699089050293 2.097072124481201 1.7671663761138916 -1.570353304378229 0.0029717251666246704 -2.924598347116464 7256 63 True
car -3.550949097042853 -5.377484334517703 -2.9589903354644775 4.673638820648193 1.8118125200271606 1.441947340965271 -2.9788454285142687 -3.089683644131345 7.595038664913994 7244 966 True
car 12.092217916502808 -5.029544105438674 -2.9599578976631165 4.673638820648193 1.8118125200271606 1.441947340965271 -3.13864175000551 -0.034587964100995086 8.093105262627192 7255 253 True
car 46.035718167838525 -1.004107921598802 -2.9596943855285645 4.673638820648193 1.8118125200271606 1.441947340965271 0.0008986829507615831 -0.020504800812475205 11.557069228537426 7258 14 True
truck -14.742646858486518 34.6188076859263 -1.7699223756790161 8.46804141998291 2.8910882472991943 3.8274123668670654 1.5694865900616115 -0.007031651184773016 -6.230777375472079 7261 106 True
car -14.739513737596084 51.380343326242894 -2.847688376903534 4.611005783081055 2.241713285446167 1.6672759056091309 1.5710027263895672 0.0031615842930238793 -9.868949273875312 7260 13 True
car -10.740342447685457 -3.316744612319951 -2.8687100410461426 4.855708599090576 2.0327565670013428 1.6493593454360962 -1.5663403029984302 0.12499071557824507 -13.62292388974558 7242 539 True
car -14.701116331295047 -27.64101903061868 -2.8611807823181152 5.237514495849609 1.9297595024108887 1.638383150100708 1.5698431870303684 -0.0034268369696118105 -4.581556844378005 7243 40 True
motorcycle -10.738040770186918 39.86828346081239 -2.9139352440834045 2.0333523750305176 0.8025798797607422 1.499274730682373 -1.5703587017611595 0.008520816838886064 -8.164177546878893 7257 5 True
pedestrian 8.71576275650115 3.5246902060475804 -2.624348282814026 0.3753577768802643 0.3753577768802643 1.8600000143051147 0.0062431101120842825 -0.010748743522748202 1.4713971251935245 7251 15 True
pedestrian -19.772992719584025 -19.885518994080826 -2.623170256614685 0.9953577518463135 0.3753577768802643 1.8600000143051147 1.5551265712771947 -0.10034847512657058 -3.151158307970488 7249 9 True
pedestrian 3.128416793625581 -9.059713844139935 -2.614869236946106 0.3753577768802643 0.3753577768802643 1.8600000143051147 3.0696568812938265 -0.01974959902873902 0.9977251384471362 7245 39 True
pedestrian -12.186704803535605 4.88009572644188 -2.934001386165619 0.3753577768802643 0.3753577768802643 1.8600000143051147 -1.1364090922993553 0.11985777430445267 -0.4424112435317863 7247 2 True
pedestrian 16.13497349373471 3.7484960708858353 -2.624346613883972 0.3753577768802643 0.3753577768802643 1.8600000143051147 0.07198411819797092 -0.3147985384846005 1.7477544575728061 7253 9 True