0.0 0.0
car 59.850360540651764 14.789910224637367 -2.7340167760849 4.181210041046143 1.994117259979248 1.3805816173553467 3.141586138419681 0.0 0.0 20001 7 True
car 59.410046759924626 89.06812432238141 -2.759573519229889 5.357479572296143 2.033203125 1.4147460460662842 3.1415866710514493 0.0 0.0 20003 0 False
car 82.3799952485082 21.999321835362764 -2.4693764448165894 4.4777727127075195 2.069315195083618 2.0377910137176514 -1.570798462106366 0.0 0.0 20011 0 False
car 32.71801333927275 -58.47616629204981 -2.9176507592201233 3.633375883102417 1.845113754272461 1.5012825727462769 0.0011897662120395236 -0.008513680736787954 3.5766661272370914 7259 0 False
car -10.736528385549903 36.94762916188273 -2.7840859293937683 4.552699089050293 2.097072124481201 1.7671663761138916 -1.570284316665867 0.009076973396834425 -8.79723364349082 7256 15 True
car 13.140525341735568 -5.024815301300009 -2.959606170654297 4.673638820648193 1.8118125200271606 1.441947340965271 -3.140892385541704 -0.015469331236226248 11.554272368480753 7244 202 True
car 28.85830640007029 -5.0311537377777995 -2.959997594356537 4.673638820648193 1.8118125200271606 1.441947340965271 -3.1342648484509783 -0.08545727826853271 7.807409813723107 7255 17 True
car 31.786099624787404 -1.0135185448136212 -2.9599713683128357 4.673638820648193 1.8118125200271606 1.441947340965271 -0.00295504104953342 0.015619860730868991 6.379696732822158 7258 29 True
truck -14.736097619997004 24.676974180939965 -1.770388126373291 8.46804141998291 2.8910882472991943 3.8274123668670654 1.5713987381091647 0.004983431999877459 -4.0780391047314515 7261 224 True
car -14.735832537806022 37.49255645599493 -2.848100781440735 4.611005783081055 2.241713285446167 1.6672759056091309 1.571205392777337 0.005280275916234032 -4.705776941827278 7260 23 True
car -10.728229778953466 21.17852514670284 -2.8696776032447815 4.855708599090576 2.0327565670013428 1.6493593454360962 -1.570289967686069 0.012166385077740663 -11.973904897734021 7242 79 True
car -14.701211697573958 -29.57565037814925 -2.8613210320472717 5.237514495849609 1.9297595024108887 1.638383150100708 1.567740889441596 -2.899245113591298e-07 3.159617393683615e-05 7243 40 True
motorcycle -10.740826463704824 53.408658220471295 -2.913587749004364 2.0333523750305176 0.8025798797607422 1.499274730682373 -1.5705989365036583 0.00445434920060101 -9.153578267191232 7257 3 True
pedestrian 5.789428065011542 3.2956292298639482 -2.624348282814026 0.3753577768802643 0.3753577768802643 1.8600000143051147 0.029790494264814588 -0.07381224268347202 1.4278294219507628 7251 18 True
pedestrian -19.792784217297697 -25.7901515356333 -2.623170256614685 0.9953577518463135 0.3753577768802643 1.8600000143051147 1.5672253018900553 -0.006061210629017799 -3.2539053085021172 7249 6 True
pedestrian 5.408833083226465 -8.502801650930735 -2.614869236946106 0.3753577768802643 0.3753577768802643 1.8600000143051147 -3.0420636262304517 -0.24213695304480753 1.4184336700256042 7245 14 True
pedestrian -14.2736077433295 6.050539228053879 -2.7275222539901733 0.9953577518463135 0.3753577768802643 1.8600000143051147 -0.0698113800578647 0.5079922631358956 3.6584219675249146 7247 25 True
pedestrian 12.711232753958846 3.488124733537859 -2.624346613883972 0.3753577768802643 0.3753577768802643 1.8600000143051147 0.09020851361804537 -0.3066056519395479 1.802608780664918 7253 25 True