0.0 0.0
car 59.850360540651764 14.789910224637367 -2.7340167760849 4.181210041046143 1.994117259979248 1.3805816173553467 3.141586138419681 0.0 0.0 20001 6 True
car 59.410046759924626 89.06812432238141 -2.759573519229889 5.357479572296143 2.033203125 1.4147460460662842 3.1415866710514493 0.0 0.0 20003 0 False
car 82.3799952485082 21.999321835362764 -2.4693764448165894 4.4777727127075195 2.069315195083618 2.0377910137176514 -1.570798462106366 0.0 0.0 20011 0 False
car 64.85834847421835 -58.43787976451347 -2.917685329914093 3.633375883102417 1.845113754272461 1.5012825727462769 0.0010347703675164116 -0.03078019337538647 13.653599045690182 7259 0 False
car -10.729084639357511 23.018216309973923 -2.7847142219543457 4.552699089050293 2.097072124481201 1.7671663761138916 -1.5710509295645818 -1.3397672385517398e-08 1.8640760390477508e-08 7256 59 True
car -10.256468623506123 -15.472232328544749 -2.9597591161727905 4.673638820648193 1.8118125200271606 1.441947340965271 -1.7004629888827534 -1.2361429589265212 -5.035125053855567 7244 113 True
car -2.519714087624589 -5.179548720135983 -2.959799826145172 4.673638820648193 1.8118125200271606 1.441947340965271 -3.0591198270250954 -1.7017349894855758 8.57018812920311 7255 1008 True
car 72.37033580441833 -0.9880303241117758 -2.9599722623825073 4.673638820648193 1.8118125200271606 1.441947340965271 0.0006635260251363119 -0.01967758218350204 15.33303791880538 7258 0 True
truck -14.745189654603715 47.41763581439534 -1.7696247100830078 8.46804141998291 2.8910882472991943 3.8274123668670654 1.5711049916890463 0.004870937813121771 -7.868995886619604 7261 67 True
car -14.74308380577512 73.0311306846358 -2.8471720218658447 4.611005783081055 2.241713285446167 1.6672759056091309 1.5710208358696829 0.006271981138309251 -13.77843381511999 7260 0 True
car -10.6999116417237 -33.03674588786191 -2.8688639402389526 4.855708599090576 2.0327565670013428 1.6493593454360962 -1.5702137977672088 0.02053750049594949 -17.573920144638887 7242 27 True
car -14.702188891264335 -24.850857896347748 -2.861321747303009 5.237514495849609 1.9297595024108887 1.638383150100708 1.5710104495502046 3.0210015671527005e-08 6.262370834945703e-05 7243 45 True
motorcycle -10.734723753145843 34.163510507088574 -2.9152435064315796 2.0333523750305176 0.8025798797607422 1.4992746114730835 -1.5701741632537487 0.0031052569678434562 -2.4964113359486113 7257 11 True
pedestrian 11.514228647855923 3.6446815312761487 -2.624348282814026 0.3753577768802643 0.3753577768802643 1.8600000143051147 0.015802385612487792 -0.04906981799841767 1.5228522552379105 7251 10 True
pedestrian -19.63494399421824 -13.846639786596427 -2.623170256614685 0.9953577518463135 0.3753577768802643 1.8600000143051147 1.5424344888746473 -0.19361903009708809 -3.5811058874006534 7249 4 True
pedestrian 0.6766031991486159 -8.98344709416483 -2.614869236946106 0.3753577768802643 0.3753577768802643 1.8600000143051147 3.065699826730516 0.07484943487366932 1.0565212945834035 7245 15 True
pedestrian -12.296803735910377 4.459136402970444 -3.491381525993347 0.3753577768802643 0.3753577768802643 1.8600000143051147 2.6649191885969374 0.049329393659604745 -0.02398704565486704 7247 28 True
pedestrian 19.335270067900858 3.875566929753461 -2.624346613883972 0.3753577768802643 0.3753577768802643 1.8600000143051147 0.05752010306082831 -0.20771565035227757 1.7861787924079173 7253 11 True