0.0 0.0
car 59.850360540651764 14.789910224637367 -2.7340167760849 4.181210041046143 1.994117259979248 1.3805816173553467 3.141586138419681 0.0 0.0 20001 3 True
car 59.410046759924626 89.06812432238141 -2.759573519229889 5.357479572296143 2.033203125 1.4147460460662842 3.1415866710514493 0.0 0.0 20003 0 False
car 82.3799952485082 21.999321835362764 -2.4693764448165894 4.4777727127075195 2.069315195083618 2.0377910137176514 -1.570798462106366 0.0 0.0 20011 0 False
car 89.43404733912156 -58.428788309058405 -2.917547345161438 3.633375883102417 1.845113754272461 1.5012825727462769 -0.000638625489976671 0.01907335719024027 16.97518280945631 7259 0 False
car -10.729084639357511 23.018216309973923 -2.7847142219543457 4.552699089050293 2.097072124481201 1.7671663761138916 -1.5710509295645818 1.2542100512672891e-08 -5.456565535190081e-09 7256 73 True
car -10.682327621657041 -30.973574524965954 -2.959584653377533 4.673638820648193 1.8118125200271606 1.441947340965271 -1.5726520207895898 -0.056394188172051614 -14.12271816093367 7244 32 True
car -10.079737084842115 -14.451785790672716 -2.9601500034332275 4.673638820648193 1.8118125200271606 1.441947340965271 -1.7294611434582603 -1.777779760374066 -5.8214829875666645 7255 119 True
car 92.0067722804254 -0.9780166485456334 -2.95994371175766 4.673638820648193 1.8118125200271606 1.441947340965271 0.0006769749772813585 -0.01349036588231904 9.994574296618135 7258 0 True
truck -14.747330834280696 60.8325528095088 -1.7695528268814087 8.46804141998291 2.8910882472991943 3.8274123668670654 1.5708639758139715 0.0013238209627258267 -8.876044650653395 7261 41 True
car -14.744903581742147 94.90320099964174 -2.8463820219039917 4.611005783081055 2.241713285446167 1.6672759056091309 1.570764906305101 9.984635719059063e-05 -13.642378821963995 7260 0 True
car -4.9793182822436455 -57.21091745774709 -2.8036177158355713 4.855708599090576 2.0327565670013428 1.6493593454360962 -0.37328658573701645 10.888587777195534 7.898772099167874 7242 0 True
car -14.702188891264335 -24.850857896347748 -2.861320674419403 5.237514495849609 1.9297595024108887 1.638383150100708 1.5710104495502046 -1.508176778546782e-08 6.227081568210235e-08 7243 51 True
motorcycle -10.73240528445743 30.004422369173767 -2.9168118834495544 2.0333523750305176 0.8025798797607422 1.4992748498916626 -1.5702433925099362 0.001675551877885058 -1.5188070996892327 7257 4 True
pedestrian 13.967666519814749 3.693964095506601 -2.624348282814026 0.3753577768802643 0.3753577768802643 1.8600000143051147 0.02297826710849338 -0.06819157703782504 1.5390250255678126 7251 2 True
pedestrian -19.13888828793577 -8.139944902107516 -2.623170256614685 0.9953577518463135 0.3753577768802643 1.8600000143051147 1.466894787308587 -0.7039377258954407 -3.5170525474058807 7249 7 True
pedestrian -0.831962482267576 -8.11631858519263 -2.614869236946106 0.3753577768802643 0.3753577768802643 1.8600000143051147 2.3112972345809935 1.747417513529268 0.14818544933901423 7245 43 True
pedestrian -12.203270702755209 4.4107659149036635 -3.491354823112488 0.3753577768802643 0.3753577768802643 1.8600000143051147 2.664922517545488 0.02617447720776685 -0.013616008500447164 7247 19 True
pedestrian 22.207180261491466 3.9481643566358002 -2.624346613883972 0.3753577768802643 0.3753577768802643 1.8600000143051147 0.009755816622840034 -0.0347776811957186 1.8029202557632535 7253 5 True