0.0 0.0
car 59.850360540651764 14.789910224637367 -2.7340167760849 4.181210041046143 1.994117259979248 1.3805816173553467 3.141586138419681 0.0 0.0 20001 5 True
car 59.410046759924626 89.06812432238141 -2.759573519229889 5.357479572296143 2.033203125 1.4147460460662842 3.1415866710514493 0.0 0.0 20003 0 False
car 82.3799952485082 21.999321835362764 -2.4693764448165894 4.4777727127075195 2.069315195083618 2.0377910137176514 -1.570798462106366 0.0 0.0 20011 0 False
car 86.07295572737827 -58.42728839340566 -2.9175758361816406 3.633375883102417 1.845113754272461 1.5012825727462769 -0.000447277527279324 0.014161108847931354 16.61565471400237 7259 0 False
car -10.729084639357511 23.018216309973923 -2.7847142219543457 4.552699089050293 2.097072124481201 1.7671663761138916 -1.5710509295645818 3.6865784426568e-09 6.629251806918406e-09 7256 70 True
car -10.674420586093094 -28.244387523956334 -2.959540069103241 4.673638820648193 1.8118125200271606 1.441947340965271 -1.5745519173962166 -0.10292728327468051 -13.115290720607444 7244 28 True
car -9.88585077204727 -13.19595719596714 -2.9601959586143494 4.673638820648193 1.8118125200271606 1.441947340965271 -1.77461669936445 -2.6698312432040225 -6.55516739155369 7255 134 True
car 90.00158429003521 -0.9795703279731356 -2.9600638151168823 4.673638820648193 1.8118125200271606 1.441947340965271 0.0006480797038608127 -0.013836551466356994 10.010906707820949 7258 0 True
truck -14.747172292986354 59.067812819056314 -1.769566297531128 8.46804141998291 2.8910882472991943 3.8274123668670654 1.570870633711073 0.0014347607090138379 -8.761929886933247 7261 42 True
car -14.745176217018477 92.17325104883429 -2.846360683441162 4.611005783081055 2.241713285446167 1.6672759056091309 1.5706836799604629 -0.0032619946587497503 -13.640818399743186 7260 0 True
car -7.17808870500602 -55.37735734947381 -2.796787738800049 4.855708599090576 2.0327565670013428 1.6493593454360962 -0.6666396572948031 14.363887360316435 1.422037307549431 7242 1 True
car -14.702188891264335 -24.850857896347748 -2.861320674419403 5.237514495849609 1.9297595024108887 1.638383150100708 1.5710104495502046 -4.68285029762685e-08 7.517209180203893e-08 7243 52 True
motorcycle -10.73265679435132 30.46032446912477 -2.913683295249939 2.0333523750305176 0.8025798797607422 1.499274730682373 -1.5702425517553715 0.004307895816648062 -3.8937299288543676 7257 7 True
pedestrian 13.659536245608109 3.6866402942773107 -2.624348282814026 0.3753577768802643 0.3753577768802643 1.8600000143051147 0.018799904045528833 -0.06406236307994691 1.537055643924743 7251 10 True
pedestrian -19.21339219956148 -8.853354224983093 -2.623170256614685 0.9953577518463135 0.3753577768802643 1.8600000143051147 1.4828116887512206 -0.5461054690661474 -3.5234550824405155 7249 7 True
pedestrian -0.5989124888714397 -8.376816947853968 -2.614869236946106 0.3753577768802643 0.3753577768802643 1.8600000143051147 2.552384748628404 1.5856620442729925 0.7189861632539529 7245 39 True
pedestrian -12.215266576198042 4.4169304819395165 -3.4913544952869415 0.3753577768802643 0.3753577768802643 1.8600000143051147 2.664922118071662 0.029529132594410278 -0.01534897485988664 7247 25 True
pedestrian 21.84873986037801 3.946730516155526 -2.624346613883972 0.3753577768802643 0.3753577768802643 1.8600000143051147 0.021971326750861275 -0.04738695963064841 1.8008094769070864 7253 9 True