0.0 0.0
car 59.850360540651764 14.789910224637367 -2.7340167760849 4.181210041046143 1.994117259979248 1.3805816173553467 3.141586138419681 0.0 0.0 20001 4 True
car 59.410046759924626 89.06812432238141 -2.759573519229889 5.357479572296143 2.033203125 1.4147460460662842 3.1415866710514493 0.0 0.0 20003 0 False
car 82.3799952485082 21.999321835362764 -2.4693764448165894 4.4777727127075195 2.069315195083618 2.0377910137176514 -1.570798462106366 0.0 0.0 20011 0 False
car 41.00581318601496 -58.46766311783375 -2.9179298877716064 3.633375883102417 1.845113754272461 1.5012825727462769 0.0010844382798936632 -0.01888627595547475 7.8726418725384075 7259 0 False
car -10.730477472498707 25.48760718100641 -2.785678446292877 4.552699089050293 2.097072124481201 1.7671663761138916 -1.570220026867129 0.007150428203116135 -6.43475201994268 7256 54 True
car -0.48219637014425487 -5.054185270062305 -2.9598453640937805 4.673638820648193 1.8118125200271606 1.441947340965271 -3.1261743050511677 -0.2944679371262843 8.062403687996934 7244 907 True
car 15.3989748932016 -5.027015627154697 -2.9599963426589966 4.673638820648193 1.8118125200271606 1.441947340965271 -3.1401380458001027 -0.011969189316825663 8.714842085844337 7255 166 True
car 41.72083016284291 -1.0074284908828304 -2.9596440196037292 4.673638820648193 1.8118125200271606 1.441947340965271 0.0009149282196892633 -0.01787719014486212 9.942284812363692 7258 7 True
truck -14.740437798463631 32.23803986066298 -1.769944667816162 8.46804141998291 2.8910882472991943 3.8274123668670654 1.571307391760932 0.0062267735927182145 -5.689316532005825 7261 121 True
car -14.739031266714013 47.62015045448851 -2.8477309942245483 4.611005783081055 2.241713285446167 1.6672759056091309 1.5710429400880601 0.003268829825122749 -8.827754666187186 7260 17 True
car -10.769134812527144 1.7100498602970902 -2.8803906440734863 4.855708599090576 2.0327565670013428 1.6493593454360962 -1.5698638179939561 0.04102727037391823 -11.50078785528598 7242 608 True
car -14.70114011790701 -29.007870837229575 -2.8612138628959656 5.237514495849609 1.9297595024108887 1.638383150100708 1.5683949612528483 -0.005140447930574036 -2.239030490414401 7243 33 True
motorcycle -10.738981434845375 42.78320045427989 -2.9155251383781433 2.0333523750305176 0.8025798797607422 1.4992743730545044 -1.570544584770423 0.0027402476432249476 -6.461630282183337 7257 6 True
pedestrian 8.110994000513418 3.522524277470552 -2.624348282814026 0.3753577768802643 0.3753577768802643 1.8600000143051147 0.0014861757909986706 -0.026452856400728107 1.5032337676641454 7251 19 True
pedestrian -19.793179422146856 -21.146627365167433 -2.623170256614685 0.9953577518463135 0.3753577768802643 1.8600000143051147 1.5589498021087647 -0.05657281046836933 -3.149550654299526 7249 3 True
pedestrian 3.548894628166881 -9.083762265455618 -2.614869236946106 0.3753577768802643 0.3753577768802643 1.8600000143051147 -2.829995222489675 -0.6448916369867315 0.8351073478209148 7245 29 True
pedestrian -12.0146253698696 5.224425327256938 -2.7756852507591248 0.3753577768802643 0.3753577768802643 1.8600000143051147 -0.9889189614946577 0.026791120588343535 -0.6880795677724844 7247 7 True
pedestrian 15.418823117789575 3.6805038772166654 -2.624346613883972 0.3753577768802643 0.3753577768802643 1.8600000143051147 0.10078178684700859 -0.37771110077059916 1.8637400848025023 7253 11 True