0.0 0.0
car 59.850360540651764 14.789910224637367 -2.7340167760849 4.181210041046143 1.994117259979248 1.3805816173553467 3.141586138419681 0.0 0.0 20001 4 True
car 59.410046759924626 89.06812432238141 -2.759573519229889 5.357479572296143 2.033203125 1.4147460460662842 3.1415866710514493 0.0 0.0 20003 0 False
car 82.3799952485082 21.999321835362764 -2.4693764448165894 4.4777727127075195 2.069315195083618 2.0377910137176514 -1.570798462106366 0.0 0.0 20011 0 False
car -10.729084639357511 23.018216309973923 -2.7847142219543457 4.552699089050293 2.097072124481201 1.7671663761138916 -1.5710509295645818 4.881200416110612e-10 4.4374619644462736e-10 7256 63 True
car 7.279508423833732 -58.28625145143752 -2.960116386413574 4.673638820648193 1.8118125200271606 1.441947340965271 -0.03634639238272772 0.6647103439554523 9.375273007060256 7244 0 False
car -10.68649113059654 -45.05371367950647 -2.9596316814422607 4.673638820648193 1.8118125200271606 1.441947340965271 -1.5681689430712171 0.06603737939317189 -11.677315523778688 7255 14 True
car 114.2447810933478 0.6611438924828121 -2.959977447986603 4.673638820648193 1.8118125200271606 1.441947340965271 0.5591222091081407 -7.970945272971186 3.1316983825696982 7258 0 True
truck -14.750593495349587 90.8162716860551 -1.7694976329803467 8.46804141998291 2.8910882472991943 3.8274123668670654 1.5709800895394217 0.0038674661497031726 -10.38964426610285 7261 0 True
car 32.63577227939313 -58.477295331002665 -2.862360417842865 4.855708599090576 2.0327565670013428 1.6493593454360962 0.0008261118723551432 -7.441337557407888e-06 -0.013750642481826827 7242 0 False
car -14.702188891264335 -24.850857896347748 -2.861320674419403 5.237514495849609 1.9297595024108887 1.638383150100708 1.5710104495502046 -2.382129461812236e-08 -1.4475805676375862e-07 7243 48 True
motorcycle -10.732168626309415 29.584988775102318 -2.915061354637146 2.0333523750305176 0.8025798797607422 1.4992756843566895 -1.5702782453984199 -4.363374959372302e-08 -2.8483466690398115e-09 7257 7 True
pedestrian 18.99372295876735 3.8041257421636487 -2.624348282814026 0.3753577768802643 0.3753577768802643 1.8600000143051147 0.022544172217475043 -0.07456672393539494 1.6781399870072298 7251 6 True
pedestrian -18.217326884335876 2.5371168374651916 -2.623170256614685 0.9953577518463135 0.3753577768802643 1.8600000143051147 1.4986007585695054 -0.516106178623773 -3.5493617736140264 7249 12 True
pedestrian -2.5354037846628383 -2.955336052387736 -2.727522134780884 0.3753577768802643 0.3753577768802643 1.8600000143051147 1.885117251636929 1.0312435204343986 -1.4186417224702794 7245 65 True
pedestrian -11.986353160735694 4.2988881795710085 -3.4914123713970184 0.3753577768802643 0.3753577768802643 1.8600000143051147 2.6649170580698645 -0.05772702806428737 0.032299244293585806 7247 19 True
pedestrian 27.840931259598214 4.009100326342718 -2.624346613883972 0.3753577768802643 0.3753577768802643 1.8600000143051147 -0.0020803265283372667 0.007705974207651151 1.8265015973652896 7253 3 True