0.0 0.0
car 59.850360540651764 14.789910224637367 -2.7340167760849 4.181210041046143 1.994117259979248 1.3805816173553467 3.141586138419681 0.0 0.0 20001 3 True
car 59.410046759924626 89.06812432238141 -2.759573519229889 5.357479572296143 2.033203125 1.4147460460662842 3.1415866710514493 0.0 0.0 20003 0 False
car 82.3799952485082 21.999321835362764 -2.4693764448165894 4.4777727127075195 2.069315195083618 2.0377910137176514 -1.570798462106366 0.0 0.0 20011 0 False
car 79.57338297462987 -58.42642509420921 -2.9176928997039795 3.633375883102417 1.845113754272461 1.5012825727462769 -0.00018322532823350694 0.002045325840797993 15.848400269823683 7259 0 False
car -10.729084639357511 23.018216309973923 -2.7847142219543457 4.552699089050293 2.097072124481201 1.7671663761138916 -1.5710509295645818 4.071073384746758e-09 -1.050212796573207e-08 7256 67 True
car -10.636077287798866 -23.41458410910633 -2.959476947784424 4.673638820648193 1.8118125200271606 1.441947340965271 -1.5865606361010804 -0.33081964746769366 -10.849550271678739 7244 48 True
car -8.977949024020742 -10.040532400789857 -2.9600194096565247 4.673638820648193 1.8118125200271606 1.441947340965271 -2.0165038268537523 -7.211620227586246 -6.18354885531795 7255 207 True
car 85.74534344212456 -0.9819144142248888 -2.9600215554237366 4.673638820648193 1.8118125200271606 1.441947340965271 0.0003866906636555989 -0.009383875425668783 11.87181312663683 7258 0 True
truck -14.746762369138164 55.60949983021328 -1.769588828086853 8.46804141998291 2.8910882472991943 3.8274123668670654 1.5708296210649277 0.0007249584950974373 -8.5186209234138 7261 37 True
car -14.745631610176332 86.7086209224882 -2.846448242664337 4.611005783081055 2.241713285446167 1.6672759056091309 1.5707657052527533 -0.0017535163607205638 -13.66313548790971 7260 0 True
car -10.02850124449603 -50.048801241022716 -2.8605082035064697 4.855708599090576 2.0327565670013428 1.6493593454360962 -1.2842339155913458 8.475129035343247 -13.751938418189189 7242 12 True
car -14.702188891264335 -24.850857896347748 -2.861320674419403 5.237514495849609 1.9297595024108887 1.638383150100708 1.5710104495502046 2.400514390176044e-07 2.5059654756700746e-07 7243 49 True
motorcycle -10.733197510731953 31.44057959681237 -2.9157280921936035 2.0333523750305176 0.8025798797607422 1.4992748498916626 -1.57024331910402 0.002295514777027377 -2.0759828168848227 7257 8 True
pedestrian 13.04452501232744 3.673304945985194 -2.624348282814026 0.3753577768802643 0.3753577768802643 1.8600000143051147 0.018663150839063856 -0.06377474163217632 1.5329147237956269 7251 14 True
pedestrian -19.325944390977863 -10.279745674038509 -2.623170256614685 0.9953577518463135 0.3753577768802643 1.8600000143051147 1.4683310288713243 -0.728972168530093 -3.5118247147611563 7249 10 True
pedestrian -0.06480385902963981 -8.735307661813465 -2.614869236946106 0.3753577768802643 0.3753577768802643 1.8600000143051147 2.662191314996507 0.7325972676178562 0.6368905470092817 7245 37 True
pedestrian -12.238942716613678 4.429168062849158 -3.4913831055164337 0.3753577768802643 0.3753577768802643 1.8600000143051147 2.664922118071662 0.03663810096806719 -0.017469669065051822 7247 19 True
pedestrian 21.130741346063033 3.9395903757719566 -2.624346613883972 0.3753577768802643 0.3753577768802643 1.8600000143051147 0.022472799560546874 -0.05524034653389976 1.7971127716781612 7253 3 True