0.0 0.0
car 59.850360540651764 14.789910224637367 -2.7340167760849 4.181210041046143 1.994117259979248 1.3805816173553467 3.141586138419681 0.0 0.0 20001 6 True
car 59.410046759924626 89.06812432238141 -2.759573519229889 5.357479572296143 2.033203125 1.4147460460662842 3.1415866710514493 0.0 0.0 20003 0 False
car 82.3799952485082 21.999321835362764 -2.4693764448165894 4.4777727127075195 2.069315195083618 2.0377910137176514 -1.570798462106366 0.0 0.0 20011 0 False
car 55.850085826625744 -58.44769421835201 -2.9178699254989624 3.633375883102417 1.845113754272461 1.5012825727462769 0.001123986188676622 -0.027684562994646764 12.019752549483396 7259 0 False
car -10.72908463931616 23.018246827552048 -2.784718334674835 4.552699089050293 2.097072124481201 1.7671663761138916 -1.5710509295645818 4.6883058347582957e-08 6.092444015863265e-06 7256 72 True
car -9.577137565308998 -11.605717135759164 -2.958440601825714 4.673638820648193 1.8118125200271606 1.441947340965271 -1.8825537948054207 -4.726380876062844 -6.917818196047603 7244 127 True
car 3.045174110070098 -5.034017930556331 -2.9599019289016724 4.673638820648193 1.8118125200271606 1.441947340965271 -3.1415742873628405 0.0024029923169091596 7.511330644175064 7255 1029 True
car 61.248509624686506 -0.9938135937306924 -2.9597126841545105 4.673638820648193 1.8118125200271606 1.441947340965271 0.0004107922511630588 -0.013461311653410732 15.768982901811802 7258 7 True
truck -14.743716511576494 42.1055630584832 -1.7696870565414429 8.46804141998291 2.8910882472991943 3.8274123668670654 1.5707390736643472 0.0022740684167653225 -7.30279516719124 7261 83 True
car -14.741023070749494 63.7670620783108 -2.8475319743156433 4.611005783081055 2.241713285446167 1.6672759056091309 1.5710163084996542 0.005168685838178082 -12.509355228458519 7260 9 True
car -10.707711831809657 -21.136782498364482 -2.8674914836883545 4.855708599090576 2.0327565670013428 1.6493593454360962 -1.5700524227600068 0.02589426224050609 -17.131093725678472 7242 92 True
car -14.702189485698064 -24.849667710800077 -2.8614102602005005 5.237514495849609 1.9297595024108887 1.638383150100708 1.5710104495502046 -3.7945773830832835e-06 0.003558516524752684 7243 22 True
motorcycle -10.735965706277202 36.16427344822824 -2.914634048938751 2.0333523750305176 0.8025798797607422 1.4992748498916626 -1.5701665281932142 0.003422375587521735 -2.9829391587061567 7257 5 True
pedestrian 10.449306292017983 3.62765416566657 -2.624348282814026 0.3753577768802643 0.3753577768802643 1.8600000143051147 0.02324471615049574 -0.11017849444681191 1.5122519726936625 7251 16 True
pedestrian -19.735174737833134 -16.346731203521358 -2.623170256614685 0.9953577518463135 0.3753577768802643 1.8600000143051147 1.5573234110048082 -0.09550210756385961 -3.320889682474857 7249 8 True
pedestrian 1.5929592897252824 -8.980610201074114 -2.614869236946106 0.3753577768802643 0.3753577768802643 1.8600000143051147 -3.0480930178455776 -0.18075166516394303 0.9987419661860669 7245 38 True
pedestrian -12.336728836095414 4.479827375038269 -3.491391822695732 0.3753577768802643 0.3753577768802643 1.8600000143051147 -0.47666668350685965 0.05380418253195648 -0.026265944084751976 7247 16 True
pedestrian 18.079881708769005 3.802326443321533 -2.624346613883972 0.3753577768802643 0.3753577768802643 1.8600000143051147 0.056952583911895754 -0.1861388019352092 1.782480159804827 7253 10 True