0.0 0.0
car 59.850360540651764 14.789910224637367 -2.7340167760849 4.181210041046143 1.994117259979248 1.3805816173553467 3.141586138419681 0.0 0.0 20001 7 True
car 59.410046759924626 89.06812432238141 -2.759573519229889 5.357479572296143 2.033203125 1.4147460460662842 3.1415866710514493 0.0 0.0 20003 0 False
car 82.3799952485082 21.999321835362764 -2.4693764448165894 4.4777727127075195 2.069315195083618 2.0377910137176514 -1.570798462106366 0.0 0.0 20011 0 False
car 52.35988959218888 -58.452419713698305 -2.9180482029914856 3.633375883102417 1.845113754272461 1.5012825727462769 0.001234507280561659 -0.02824984893943672 11.199751136986258 7259 0 False
car -10.729084281605587 23.018307862707786 -2.784775197505951 4.552699089050293 2.097072124481201 1.7671663761138916 -1.5710509295645818 8.598195830843376e-07 0.0001173225214271162 7256 58 True
car -8.588002496849825 -9.111730438936604 -2.9579256772994995 4.673638820648193 1.8118125200271606 1.441947340965271 -2.145139758462058 -7.743106799344373 -4.191593575466457 7244 224 True
car 5.317256437253768 -5.035211194805527 -2.960065186023712 4.673638820648193 1.8118125200271606 1.441947340965271 3.141534206822289 0.003653453128299819 7.303318795246481 7255 870 True
car 56.663853859825025 -0.9961267173976012 -2.9597044587135315 4.673638820648193 1.8118125200271606 1.441947340965271 0.0006070670577155219 -0.01642370680909841 14.740933885343347 7258 2 True
truck -14.742997030198692 39.94549836023867 -1.7697279453277588 8.46804141998291 2.8910882472991943 3.8274123668670654 1.5708293547490437 0.0034963996650963962 -7.065036298700448 7261 91 True
car -14.7404586899279 60.1045559740237 -2.847599983215332 4.611005783081055 2.241713285446167 1.6672759056091309 1.570902058985392 0.0022934712685504645 -11.834868700359195 7260 10 True
car -10.712276696748942 -15.846102560528664 -2.8694326877593994 4.855708599090576 2.0327565670013428 1.6493593454360962 -1.5698785745336852 0.03346115952875447 -17.51329443990698 7242 154 True
car -14.702194369846742 -24.84713475180905 -2.861587405204773 5.237514495849609 1.9297595024108887 1.638383150100708 1.5710163084996542 0.00012218334267704063 -0.2073953286738677 7243 38 True
motorcycle -10.73665376389241 37.14559669134985 -2.915486991405487 2.0333523750305176 0.8025798797607422 1.499274730682373 -1.5702459909103246 0.0012598609341521487 -1.6439035085912936 7257 4 True
pedestrian 9.994514257486312 3.6189267545721577 -2.624348282814026 0.3753577768802643 0.3753577768802643 1.8600000143051147 0.11114427105373806 -0.3613414098034338 1.6528837327590478 7251 5 True
pedestrian -19.749834047861267 -17.33254050983146 -2.623170256614685 0.9953577518463135 0.3753577768802643 1.8600000143051147 1.5622470590693156 -0.053790314732930625 -3.3535688286999044 7249 5 True
pedestrian 2.0333146511261866 -8.935963580964653 -2.614869236946106 0.3753577768802643 0.3753577768802643 1.8600000143051147 -3.0912979763484527 0.0014898564515474911 0.4055436973353911 7245 36 True
pedestrian -12.352977587372616 4.488189213461794 -3.491365447640419 0.3753577768802643 0.3753577768802643 1.8600000143051147 -0.47666635061200463 0.052003658247851255 -0.025909244878194942 7247 21 True
pedestrian 17.543193814273483 3.7701921607751956 -2.624346613883972 0.3753577768802643 0.3753577768802643 1.8600000143051147 0.017061926586151122 -0.06124986571310331 1.7578534564962576 7253 8 True