0.0 0.0
car 59.850360540651764 14.789910224637367 -2.7340167760849 4.181210041046143 1.994117259979248 1.3805816173553467 3.141586138419681 0.0 0.0 20001 5 True
car 59.410046759924626 89.06812432238141 -2.759573519229889 5.357479572296143 2.033203125 1.4147460460662842 3.1415866710514493 0.0 0.0 20003 0 False
car 82.3799952485082 21.999321835362764 -2.4693764448165894 4.4777727127075195 2.069315195083618 2.0377910137176514 -1.570798462106366 0.0 0.0 20011 0 False
car 30.890327026315568 -58.47848315144762 -2.9175883531570435 3.633375883102417 1.845113754272461 1.5012825727462769 0.0011685940992567274 -0.005903404242204953 2.5237118236156437 7259 0 False
car -10.738883989135106 41.765652846724095 -2.784065902233124 4.552699089050293 2.097072124481201 1.7671663761138916 -1.570415931458192 0.004971239956383318 -5.871763628649067 7256 19 True
car 19.125979907429905 -5.020123704640639 -2.959473431110382 4.673638820648193 1.8118125200271606 1.441947340965271 -3.1407971776131522 -0.012597487784374483 8.174633378222872 7244 87 True
car 33.98955499072056 -4.945162155532614 -2.959494948387146 4.673638820648193 1.8118125200271606 1.441947340965271 -3.0771182534175447 -0.8964629416898962 8.197925302729814 7255 20 True
car 27.787549206564258 -1.0158629802393193 -2.9596649408340454 4.673638820648193 1.8118125200271606 1.441947340965271 0.0005669865171644422 -0.0062962529577515 5.497423251906099 7258 31 True
truck -14.734769150619726 22.56631744085479 -1.7688052654266357 8.46804141998291 2.8910882472991943 3.8274123668670654 1.5714362886488173 0.002492415213872634 -3.246978249356275 7261 281 True
car -14.734863116155626 35.213808896083435 -2.847875952720642 4.611005783081055 2.241713285446167 1.6672759056091309 1.5711382811745538 0.0018265298488456929 -2.870433620701452 7260 14 True
car -10.731543096125879 27.32641333479745 -2.8699674010276794 4.855708599090576 2.0327565670013428 1.6493593454360962 -1.5699745134005103 0.012093065611759917 -8.406204876564079 7242 39 True
car -14.701218253795421 -29.575436755093506 -2.861339747905731 5.237514495849609 1.9297595024108887 1.638383150100708 1.567740889441596 -3.241627421648771e-05 0.0008920263592325482 7243 32 True
motorcycle -10.741120703643361 57.784299090018635 -2.9127030968666077 2.0333523750305176 0.8025798797607422 1.499274730682373 -1.5705769917107077 0.0033284032451430714 -4.799682378559557 7257 3 True
pedestrian 4.947356509478482 3.279150878694793 -2.624348282814026 0.3753577768802643 0.3753577768802643 1.8600000143051147 0.007481345815022786 -0.019661113159765733 1.3748424831270425 7251 49 True
pedestrian -19.78825597698007 -27.757924979272786 -2.623170256614685 0.9953577518463135 0.3753577768802643 1.8600000143051147 1.5823104988267684 0.0792058258181847 -3.359466653032258 7249 0 True
pedestrian 6.377918871322656 -8.432887192570547 -2.614869236946106 0.3753577768802643 0.3753577768802643 1.8600000143051147 -2.9544816530189513 -0.7194243954627553 1.5992626056071109 7245 30 True
pedestrian -16.484608702229643 6.197301257193487 -2.7275222539901733 0.9953577518463135 0.3753577768802643 1.8600000143051147 -0.005564803555382622 -0.8037792338282521 3.6050473003845256 7247 19 True
pedestrian 11.647717940817401 3.411618606255331 -2.624346613883972 0.3753577768802643 0.3753577768802643 1.8600000143051147 0.02398853641467624 -0.07898099365026799 1.6632812120904537 7253 14 True