0.0 0.0
car 59.850360540651764 14.789910224637367 -2.7340167760849 4.181210041046143 1.994117259979248 1.3805816173553467 3.141586138419681 0.0 0.0 20001 4 True
car 59.410046759924626 89.06812432238141 -2.759573519229889 5.357479572296143 2.033203125 1.4147460460662842 3.1415866710514493 0.0 0.0 20003 0 False
car 82.3799952485082 21.999321835362764 -2.4693764448165894 4.4777727127075195 2.069315195083618 2.0377910137176514 -1.570798462106366 0.0 0.0 20011 0 False
car 34.3097377372577 -58.47452049963914 -2.9177284240722656 3.633375883102417 1.845113754272461 1.5012825727462769 0.0010700572221544055 -0.009406261091670382 4.37681767650992 7259 0 False
car -10.734939372049558 33.922238534724045 -2.7856584191322327 4.552699089050293 2.097072124481201 1.7671663761138916 -1.5702841922204076 0.0068225299917876415 -6.576833315419177 7256 23 True
car 8.605864998534386 -5.027647291539552 -2.9600563049316406 4.673638820648193 1.8118125200271606 1.441947340965271 -3.141135265627967 -0.009950217239266972 10.24704571076323 7244 457 True
car 25.36271618245928 -5.036794753158915 -2.959680914878845 4.673638820648193 1.8118125200271606 1.441947340965271 -3.14040023378796 -0.011375362076338562 9.657410912238033 7255 56 True
car 33.80137748787381 -1.0131245470267345 -2.9602505564689636 4.673638820648193 1.8118125200271606 1.441947340965271 -0.0006575339177449544 0.0023032211308721714 4.948298854996329 7258 16 True
truck -14.737225959082206 26.507388000831668 -1.7706148624420166 8.46804141998291 2.8910882472991943 3.8274123668670654 1.571352132829454 0.005634830369255145 -5.012865579920012 7261 202 True
car -14.737036875585176 39.540865783802474 -2.8465609550476074 4.611005783081055 2.241713285446167 1.6672759056091309 1.5709366800503202 0.004190453585343558 -5.132368728366098 7260 22 True
car -10.725480283682227 15.938473873436351 -2.8695533871650696 4.855708599090576 2.0327565670013428 1.6493593454360962 -1.5702575572835475 0.015205015769767898 -14.14986261041123 7242 122 True
car -14.70121133994609 -29.57565037814976 -2.861320376396179 5.237514495849609 1.9297595024108887 1.638383150100708 1.567740889441596 -2.67803354298796e-08 3.363281173227299e-06 7243 36 True
motorcycle -10.740398737755164 50.59563942105842 -2.9157828092575073 2.0333523750305176 0.8025798797607422 1.499274730682373 -1.5706367496206295 0.0019375256134376003 -5.968651338766569 7257 2 True
pedestrian 6.386874598628182 3.36349951406595 -2.624348282814026 0.3753577768802643 0.3753577768802643 1.8600000143051147 0.1359296245935228 -0.3670109573233155 1.4841955776520332 7251 25 True
pedestrian -19.79413773472153 -24.569662031843905 -2.623170256614685 0.9953577518463135 0.3753577768802643 1.8600000143051147 1.580860142522176 0.03573302395805938 -2.9630715980743334 7249 2 True
pedestrian 4.969109002698765 -8.58547317423944 -2.614869236946106 0.3753577768802643 0.3753577768802643 1.8600000143051147 -2.926073870824178 -0.3664350247650682 1.0053189457295082 7245 22 True
pedestrian -12.799815270835168 5.947174193935609 -2.7275222539901733 0.9953577518463135 0.3753577768802643 1.8600000143051147 -0.07007529909896851 0.5151619395971752 3.6574150163248835 7247 25 True
pedestrian 13.42169731581409 3.5503491126457902 -2.624346613883972 0.3753577768802643 0.3753577768802643 1.8600000143051147 0.09242026703516641 -0.3107407875567943 1.7358100821438904 7253 16 True