0.0 0.0
car 59.850360540651764 14.789910224637367 -2.7340167760849 4.181210041046143 1.994117259979248 1.3805816173553467 3.141586138419681 0.0 0.0 20001 5 True
car 59.410046759924626 89.06812432238141 -2.759573519229889 5.357479572296143 2.033203125 1.4147460460662842 3.1415866710514493 0.0 0.0 20003 0 False
car 82.3799952485082 21.999321835362764 -2.4693764448165894 4.4777727127075195 2.069315195083618 2.0377910137176514 -1.570798462106366 0.0 0.0 20011 0 False
car -10.729084639357511 23.018216309973923 -2.7847142219543457 4.552699089050293 2.097072124481201 1.7671663761138916 -1.5710509295645818 -5.203778076967393e-10 -1.400753009677574e-10 7256 66 True
car -10.543343510067151 -46.87704761371117 -2.9591586589813232 4.673638820648193 1.8118125200271606 1.441947340965271 -1.4877658882410525 2.4726222173972836 -14.951208343020248 7244 11 True
car -10.621298011920183 -24.333773582259084 -2.959704339504242 4.673638820648193 1.8118125200271606 1.441947340965271 -1.5848780492246979 -0.32800796080245703 -11.660617201711307 7255 54 True
car 101.03808332257009 -0.9728714153910687 -2.9599403738975525 4.673638820648193 1.8118125200271606 1.441947340965271 0.0007139928851657443 -0.011158592526073407 7.219539840140989 7258 0 True
truck -14.747869094510843 70.92749299580356 -1.7695317268371582 8.46804141998291 2.8910882472991943 3.8274123668670654 1.5708083157942032 0.00033372154103168385 -9.46131363559887 7261 14 True
car -14.746130155893397 109.92520417515948 -2.846389353275299 4.611005783081055 2.241713285446167 1.6672759056091309 1.5708602473915947 0.0014166307539489513 -13.647059407578581 7260 0 True
car 11.633788619654037 -58.4899316679527 -2.8668211698532104 4.855708599090576 2.0327565670013428 1.6493593454360962 -0.006734063444349501 0.1304726687276186 17.921098803601947 7242 0 False
car -14.702188891264335 -24.850857896347748 -2.861320674419403 5.237514495849609 1.9297595024108887 1.638383150100708 1.5710104495502046 1.793959336051979e-09 4.0209842139848317e-10 7243 50 True
motorcycle -10.732168387849484 29.5850192926801 -2.915069818496704 2.0333523750305176 0.8025798797607422 1.499274730682373 -1.5702782458535496 -2.35819045854787e-07 4.038664515374022e-05 7257 4 True
pedestrian 15.67798417869141 3.7287823346437676 -2.624348282814026 0.3753577768802643 0.3753577768802643 1.8600000143051147 0.011956118456946479 -0.05941396851239335 1.571179335826354 7251 4 True
pedestrian -18.71818337584842 -4.216971839348616 -2.623170256614685 0.9953577518463135 0.3753577768802643 1.8600000143051147 1.4638651778115166 -0.7612307467197981 -3.5051829145041093 7249 9 True
pedestrian -1.4510519964649973 -6.290939328345871 -2.727522134780884 0.3753577768802643 0.3753577768802643 1.8600000143051147 1.885140154802958 1.0317403503997933 -1.4184672234227482 7245 71 True
pedestrian -12.13407649400142 4.374968702003912 -3.4913778454065323 0.3753577768802643 0.3753577768802643 1.8600000143051147 2.6649201207025315 0.0026121128437009058 0.00012251873747779734 7247 34 True
pedestrian 24.19723538368087 3.9761767968029744 -2.624346613883972 0.3753577768802643 0.3753577768802643 1.8600000143051147 0.023805311086442734 -0.0603441842448426 1.8123583104579342 7253 6 True