0.0 0.0
car 59.850360540651764 14.789910224637367 -2.7340167760849 4.181210041046143 1.994117259979248 1.3805816173553467 3.141586138419681 0.0 0.0 20001 4 True
car 59.410046759924626 89.06812432238141 -2.759573519229889 5.357479572296143 2.033203125 1.4147460460662842 3.1415866710514493 0.0 0.0 20003 0 False
car 82.3799952485082 21.999321835362764 -2.4693764448165894 4.4777727127075195 2.069315195083618 2.0377910137176514 -1.570798462106366 0.0 0.0 20011 0 False
car 101.7468906543081 -58.43438970992452 -2.9175058007240295 3.633375883102417 1.845113754272461 1.5012825727462769 -0.0003860248739454481 0.014532713047976644 18.175735293853126 7259 0 False
car -10.729084639357511 23.018216309973923 -2.7847142219543457 4.552699089050293 2.097072124481201 1.7671663761138916 -1.5710509295645818 1.2917881974800351e-10 -3.3571247759290706e-10 7256 74 True
car -10.690364439135074 -40.8015469262034 -2.959725797176361 4.673638820648193 1.8118125200271606 1.441947340965271 -1.5708778242236883 -0.003455574782438638 -14.785783638330196 7244 14 True
car -10.510091881998495 -19.87942802981172 -2.959515690803528 4.673638820648193 1.8118125200271606 1.441947340965271 -1.6184391779742768 -0.9296923794779758 -10.403329307466107 7255 76 True
car 98.11748242922381 -0.9745154071561615 -2.9599921107292175 4.673638820648193 1.8118125200271606 1.441947340965271 0.0005976128438313802 -0.009341954439405102 7.874241948158921 7258 0 True
truck -14.747736124796628 67.18240632569461 -1.7695375680923462 8.46804141998291 2.8910882472991943 3.8274123668670654 1.5708298873808118 0.0007182914745072137 -9.254446419129357 7261 31 True
car -14.745788274014597 104.46301545398308 -2.8463847637176514 4.611005783081055 2.241713285446167 1.6672759056091309 1.570892471613566 0.0025666099683490807 -13.64662921490965 7260 0 True
car 4.737567300925807 -58.60640791918286 -2.8689958453178406 4.855708599090576 2.0327565670013428 1.6493593454360962 0.03962673828464084 -1.24491634914909 16.228895755570715 7242 0 False
car -14.702188891264335 -24.850857896347748 -2.861320674419403 5.237514495849609 1.9297595024108887 1.638383150100708 1.5710104495502046 -1.0402089913970126e-09 1.2168349065613605e-10 7243 36 True
motorcycle -10.73216755272283 29.585507573928965 -2.9151899218559265 2.0333523750305176 0.8025798797607422 1.499274730682373 -1.5702778329208886 -7.062446943217904e-06 0.0006200119169607088 7257 6 True
pedestrian 15.049524231234575 3.7162099440279803 -2.624348282814026 0.3753577768802643 0.3753577768802643 1.8600000143051147 0.02173470508787367 -0.0633178303524088 1.5467431772042801 7251 5 True
pedestrian -18.871309164384556 -5.643485303738714 -2.623170256614685 0.9953577518463135 0.3753577768802643 1.8600000143051147 1.4638681072862414 -0.7611114795853667 -3.5051970063114704 7249 5 True
pedestrian -1.234182592491475 -6.958053880020543 -2.621765613555908 0.3753577768802643 0.3753577768802643 1.8600000143051147 1.8861540193735757 1.0422486629808223 -1.4103521198228495 7245 49 True
pedestrian -12.160013079270097 4.388457506679572 -3.49137519299984 0.3753577768802643 0.3753577768802643 1.8600000143051147 2.6649206533342995 0.012347408103738286 -0.005006832999714675 7247 25 True
pedestrian 23.472305558520958 3.964672652139541 -2.624346613883972 0.3753577768802643 0.3753577768802643 1.8600000143051147 0.007337402079688179 -0.04921203835230335 1.8090137612863808 7253 8 True