0.0 0.0
car 59.850360540651764 14.789910224637367 -2.7340167760849 4.181210041046143 1.994117259979248 1.3805816173553467 3.141586138419681 0.0 0.0 20001 6 True
car 59.410046759924626 89.06812432238141 -2.759573519229889 5.357479572296143 2.033203125 1.4147460460662842 3.1415866710514493 0.0 0.0 20003 0 False
car 82.3799952485082 21.999321835362764 -2.4693764448165894 4.4777727127075195 2.069315195083618 2.0377910137176514 -1.570798462106366 0.0 0.0 20011 0 False
car 96.36732827960385 -58.432002049450944 -2.9175174236297607 3.633375883102417 1.845113754272461 1.5012825727462769 -0.0005154543935987684 0.01744340033101544 17.669371865304853 7259 0 False
car -10.729084639357511 23.018216309973923 -2.7847142219543457 4.552699089050293 2.097072124481201 1.7671663761138916 -1.5710509295645818 1.1561795993913722e-09 -1.7015618130874053e-10 7256 82 True
car -10.688784167835571 -36.554354545524404 -2.959917962551117 4.673638820648193 1.8118125200271606 1.441947340965271 -1.5713998033076824 -0.016651007438714074 -13.618198890246756 7244 19 True
car -10.348399049274057 -17.082644801636945 -2.959669351577759 4.673638820648193 1.8118125200271606 1.441947340965271 -1.6644383893116845 -1.3488161426752419 -7.785858177703219 7255 96 True
car 95.66216016202745 -0.9756717481300257 -2.96008163690567 4.673638820648193 1.8118125200271606 1.441947340965271 0.0005018722835116917 -0.00870076375426663 8.329226098917182 7258 0 True
truck -14.747590606139564 64.42865266338299 -1.7695393562316895 8.46804141998291 2.8910882472991943 3.8274123668670654 1.5708456000179714 0.000994157938679206 -9.094784168996641 7261 35 True
car -14.745277172630338 100.36587800211112 -2.8463950753211975 4.611005783081055 2.241713285446167 1.6672759056091309 1.5710346842956542 0.005393343111748162 -13.649383040818824 7260 0 True
car 0.12386716993592906 -58.767259821854 -2.8891186714172363 4.855708599090576 2.0327565670013428 1.6493593454360962 0.06331154143354628 -0.4988946218196238 14.22940522696866 7242 0 False
car -14.702188891264335 -24.850857896347748 -2.861320674419403 5.237514495849609 1.9297595024108887 1.638383150100708 1.5710104495502046 2.1949477280979787e-07 -7.297979172691287e-08 7243 32 True
motorcycle -10.732173627268981 29.589291753624707 -2.9163583517074585 2.0333523750305176 0.8025798797607422 1.4992748498916626 -1.57024974807089 3.796718363832453e-05 0.004392209406781282 7257 6 True
pedestrian 14.585224062114264 3.706261842692186 -2.624348282814026 0.3753577768802643 0.3753577768802643 1.8600000143051147 0.018373132841322155 -0.06118144488834117 1.543570096846621 7251 10 True
pedestrian -18.986144445880655 -6.7133704020436085 -2.623170256614685 0.9953577518463135 0.3753577768802643 1.8600000143051147 1.4639405452067058 -0.7592067499370353 -3.5054290612121686 7249 6 True
pedestrian -1.0715322084413863 -7.458389793774302 -2.614869236946106 0.3753577768802643 0.3753577768802643 1.8600000143051147 1.9013878205735948 1.1648025568408829 -1.310851646120931 7245 56 True
pedestrian -12.17880265560801 4.398101086827239 -3.4913484305143356 0.3753577768802643 0.3753577768802643 1.8600000143051147 2.664921585439894 0.018312087380713982 -0.00917733299505588 7247 20 True
pedestrian 22.92951609251076 3.9596685048141467 -2.624346613883972 0.3753577768802643 0.3753577768802643 1.8600000143051147 0.023918362179226344 -0.06039390138795176 1.8058591961965116 7253 10 True