0.0 0.0
car 59.850360540651764 14.789910224637367 -2.7340167760849 4.181210041046143 1.994117259979248 1.3805816173553467 3.141586138419681 0.0 0.0 20001 5 True
car 59.410046759924626 89.06812432238141 -2.759573519229889 5.357479572296143 2.033203125 1.4147460460662842 3.1415866710514493 0.0 0.0 20003 0 False
car 82.3799952485082 21.999321835362764 -2.4693764448165894 4.4777727127075195 2.069315195083618 2.0377910137176514 -1.570798462106366 0.0 0.0 20011 0 False
car -10.729084639357511 23.018216309973923 -2.7847142219543457 4.552699089050293 2.097072124481201 1.7671663761138916 -1.5710509295645818 2.7418380685093855e-10 -7.654040544433747e-11 7256 59 True
car -9.13217069931866 -52.54892452587984 -2.9283429384231567 4.673638820648193 1.8118125200271606 1.441947340965271 -1.0882366101900736 11.464782168391807 -8.88600731431692 7244 12 True
car -10.660430249320857 -28.644595062445433 -2.9600406289100647 4.673638820648193 1.8118125200271606 1.441947340965271 -1.5774158781533276 -0.13063657114564295 -10.08904516193519 7255 32 True
car 103.94165540719855 -0.9713189532861293 -2.9599828720092773 4.673638820648193 1.8118125200271606 1.441947340965271 0.0007086665674845377 -0.009760484786109094 6.776713970553027 7258 0 True
truck -14.748256823483755 74.75390901196096 -1.769524097442627 8.46804141998291 2.8910882472991943 3.8274123668670654 1.5708719652904934 0.0015330121799305232 -9.661204279056703 7261 0 True
car -14.746735966725744 115.38769807247476 -2.8463883996009827 4.611005783081055 2.241713285446167 1.6672759056091309 1.571030156925625 0.005478065693831111 -13.647221989644713 7260 0 False
car 18.421638032732364 -58.4996759730023 -2.8662089705467224 4.855708599090576 2.0327565670013428 1.6493593454360962 0.0036876760465833873 -0.08456764848178183 15.763525537876548 7242 0 False
car -14.702188891264335 -24.850857896347748 -2.861320674419403 5.237514495849609 1.9297595024108887 1.638383150100708 1.5710104495502046 1.7924806348220083e-07 6.228902450712181e-09 7243 49 True
motorcycle -10.732168626309415 29.584988775102318 -2.9150604009628296 2.0333523750305176 0.8025798797607422 1.4992784261703491 -1.5702782453984199 -9.700466937749324e-09 2.657402702710313e-06 7257 2 True
pedestrian 16.308078724133324 3.741507310935276 -2.624348282814026 0.3753577768802643 0.3753577768802643 1.8600000143051147 0.011831748939090305 -0.0577053285767004 1.5753552214806807 7251 3 True
pedestrian -18.611657493003452 -2.8205181262682117 -2.623170256614685 0.9953577518463135 0.3753577768802643 1.8600000143051147 1.4912187485792372 -0.5485598360394248 -3.461880066538804 7249 9 True
pedestrian -1.6679194930898866 -5.623824776673757 -2.727522134780884 0.3753577768802643 0.3753577768802643 1.8600000143051147 1.8851148547939724 1.0312401625838206 -1.4186442427846875 7245 45 True
pedestrian -12.107012487538443 4.360991614550528 -3.491366520524025 0.3753577768802643 0.3753577768802643 1.8600000143051147 2.6649197212287055 -0.008997925304672041 0.005868619322906621 7247 27 True
pedestrian 24.92359572023269 3.9876199043717975 -2.624346613883972 0.3753577768802643 0.3753577768802643 1.8600000143051147 0.02408334486940172 -0.0648380020162085 1.8157619424841995 7253 5 True