0.0 0.0
car 59.850360540651764 14.789910224637367 -2.7340167760849 4.181210041046143 1.994117259979248 1.3805816173553467 3.141586138419681 0.0 0.0 20001 3 True
car 59.410046759924626 89.06812432238141 -2.759573519229889 5.357479572296143 2.033203125 1.4147460460662842 3.1415866710514493 0.0 0.0 20003 0 False
car 82.3799952485082 21.999321835362764 -2.4693764448165894 4.4777727127075195 2.069315195083618 2.0377910137176514 -1.570798462106366 0.0 0.0 20011 0 False
car -10.729084639357511 23.018216309973923 -2.7847142219543457 4.552699089050293 2.097072124481201 1.7671663761138916 -1.5710509295645818 -1.8033988723877823e-10 2.1353261220799453e-10 7256 57 True
car -8.440084282407323 -53.81107145976233 -2.9136998057365417 4.673638820648193 1.8118125200271606 1.441947340965271 -0.9399872793788909 13.095475465779728 -5.283160959214626 7244 5 True
car -10.666138411540697 -29.65942659768143 -2.9599621891975403 4.673638820648193 1.8118125200271606 1.441947340965271 -1.5765114709715031 -0.11263436472175553 -10.253782983030357 7255 37 True
car 104.6107151611541 -0.970923131355562 -2.9599817395210266 4.673638820648193 1.8118125200271606 1.441947340965271 0.0006816355052524143 -0.009245413106383594 6.676027757535116 7258 0 True
truck -14.74833943374073 75.7229641878559 -1.7695225477218628 8.46804141998291 2.8910882472991943 3.8274123668670654 1.5708690358157686 0.0014979334042616703 -9.710076276121786 7261 0 True
car -14.746975157460602 116.75332917631701 -2.846388101577759 4.611005783081055 2.241713285446167 1.6672759056091309 1.571037613770379 0.005811689408811323 -13.647100800138874 7260 0 False
car 19.95446350650743 -58.49687043281409 -2.865734279155731 4.855708599090576 2.0327565670013428 1.6493593454360962 0.0037288218506707086 -0.08250069036380431 14.958152276676053 7242 0 False
car -14.702188891264335 -24.850857896347748 -2.861320674419403 5.237514495849609 1.9297595024108887 1.638383150100708 1.5710104495502046 -1.9980868915009958e-08 4.331878354637547e-08 7243 49 True
motorcycle -10.732168626309415 29.584988775102318 -2.915061831474304 2.0333523750305176 0.8025798797607422 1.4992748498916626 -1.5702782453984199 -1.9172978435739475e-08 1.297352877064862e-06 7257 8 True
pedestrian 16.46579929844768 3.7477937183155063 -2.624348282814026 0.3753577768802643 0.3753577768802643 1.8600000143051147 0.028658119125790065 -0.07018310149956612 1.5758331826292675 7251 8 True
pedestrian -18.58122288823463 -2.4713360386006116 -2.623170256614685 0.9953577518463135 0.3753577768802643 1.8600000143051147 1.485541692878723 -0.5730081918717704 -3.4582994524151998 7249 9 True
pedestrian -1.7221366056233354 -5.457015621177277 -2.727522134780884 0.3753577768802643 0.3753577768802643 1.8600000143051147 1.8851148547939724 1.0312401625838206 -1.4186442427846875 7245 68 True
pedestrian -12.100041788733407 4.357451566042641 -3.4914212971925735 0.3753577768802643 0.3753577768802643 1.8600000143051147 2.6649197212287055 -0.011295620984654196 0.008272382790135304 7247 28 True
pedestrian 25.105469040814803 3.9869177536341454 -2.624346613883972 0.3753577768802643 0.3753577768802643 1.8600000143051147 0.007306775753021241 -0.04999742531830781 1.8171636406364653 7253 9 True