0.0 0.0
car 59.850360540651764 14.789910224637367 -2.7340167760849 4.181210041046143 1.994117259979248 1.3805816173553467 3.141586138419681 0.0 0.0 20001 4 True
car 59.410046759924626 89.06812432238141 -2.759573519229889 5.357479572296143 2.033203125 1.4147460460662842 3.1415866710514493 0.0 0.0 20003 0 False
car 82.3799952485082 21.999321835362764 -2.4693764448165894 4.4777727127075195 2.069315195083618 2.0377910137176514 -1.570798462106366 0.0 0.0 20011 0 False
car 45.28668172323549 -58.46254196534352 -2.917805790901184 3.633375883102417 1.845113754272461 1.5012825727462769 0.0012855067723592122 -0.02377494620697481 9.204287399903695 7259 0 False
car -10.729261086360065 23.35738867349488 -2.786309778690338 4.552699089050293 2.097072124481201 1.7671663761138916 -1.5703740266278277 0.0024502149877907945 -2.42973174118292 7256 65 True
car -4.367583581868912 -5.603801587342332 -2.9586389660835266 4.673638820648193 1.8118125200271606 1.441947340965271 -2.899622711429596 -4.433341589874276 7.440017338788753 7244 852 True
car 11.261546604217173 -5.030916270883438 -2.9598618745803833 4.673638820648193 1.8118125200271606 1.441947340965271 -3.1380875466507807 -0.04540004517109648 8.479299346104689 7255 273 True
car 47.2222110887942 -1.0033465898596319 -2.9596546292304993 4.673638820648193 1.8118125200271606 1.441947340965271 0.0007631281657748752 -0.016453215574469552 12.096973851014761 7258 15 True
truck -14.742703224908201 35.24908722701946 -1.7698782682418823 8.46804141998291 2.8910882472991943 3.8274123668670654 1.5695659521950613 -0.006278625605452581 -6.338110632771945 7261 107 True
car -14.73963563936412 52.3844937170349 -2.847677171230316 4.611005783081055 2.241713285446167 1.6672759056091309 1.5709912748065524 0.003100025373384879 -10.123134471313692 7260 10 True
car -10.734313297360957 -4.708651358773352 -2.867708444595337 4.855708599090576 2.0327565670013428 1.6493593454360962 -1.5667915973702693 0.11155770732443201 -14.153181889459153 7242 505 True
car -14.701214136499168 -27.152707262907143 -2.8610541224479675 5.237514495849609 1.9297595024108887 1.638383150100708 1.5701854029413858 -0.001838781951659344 -5.128434042770249 7243 56 True
motorcycle -10.73755705237188 39.05178565742108 -2.9142653942108154 2.0333523750305176 0.8025798797607422 1.4992748498916626 -1.5702508273134095 0.009340176389472158 -8.152830811637495 7257 2 True
pedestrian 8.873016024363114 3.5265210476547395 -2.624348282814026 0.3753577768802643 0.3753577768802643 1.8600000143051147 0.009431577033996582 -0.021770357509507256 1.5626571125532962 7251 24 True
pedestrian -19.768903414822844 -19.57103535704323 -2.623170256614685 0.9953577518463135 0.3753577768802643 1.8600000143051147 1.5572555004543727 -0.09246248205291364 -3.1482555857535366 7249 8 True
pedestrian 2.969347772085298 -9.030386236021116 -2.614869236946106 0.3753577768802643 0.3753577768802643 1.8600000143051147 3.0033536803766885 0.1938653257498432 1.189368319488818 7245 45 True
pedestrian -12.240260357163779 4.766112644713303 -3.030505955219269 0.3753577768802643 0.3753577768802643 1.8600000143051147 -1.1195492661797206 0.2428995505070744 0.0008852409952344428 7247 7 True
pedestrian 16.312812773281678 3.74877048811436 -2.624346613883972 0.3753577768802643 0.3753577768802643 1.8600000143051147 0.029729374769422744 -0.20252716561741152 1.7903764740050123 7253 11 True