0.0 0.0
car 59.850360540651764 14.789910224637367 -2.7340167760849 4.181210041046143 1.994117259979248 1.3805816173553467 3.141586138419681 0.0 0.0 20001 6 True
car 59.410046759924626 89.06812432238141 -2.759573519229889 5.357479572296143 2.033203125 1.4147460460662842 3.1415866710514493 0.0 0.0 20003 0 False
car 82.3799952485082 21.999321835362764 -2.4693764448165894 4.4777727127075195 2.069315195083618 2.0377910137176514 -1.570798462106366 0.0 0.0 20011 0 False
car -10.729084639357511 23.018216309973923 -2.7847142219543457 4.552699089050293 2.097072124481201 1.7671663761138916 -1.5710509295645818 8.405731676398405e-10 -3.6412494504114333e-10 7256 69 True
car -9.671969749114824 -51.19650680225482 -2.9367096424102783 4.673638820648193 1.8118125200271606 1.441947340965271 -1.2046609598296483 9.189546910449925 -11.30922497890994 7244 11 True
car -10.653673518468473 -27.627016946599042 -2.9600061178207397 4.673638820648193 1.8118125200271606 1.441947340965271 -1.578083798910699 -0.1512240400465774 -10.372716379287688 7255 37 True
car 103.24738813375312 -0.9716842234821002 -2.9599193930625916 4.673638820648193 1.8118125200271606 1.441947340965271 0.0007440865800645616 -0.01069440844144444 7.149790363339763 7258 0 True
truck -14.748173252853483 73.78979768372096 -1.7695260047912598 8.46804141998291 2.8910882472991943 3.8274123668670654 1.5708727642381455 0.001536881359931354 -9.611890733204193 7261 0 True
car -14.746527531987589 114.02206696867421 -2.846389055252075 4.611005783081055 2.241713285446167 1.6672759056091309 1.5710117811296251 0.00491748413534791 -13.647343214840687 7260 0 False
car 16.81249954243282 -58.500802942988514 -2.8665155172348022 4.855708599090576 2.0327565670013428 1.6493593454360962 0.001767272206624349 -0.041144864186872625 16.444846747644693 7242 0 False
car -14.702188891264335 -24.850857896347748 -2.861320674419403 5.237514495849609 1.9297595024108887 1.638383150100708 1.5710104495502046 1.2893128042680586e-07 7.130219914936859e-09 7243 45 True
motorcycle -10.732168626309415 29.584988775102318 -2.915063977241516 2.0333523750305176 0.8025798797607422 1.499274730682373 -1.5702782453984199 -5.5558945428184714e-09 5.302111273200252e-06 7257 2 True
pedestrian 16.15033717737841 3.7414159719428426 -2.624348282814026 0.3753577768802643 0.3753577768802643 1.8600000143051147 0.02862949016825358 -0.07007912695134474 1.5737852995916664 7251 5 True
pedestrian -18.63991056806296 -3.1699138399386584 -2.623170256614685 0.9953577518463135 0.3753577768802643 1.8600000143051147 1.494979128862169 -0.548953340209178 -3.4621158361886186 7249 7 True
pedestrian -1.6137023804737325 -5.790572897013988 -2.727522134780884 0.3753577768802643 0.3753577768802643 1.8600000143051147 1.8851148547939724 1.0312401625838206 -1.4186442427846875 7245 59 True
pedestrian -12.113868208942357 4.364562180480732 -3.4913580417633057 0.3753577768802643 0.3753577768802643 1.8600000143051147 2.6649191885969374 -0.006227257146786824 0.003128459872454711 7247 28 True
pedestrian 24.741924568970703 3.981211459132396 -2.624346613883972 0.3753577768802643 0.3753577768802643 1.8600000143051147 0.007344992082383897 -0.05005369131180289 1.8153551260063518 7253 5 True