0.0 0.0
car 59.850360540651764 14.789910224637367 -2.7340167760849 4.181210041046143 1.994117259979248 1.3805816173553467 3.141586138419681 0.0 0.0 20001 8 True
car 59.410046759924626 89.06812432238141 -2.759573519229889 5.357479572296143 2.033203125 1.4147460460662842 3.1415866710514493 0.0 0.0 20003 0 False
car 82.3799952485082 21.999321835362764 -2.4693764448165894 4.4777727127075195 2.069315195083618 2.0377910137176514 -1.570798462106366 0.0 0.0 20011 0 False
car 74.91189157876742 -58.42776155126285 -2.917821705341339 3.633375883102417 1.845113754272461 1.5012825727462769 0.0002709764120313856 -0.010131341131194923 15.186859460537443 7259 0 False
car -10.729084639357511 23.018216309973923 -2.7847142219543457 4.552699089050293 2.097072124481201 1.7671663761138916 -1.5710509295645818 -4.341570817925261e-09 -8.052960064561731e-09 7256 56 True
car -10.569557260307487 -20.385134736345663 -2.9593292474746704 4.673638820648193 1.8118125200271606 1.441947340965271 -1.6099042906830974 -0.6772725131425041 -9.459455669711073 7244 64 True
car -7.471216355870397 -7.602363055709759 -2.959934413433075 4.673638820648193 1.8118125200271606 1.441947340965271 -2.385339774825838 -8.928192454615996 -0.23357490184010654 7255 307 True
car 82.10659527127707 -0.9833132922656773 -2.9600692987442017 4.673638820648193 1.8118125200271606 1.441947340965271 0.0003026680022345649 -0.008239230401191512 12.615420164115541 7258 0 True
truck -14.746611060189343 53.08206452726927 -1.7695775032043457 8.46804141998291 2.8910882472991943 3.8274123668670654 1.5709707684834797 0.0011536013111246377 -8.321872272422555 7261 43 True
car -14.745244487424973 82.6107663076983 -2.846367299556732 4.611005783081055 2.241713285446167 1.6672759056091309 1.5710208358696829 0.006164639916603583 -13.624188683717412 7260 0 True
car -10.645928862982938 -44.96902745517184 -2.8683600425720215 4.855708599090576 2.0327565670013428 1.6493593454360962 -1.5384372663858863 1.2241923067927283 -17.664828856129944 7242 15 True
car -14.702188891264335 -24.850857896347748 -2.861320674419403 5.237514495849609 1.9297595024108887 1.638383150100708 1.5710104495502046 1.3522007301079905e-07 1.1781615812487472e-06 7243 31 True
motorcycle -10.73370834668453 32.39050025180319 -2.915053904056549 2.0333523750305176 0.8025798797607422 1.499274730682373 -1.570243099991586 0.0029461523663549174 -2.739134939352354 7257 10 True
pedestrian 12.584348531488839 3.66375356757743 -2.624348282814026 0.3753577768802643 0.3753577768802643 1.8600000143051147 0.022128186806572806 -0.06277268828643338 1.5298938292222461 7251 7 True
pedestrian -19.435970770519166 -11.350210612843853 -2.623170256614685 0.9953577518463135 0.3753577768802643 1.8600000143051147 1.4689832364713882 -0.7133855096595408 -3.5152286064514127 7249 9 True
pedestrian 0.27593324255883367 -8.913347674298393 -2.614869236946106 0.3753577768802643 0.3753577768802643 1.8600000143051147 2.894445131169637 0.1540948634387929 0.40956179663419723 7245 33 True
pedestrian -12.256460628682342 4.438201289711174 -3.4913539439439774 0.3753577768802643 0.3753577768802643 1.8600000143051147 2.664922517545488 0.040200948805669365 -0.02086065870810492 7247 24 True
pedestrian 20.593769289619907 3.9318091209544264 -2.624346613883972 0.3753577768802643 0.3753577768802643 1.8600000143051147 0.015029004285176594 -0.11209792850811484 1.791876993706464 7253 7 True