0.0 0.0
car 59.850360540651764 14.789910224637367 -2.7340167760849 4.181210041046143 1.994117259979248 1.3805816173553467 3.141586138419681 0.0 0.0 20001 8 True
car 59.410046759924626 89.06812432238141 -2.759573519229889 5.357479572296143 2.033203125 1.4147460460662842 3.1415866710514493 0.0 0.0 20003 0 False
car 82.3799952485082 21.999321835362764 -2.4693764448165894 4.4777727127075195 2.069315195083618 2.0377910137176514 -1.570798462106366 0.0 0.0 20011 0 False
car 77.99779856271931 -58.42663658231788 -2.9177392721176147 3.633375883102417 1.845113754272461 1.5012825727462769 -0.00011145319747924805 -0.0012059430631782297 15.63961538562683 7259 0 False
car -10.729084639357511 23.018216309973923 -2.7847142219543457 4.552699089050293 2.097072124481201 1.7671663761138916 -1.5710509295645818 -6.580501870687587e-09 4.639579212318684e-09 7256 64 True
car -10.618772399618939 -22.365603419662136 -2.959505617618561 4.673638820648193 1.8118125200271606 1.441947340965271 -1.5924083919609056 -0.40968806982533973 -9.949760909972923 7244 54 True
car -8.55396784174146 -9.1662653971635 -2.9599016904830933 4.673638820648193 1.8118125200271606 1.441947340965271 -2.1300083557194602 -8.65004271289666 -4.7216761387497534 7255 232 True
car 84.55921673260262 -0.982309535522802 -2.9600587487220764 4.673638820648193 1.8118125200271606 1.441947340965271 0.0004211785706414117 -0.009926223694054388 11.952024554805142 7258 0 True
truck -14.746732525210742 54.76043977157752 -1.7695876359939575 8.46804141998291 2.8910882472991943 3.8274123668670654 1.5708826179258557 -0.00026144183872848993 -8.454482618317705 7261 43 True
car -14.745596030934262 85.34149445759371 -2.8464603424072266 4.611005783081055 2.241713285446167 1.6672759056091309 1.5708655737092758 0.0024751515370710765 -13.658495797262434 7260 0 True
car -10.354462550057502 -48.43139967629088 -2.8638944029808044 4.855708599090576 2.0327565670013428 1.6493593454360962 -1.4030741664179167 5.4911173824344575 -15.938016133166071 7242 14 True
car -14.702188891264335 -24.850857896347748 -2.861320674419403 5.237514495849609 1.9297595024108887 1.638383150100708 1.5710104495502046 -4.950688878632349e-08 4.1286608376863597e-07 7243 50 True
motorcycle -10.733366849464838 31.74706763415179 -2.9142192602157593 2.0333523750305176 0.8025798797607422 1.499274730682373 -1.570242806627995 0.004151487115631297 -3.7543516577177307 7257 9 True
pedestrian 12.891013961738725 3.670924782901011 -2.624348282814026 0.3753577768802643 0.3753577768802643 1.8600000143051147 0.02326269247266981 -0.07002085517807888 1.5316470197374037 7251 12 True
pedestrian -19.36263844746035 -10.636557147755695 -2.623170256614685 0.9953577518463135 0.3753577768802643 1.8600000143051147 1.4683976078423395 -0.7271720646703858 -3.5120341420748047 7249 5 True
pedestrian 0.05291378886400544 -8.805437215853829 -2.614869236946106 0.3753577768802643 0.3753577768802643 1.8600000143051147 2.7322795304158527 0.50515685895741 0.5971380746736571 7245 15 True
pedestrian -12.244804441944677 4.432158793448139 -3.491348534822464 0.3753577768802643 0.3753577768802643 1.8600000143051147 2.664922517545488 0.037341882261531206 -0.019040978840580206 7247 22 True
pedestrian 20.950973728777946 3.9332124455313533 -2.624346613883972 0.3753577768802643 0.3753577768802643 1.8600000143051147 0.0029182894575330944 -0.03955145062979199 1.7737689853275391 7253 6 True