0.0 0.0
car 59.850360540651764 14.789910224637367 -2.7340167760849 4.181210041046143 1.994117259979248 1.3805816173553467 3.141586138419681 0.0 0.0 20001 3 True
car 59.410046759924626 89.06812432238141 -2.759573519229889 5.357479572296143 2.033203125 1.4147460460662842 3.1415866710514493 0.0 0.0 20003 0 False
car 82.3799952485082 21.999321835362764 -2.4693764448165894 4.4777727127075195 2.069315195083618 2.0377910137176514 -1.570798462106366 0.0 0.0 20011 0 False
car 35.21550327173876 -58.47375878751052 -2.917485237121582 3.633375883102417 1.845113754272461 1.5012825727462769 0.0010546109008789063 -0.00970106310723566 4.5900378706109155 7259 0 False
car -10.734230128045088 32.5647556236043 -2.78449684381485 4.552699089050293 2.097072124481201 1.7671663761138916 -1.5702759645810238 0.00739726176397513 -7.063482849262013 7256 34 True
car 6.767947669578383 -5.0284382581679665 -2.9602622985839844 4.673638820648193 1.8118125200271606 1.441947340965271 -3.141214627761417 -0.006243377073996066 8.376172314987151 7244 738 True
car 23.4981150489835 -5.0354799707398 -2.9599406719207764 4.673638820648193 1.8118125200271606 1.441947340965271 3.140736990223355 0.01786969375634009 8.826865605113676 7255 59 True
car 34.85320015043408 -1.0129733843700137 -2.9597247838974 4.673638820648193 1.8118125200271606 1.441947340965271 -3.9947382609049475e-07 -0.0021088556055458914 5.374934198988779 7258 24 True
truck -14.737773181152487 27.52514923204376 -1.7697856426239014 8.46804141998291 2.8910882472991943 3.8274123668670654 1.571364649676005 0.005625473957333168 -5.05534229199305 7261 201 True
car -14.73769476450941 40.70459259133668 -2.8486648201942444 4.611005783081055 2.241713285446167 1.6672759056091309 1.5711979359325832 0.005646680920444458 -6.422078394298739 7260 16 True
car -10.723903184858974 13.00567357832523 -2.869388699531555 4.855708599090576 2.0327565670013428 1.6493593454360962 -1.5702559873787187 0.0161553757753446 -14.992074415688274 7242 189 True
car -14.70121133994609 -29.57565037814976 -2.861320376396179 5.237514495849609 1.9297595024108887 1.638383150100708 1.567740889441596 1.2082490042938899e-07 1.5927699245036574e-06 7243 39 True
motorcycle -10.740197865413986 49.36742897156523 -2.914838433265686 2.0333523750305176 0.8025798797607422 1.4992748498916626 -1.570636417538506 0.0020381667581517494 -6.401711514683681 7257 4 True
pedestrian 6.698880661825868 3.4125713569186473 -2.624348282814026 0.3753577768802643 0.3753577768802643 1.8600000143051147 0.15222615932888456 -0.4563361481048522 1.5062275921774264 7251 22 True
pedestrian -19.796589729826824 -23.93849747773902 -2.623170256614685 0.9953577518463135 0.3753577768802643 1.8600000143051147 1.572843235464308 0.030768906773211584 -3.156193643470395 7249 2 True
pedestrian 4.731371239834079 -8.664604932179827 -2.614869236946106 0.3753577768802643 0.3753577768802643 1.8600000143051147 -2.8480321315273707 -0.6116786987200311 1.0244983067863316 7245 26 True
pedestrian -12.090276885862618 5.891966933673245 -2.7275222539901733 0.9953577518463135 0.3753577768802643 1.8600000143051147 -0.07476126023695204 0.5116115700938534 3.3997384616487962 7247 31 True
pedestrian 13.770463657150142 3.560999274828305 -2.624346613883972 0.3753577768802643 0.3753577768802643 1.8600000143051147 0.04050757807117038 -0.1984715008011433 1.7330814575781914 7253 6 True