0.0 0.0
car 59.850360540651764 14.789910224637367 -2.7340167760849 4.181210041046143 1.994117259979248 1.3805816173553467 3.141586138419681 0.0 0.0 20001 3 True
car 59.410046759924626 89.06812432238141 -2.759573519229889 5.357479572296143 2.033203125 1.4147460460662842 3.1415866710514493 0.0 0.0 20003 0 False
car 82.3799952485082 21.999321835362764 -2.4693764448165894 4.4777727127075195 2.069315195083618 2.0377910137176514 -1.570798462106366 0.0 0.0 20011 0 False
car 39.48534733295189 -58.4693090068007 -2.9180360436439514 3.633375883102417 1.845113754272461 1.5012825727462769 0.0010412951066758897 -0.015375275580566988 7.296222127602255 7259 0 False
car -10.731259750487292 26.875577152772053 -2.7852269411087036 4.552699089050293 2.097072124481201 1.7671663761138916 -1.5701685825835923 0.008998583858685868 -7.597898680629919 7256 51 True
car 1.2255244163251593 -5.0320928574845425 -2.959719240665436 4.673638820648193 1.8118125200271606 1.441947340965271 -3.1404843896073236 -0.020690459420563845 8.89753520168445 7244 982 True
car 17.24546956676772 -5.0278421037893395 -2.959811270236969 4.673638820648193 1.8118125200271606 1.441947340965271 3.1408726781662835 0.014431935079890735 9.579028996018382 7255 118 True
car 39.826398092862874 -1.0089823203861101 -2.9596449732780457 4.673638820648193 1.8118125200271606 1.441947340965271 0.0008467513533698187 -0.01377430816359882 8.96146503197927 7258 16 True
truck -14.739476085908091 31.132143863264105 -1.7696624994277954 8.46804141998291 2.8910882472991943 3.8274123668670654 1.5715670497478909 0.00844648750127024 -5.446184685558776 7261 135 True
car -14.73879160607874 45.89749420416058 -2.8477416038513184 4.611005783081055 2.241713285446167 1.6672759056091309 1.571064245358785 0.0033128285912959765 -8.292478317698189 7260 22 True
car -10.759796877555054 3.933743695304372 -2.8577864170074463 4.855708599090576 2.0327565670013428 1.6493593454360962 -1.5710392116819378 -0.15882059140388416 -10.87455578112208 7242 513 True
car -14.701174328895176 -29.358243151636998 -2.8612419962882996 5.237514495849609 1.9297595024108887 1.638383150100708 1.5674117230088975 -0.005636079004450445 -1.2886258465569909 7243 41 True
motorcycle -10.739347012990278 44.04198951727756 -2.9160435795783997 2.0333523750305176 0.8025798797607422 1.4992746114730835 -1.5706356874454734 0.002143256170180191 -6.683468548989666 7257 4 True
pedestrian 7.810157438560918 3.5233791772956238 -2.624348282814026 0.3753577768802643 0.3753577768802643 1.8600000143051147 0.019968364986843533 -0.16107059072294896 1.491881067132162 7251 18 True
pedestrian -19.800136376606673 -21.776876379179328 -2.623170256614685 0.9953577518463135 0.3753577768802643 1.8600000143051147 1.5672362208413018 -0.0036204492968436356 -3.140632032208382 7249 4 True
pedestrian 3.743745632583906 -9.022666338075055 -2.614869236946106 0.3753577768802643 0.3753577768802643 1.8600000143051147 -2.796772981742859 -0.9073037499001123 1.090870130731826 7245 26 True
pedestrian -11.931999106145172 5.342039961391208 -2.757143497467041 0.3753577768802643 0.3753577768802643 1.8600000143051147 -0.8558880521411895 0.003857640303985022 -0.7025498242383048 7247 7 True
pedestrian 15.041267218559774 3.6420827579505612 -2.624346613883972 0.3753577768802643 0.3753577768802643 1.8600000143051147 0.10005700816853842 -0.3496909148097385 1.8877432498561575 7253 14 True