0.0 0.0
car 59.850360540651764 14.789910224637367 -2.7340167760849 4.181210041046143 1.994117259979248 1.3805816173553467 3.141586138419681 0.0 0.0 20001 2 True
car 59.410046759924626 89.06812432238141 -2.759573519229889 5.357479572296143 2.033203125 1.4147460460662842 3.1415866710514493 0.0 0.0 20003 0 False
car 82.3799952485082 21.999321835362764 -2.4693764448165894 4.4777727127075195 2.069315195083618 2.0377910137176514 -1.570798462106366 0.0 0.0 20011 0 False
car 51.25346335102491 -58.45400512853831 -2.918092131614685 3.633375883102417 1.845113754272461 1.5012825727462769 0.0012745878211127386 -0.02829713671351733 10.894174791075004 7259 0 False
car -10.72908356614309 23.018460450597445 -2.7849048376083374 4.552699089050293 2.097072124481201 1.7671663761138916 -1.5710509295320725 1.912904254045475e-06 0.0002993806837713914 7256 66 True
car -8.151307358833476 -8.37903449745994 -2.957966387271881 4.673638820648193 1.8118125200271606 1.441947340965271 -2.255812117769241 -7.883307586215778 -2.2632689097001393 7244 241 True
car 6.050105557934 -5.035517363607198 -2.9601136445999146 4.673638820648193 1.8118125200271606 1.441947340965271 -3.141506110496521 0.0013606509202268627 7.425199676360944 7255 805 True
car 55.20567057005161 -0.9970097513051428 -2.9597012400627136 4.673638820648193 1.8118125200271606 1.441947340965271 0.0007697860628763834 -0.022373608397864484 14.386558913801547 7258 5 True
truck -14.742550233305892 39.24203766627261 -1.7696754932403564 8.46804141998291 2.8910882472991943 3.8274123668670654 1.571024031660292 0.003641493768902044 -6.976245060821496 7261 103 True
car -14.740346318219549 58.92938507543181 -2.847612738609314 4.611005783081055 2.241713285446167 1.6672759056091309 1.5709175053066677 0.0024667267606126838 -11.59858843708048 7260 10 True
car -10.714103736126464 -14.114474140081086 -2.869565010070801 4.855708599090576 2.0327565670013428 1.6493593454360962 -1.5697720143704272 0.03677524346156121 -17.07083775367119 7242 156 True
car -14.702161875381876 -24.971768540915832 -2.8614474534988403 5.237514495849609 1.9297595024108887 1.638383150100708 1.5710101832343206 0.0008415912824851152 -2.328104880205255 7243 48 True
motorcycle -10.736655496157814 37.274808117133716 -2.9147420525550842 2.0333523750305176 0.8025798797607422 1.4992746114730835 -1.5701984354498693 0.0029858141059415553 -1.6978910926096222 7257 2 True
pedestrian 9.825797801390934 3.6001586726383152 -2.624348282814026 0.3753577768802643 0.3753577768802643 1.8600000143051147 0.11156664804585775 -0.33346961331266317 1.6503305695409543 7251 9 True
pedestrian -19.752844773725162 -17.66676902137749 -2.623170256614685 0.9953577518463135 0.3753577768802643 1.8600000143051147 1.5639006143934462 -0.04927397048336263 -3.136453500513207 7249 9 True
pedestrian 2.1631717354263227 -8.920460827235217 -2.614869236946106 0.3753577768802643 0.3753577768802643 1.8600000143051147 3.1164529763353133 0.04367832704930309 0.21417979194807354 7245 25 True
pedestrian -12.358251283411397 4.490935802639001 -3.4913474023342133 0.3753577768802643 0.3753577768802643 1.8600000143051147 -0.47666561824332343 0.051328826633740006 -0.0263164421792278 7247 14 True
pedestrian 17.367307656004858 3.767171158868905 -2.624346613883972 0.3753577768802643 0.3753577768802643 1.8600000143051147 0.0172728487663269 -0.06161550016136798 1.7575475010050707 7253 12 True