0.0 0.0
car 59.850360540651764 14.789910224637367 -2.7340167760849 4.181210041046143 1.994117259979248 1.3805816173553467 3.141586138419681 0.0 0.0 20001 4 True
car 59.410046759924626 89.06812432238141 -2.759573519229889 5.357479572296143 2.033203125 1.4147460460662842 3.1415866710514493 0.0 0.0 20003 0 False
car 82.3799952485082 21.999321835362764 -2.4693764448165894 4.4777727127075195 2.069315195083618 2.0377910137176514 -1.570798462106366 0.0 0.0 20011 0 False
car 32.03804736529722 -58.476958827717965 -2.917618155479431 3.633375883102417 1.845113754272461 1.5012825727462769 0.0012036146380106608 -0.00895425236478695 3.2081381530182447 7259 0 False
car -10.737446857449733 38.73348731742743 -2.783219337463379 4.552699089050293 2.097072124481201 1.7671663761138916 -1.5702830160677745 0.0091091156060405 -8.776850159606465 7256 23 True
car 15.3181548146697 -5.023261855533008 -2.959630012512207 4.673638820648193 1.8118125200271606 1.441947340965271 -3.1408234097277323 -0.014921114476047955 10.258106357972782 7244 140 True
car 30.448550704530852 -5.02285511133033 -2.9599151015281677 4.673638820648193 1.8118125200271606 1.441947340965271 -3.1290387987001207 -0.17760928173320856 8.328785739104399 7255 32 True
car 30.44171638409022 -1.0142186274529763 -2.959723174571991 4.673638820648193 1.8118125200271606 1.441947340965271 -0.000213984812842475 -0.004221101966127555 7.206977167967227 7258 17 True
truck -14.73559463761704 23.913515928303923 -1.7696799039840698 8.46804141998291 2.8910882472991943 3.8274123668670654 1.5714189781163534 0.00443946626572108 -3.5393256223045606 7261 266 True
car -14.735448211310548 36.60965240273822 -2.8480827808380127 4.611005783081055 2.241713285446167 1.6672759056091309 1.5711465369669597 0.0028714054239254248 -4.083645521374742 7260 19 True
car -10.72937204257793 23.465756593567278 -2.869763672351837 4.855708599090576 2.0327565670013428 1.6493593454360962 -1.5702781817777918 0.010895523203902274 -10.827344945349463 7242 69 True
car -14.701211816700544 -29.575589342992828 -2.8613228797912598 5.237514495849609 1.9297595024108887 1.638383150100708 1.567740889441596 -4.457841044323264e-07 0.00010491922950605777 7243 28 True
motorcycle -10.74108780194657 55.14495582825049 -2.913259744644165 2.0333523750305176 0.8025798797607422 1.499274730682373 -1.5707325440934985 0.000944337568502512 -8.062282390925578 7257 3 True
pedestrian 5.503466902599474 3.2872983185170597 -2.624348282814026 0.3753577768802643 0.3753577768802643 1.8600000143051147 0.023279070899539525 -0.04224854989286484 1.3782229607518828 7251 70 True
pedestrian -19.794717717933917 -26.43932145488958 -2.623170256614685 0.9953577518463135 0.3753577768802643 1.8600000143051147 1.5723774489830864 0.02710143205161484 -3.2874611437247805 7249 4 True
pedestrian 5.678391092924603 -8.460870863841649 -2.614869236946106 0.3753577768802643 0.3753577768802643 1.8600000143051147 3.1329282090288797 -0.11218940581550699 1.7500608604420569 7245 23 True
pedestrian -15.0105156324708 6.102084416027253 -2.7275222539901733 0.9953577518463135 0.3753577768802643 1.8600000143051147 -0.06842094482718573 0.4695362228826312 3.663558907474189 7247 20 True
pedestrian 12.34817080368877 3.4546474422885467 -2.624346613883972 0.3753577768802643 0.3753577768802643 1.8600000143051147 0.08372824921120538 -0.2524987719107445 1.8315888325930112 7253 16 True