0.0 0.0
car 59.850360540651764 14.789910224637367 -2.7340167760849 4.181210041046143 1.994117259979248 1.3805816173553467 3.141586138419681 0.0 0.0 20001 4 True
car 59.410046759924626 89.06812432238141 -2.759573519229889 5.357479572296143 2.033203125 1.4147460460662842 3.1415866710514493 0.0 0.0 20003 0 False
car 82.3799952485082 21.999321835362764 -2.4693764448165894 4.4777727127075195 2.069315195083618 2.0377910137176514 -1.570798462106366 0.0 0.0 20011 0 False
car 70.47007333616972 -58.43166178253904 -2.9174237847328186 3.633375883102417 1.845113754272461 1.5012825727462769 0.0010904303872850205 -0.031574419372247885 14.362545824696781 7259 0 False
car -10.729084639357511 23.018216309973923 -2.7847142219543457 4.552699089050293 2.097072124481201 1.7671663761138916 -1.5710509295645818 2.0863517906676533e-09 2.3719988682607277e-09 7256 60 True
car -10.453945573621688 -17.823275762136973 -2.959381878376007 4.673638820648193 1.8118125200271606 1.441947340965271 -1.651361172528929 -1.0636289357679092 -7.278480478935221 7244 97 True
car -5.514402842308476 -6.063272689637586 -2.96001935005188 4.673638820648193 1.8118125200271606 1.441947340965271 -2.749387929123772 -5.8130959473238155 5.084190519111777 7255 707 True
car 78.16744731982533 -0.9849559038856341 -2.960077702999115 4.673638820648193 1.8118125200271606 1.441947340965271 0.00044807647493150493 -0.013111993931608286 13.702542324358713 7258 0 True
truck -14.746135420179218 50.614992993417104 -1.7695919275283813 8.46804141998291 2.8910882472991943 3.8274123668670654 1.5710176400790743 0.003802217741485262 -8.118300467200172 7261 49 True
car -14.744325436117537 78.52524079375016 -2.846174657344818 4.611005783081055 2.241713285446167 1.6672759056091309 1.5710200369220308 0.0061495374468003225 -13.62484972308744 7260 0 True
car -10.696080349945866 -39.79291044384706 -2.867033898830414 4.855708599090576 2.0327565670013428 1.6493593454360962 -1.5702457507969065 0.01847075957627547 -16.7517785177646 7242 15 True
car -14.702188891264335 -24.850857896347748 -2.861320674419403 5.237514495849609 1.9297595024108887 1.638383150100708 1.5710104495502046 -4.375428342155656e-08 7.37141167574687e-06 7243 32 True
motorcycle -10.734136379784463 33.21731299652532 -2.914730966091156 2.0333523750305176 0.8025798797607422 1.4992746114730835 -1.5701741193662435 0.00345924645611425 -2.7828571900896177 7257 8 True
pedestrian 12.125104744131686 3.6542021879058098 -2.624348282814026 0.3753577768802643 0.3753577768802643 1.8600000143051147 0.015547787627326119 -0.0479677011717121 1.527173229272631 7251 5 True
pedestrian -19.54476261874058 -12.420736588478292 -2.623170256614685 0.9953577518463135 0.3753577768802643 1.8600000143051147 1.479171683247884 -0.5493803792181775 -3.544288075927767 7249 6 True
pedestrian 0.5842875138660606 -8.99190033821651 -2.614869236946106 0.3753577768802643 0.3753577768802643 1.8600000143051147 3.127654621892717 0.0 0.0 7245 30 True
pedestrian -12.273814926001098 4.4472345163515 -3.4913517832756042 0.3753577768802643 0.3753577768802643 1.8600000143051147 2.6649206533342995 0.04363331705764338 -0.02194993846376529 7247 31 True
pedestrian 20.054645733291572 3.9161848514741564 -2.624346613883972 0.3753577768802643 0.3753577768802643 1.8600000143051147 0.05605443359290229 -0.20296530303295282 1.790317698286355 7253 7 True