0.0 0.0
car 59.850360540651764 14.789910224637367 -2.7340167760849 4.181210041046143 1.994117259979248 1.3805816173553467 3.141586138419681 0.0 0.0 20001 3 True
car 59.410046759924626 89.06812432238141 -2.759573519229889 5.357479572296143 2.033203125 1.4147460460662842 3.1415866710514493 0.0 0.0 20003 0 False
car 82.3799952485082 21.999321835362764 -2.4693764448165894 4.4777727127075195 2.069315195083618 2.0377910137176514 -1.570798462106366 0.0 0.0 20011 0 False
car 57.06597480578546 -58.44613946941365 -2.917824864387512 3.633375883102417 1.845113754272461 1.5012825727462769 0.001088299860212538 -0.02739471415939139 12.270633055479854 7259 0 False
car -10.72908487777609 23.018216309974264 -2.7847155332565308 4.552699089050293 2.097072124481201 1.7671663761138916 -1.5710509295645818 1.1041512356992175e-07 3.0032981839713223e-06 7256 68 True
car -9.775203422821495 -12.383152170113021 -2.9587396383285522 4.673638820648193 1.8118125200271606 1.441947340965271 -1.8263331634561222 -3.5990406484702158 -6.828813990974638 7244 137 True
car 2.3131728058571515 -5.033711762903408 -2.9599649906158447 4.673638820648193 1.8118125200271606 1.441947340965271 -3.1415609715686372 0.0019963919353654146 7.1949091600136965 7255 1033 True
car 62.839642743396084 -0.9930528102844391 -2.959730088710785 4.673638820648193 1.8118125200271606 1.441947340965271 0.0004544680561489529 -0.01427967927335618 16.003882094249636 7258 3 True
truck -14.743904344747417 42.8393887423328 -1.7696293592453003 8.46804141998291 2.8910882472991943 3.8274123668670654 1.5707859452599418 0.0019994380984061006 -7.358313618750886 7261 73 True
car -14.741273127484103 65.03146637552697 -2.847502648830414 4.611005783081055 2.241713285446167 1.6672759056091309 1.5710261621873645 0.005605327751935452 -12.721643655931775 7260 4 True
car -10.706457172420519 -22.821902128973875 -2.866508960723877 4.855708599090576 2.0327565670013428 1.6493593454360962 -1.5700958844589852 0.023637128217942675 -16.64221528570449 7242 71 True
car -14.702189129062637 -24.85040013267553 -2.861365556716919 5.237514495849609 1.9297595024108887 1.638383150100708 1.5710099169184364 -1.8683475754418796e-06 0.0019880511868196646 7243 33 True
motorcycle -10.735855500554502 35.94192237385977 -2.9161980748176575 2.0333523750305176 0.8025798797607422 1.4992748498916626 -1.5701740975200185 0.0029390344914186225 -2.3744912293921203 7257 7 True
pedestrian 10.601121709837539 3.630156401360864 -2.624348282814026 0.3753577768802643 0.3753577768802643 1.8600000143051147 0.019046645712110732 -0.07653112704917739 1.515369930070586 7251 12 True
pedestrian -19.70902355000878 -15.989248328799647 -2.623170256614685 0.9953577518463135 0.3753577768802643 1.8600000143051147 1.5116680800526936 -0.23542526918812196 -3.1955783596422456 7249 10 True
pedestrian 1.4183500885472888 -8.993091653929469 -2.614869236946106 0.3753577768802643 0.3753577768802643 1.8600000143051147 -3.061335442022535 -0.21355950855229494 1.2325250306821511 7245 40 True
pedestrian -12.331188468999963 4.476989232765334 -3.4913515597581863 0.3753577768802643 0.3753577768802643 1.8600000143051147 -0.47666575140126544 0.05238542623032087 -0.026579910722901424 7247 19 True
pedestrian 18.258953149551008 3.812946317864828 -2.624346613883972 0.3753577768802643 0.3753577768802643 1.8600000143051147 0.05833303229692247 -0.2010921977495737 1.7817364089333207 7253 10 True