0.0 0.0
car 59.850360540651764 14.789910224637367 -2.7340167760849 4.181210041046143 1.994117259979248 1.3805816173553467 3.141586138419681 0.0 0.0 20001 3 True
car 59.410046759924626 89.06812432238141 -2.759573519229889 5.357479572296143 2.033203125 1.4147460460662842 3.1415866710514493 0.0 0.0 20003 0 False
car 82.3799952485082 21.999321835362764 -2.4693764448165894 4.4777727127075195 2.069315195083618 2.0377910137176514 -1.570798462106366 0.0 0.0 20011 0 False
car 47.17091329400915 -58.460042077096546 -2.9175261855125427 3.633375883102417 1.845113754272461 1.5012825727462769 0.0013407673183017308 -0.027183676437553976 9.492823405540092 7259 0 False
car -10.729077007192414 23.020260987697952 -2.7865490317344666 4.552699089050293 2.097072124481201 1.7671663761138916 -1.571070104275725 -0.001178929263117908 -0.14559103102660748 7256 63 True
car -5.931774409070593 -6.28003848151576 -2.9583824276924133 4.673638820648193 1.8118125200271606 1.441947340965271 -2.7024205929688345 -6.550832851236146 4.75200835155864 7244 620 True
car 9.451335418441374 -5.033965575835282 -2.95971816778183 4.673638820648193 1.8118125200271606 1.441947340965271 -3.1389649243308173 -0.03791523949750129 9.409040020404813 7255 418 True
car 49.73197671606854 -1.0016715238290885 -2.9596681594848633 4.673638820648193 1.8118125200271606 1.441947340965271 0.0007978823886447483 -0.02023293923166104 12.929150273624712 7258 9 True
truck -14.742383662771593 36.54071320315131 -1.7697453498840332 8.46804141998291 2.8910882472991943 3.8274123668670654 1.5702895324520534 -0.0012377334839430319 -6.544763045282935 7261 111 True
car -14.739878148916633 54.46798981111738 -2.8476553559303284 4.611005783081055 2.241713285446167 1.6672759056091309 1.5709686379564072 0.0029485272843128214 -10.62434766669102 7260 12 True
car -10.724964000457657 -7.648226566759661 -2.8684120178222656 4.855708599090576 2.0327565670013428 1.6493593454360962 -1.5682782342726571 0.07532550848539224 -15.177474136057237 7242 353 True
car -14.701514655431897 -26.267270250779575 -2.8614429235458374 5.237514495849609 1.9297595024108887 1.638383150100708 1.5706711631139119 0.001168304313834607 -3.4397814399114384 7243 52 True
motorcycle -10.737098829207284 37.895291516173074 -2.9194487929344177 2.0333523750305176 0.8025798797607422 1.499274730682373 -1.5703172857400765 0.002804710721316547 -3.070478309782781 7257 4 True
pedestrian 9.167468705576326 3.5368355900736788 -2.624348282814026 0.3753577768802643 0.3753577768802643 1.8600000143051147 0.030407281852298313 -0.06804489078862183 1.4661871004400466 7251 14 True
pedestrian -19.76305081844686 -18.94316671262868 -2.623170256614685 0.9953577518463135 0.3753577768802643 1.8600000143051147 1.5615487788213092 -0.0656384882840555 -3.1393709891886896 7249 4 True
pedestrian 2.627553846600952 -8.965078155698109 -2.614869236946106 0.3753577768802643 0.3753577768802643 1.8600000143051147 2.9613635217789542 0.548837180867004 1.6044623051178648 7245 31 True
pedestrian -12.392393703527555 4.589599178980734 -3.2464684545993805 0.9953577518463135 0.3753577768802643 1.8600000143051147 -0.7951070442379844 0.8226499359077544 1.7731704943131543 7247 22 True
pedestrian 16.664062476458945 3.754934562947483 -2.624346613883972 0.3753577768802643 0.3753577768802643 1.8600000143051147 0.019482338498433432 -0.10526262092472533 1.7529207334041927 7253 14 True