0.0 0.0
car 59.850360540651764 14.789910224637367 -2.7340167760849 4.181210041046143 1.994117259979248 1.3805816173553467 3.141586138419681 0.0 0.0 20001 4 True
car 59.410046759924626 89.06812432238141 -2.759573519229889 5.357479572296143 2.033203125 1.4147460460662842 3.1415866710514493 0.0 0.0 20003 0 False
car 82.3799952485082 21.999321835362764 -2.4693764448165894 4.4777727127075195 2.069315195083618 2.0377910137176514 -1.570798462106366 0.0 0.0 20011 0 False
car 48.13454778687812 -58.45863957424052 -2.917553722858429 3.633375883102417 1.845113754272461 1.5012825727462769 0.0013849757550557455 -0.027140297371409137 9.819175277058019 7259 0 False
car -10.729077364820283 23.020260987698464 -2.7866199016571045 4.552699089050293 2.097072124481201 1.7671663761138916 -1.5710509295645818 -1.2847600024326857e-06 0.0009118796226028145 7256 62 True
car -6.58860433881523 -6.702614495799935 -2.9583229422569275 4.673638820648193 1.8118125200271606 1.441947340965271 -2.596450440068563 -6.971263085987465 3.0864023881837346 7244 454 True
car 8.5214781630898 -5.0349408783661715 -2.9598167538642883 4.673638820648193 1.8118125200271606 1.441947340965271 -3.13992206361813 -0.02292628151018139 9.134494246153695 7255 497 True
car 51.045655459136334 -1.000483118334671 -2.959680676460266 4.673638820648193 1.8118125200271606 1.441947340965271 0.000850213459862603 -0.022059516129171734 13.303886837860992 7258 15 True
truck -14.742086174132584 37.20190705040568 -1.769698977470398 8.46804141998291 2.8910882472991943 3.8274123668670654 1.570895933720059 0.0032091048844335693 -6.644179727308769 7261 94 True
car -14.739997803647068 55.54687775073461 -2.8476446866989136 4.611005783081055 2.241713285446167 1.6672759056091309 1.5709571863733927 0.0028567527455343063 -10.871480576900243 7260 8 True
car -10.72147052005695 -9.19330103438682 -2.869044065475464 4.855708599090576 2.0327565670013428 1.6493593454360962 -1.5688987257055147 0.06073351506526159 -15.669981722623286 7242 288 True
car -14.701715380067249 -25.897793932147522 -2.861441671848297 5.237514495849609 1.9297595024108887 1.638383150100708 1.5708282894855075 0.0023960728822437 -3.7606348130761966 7243 59 True
motorcycle -10.737021067094572 37.74712867427053 -2.9209172129631042 2.0333523750305176 0.8025798797607422 1.4992752075195312 -1.5703354841330275 0.0012941371171484065 -0.7584973207393314 7257 5 True
pedestrian 9.330426859773958 3.5435187188725763 -2.624348282814026 0.3753577768802643 0.3753577768802643 1.8600000143051147 0.03684893045594957 -0.09270842034621794 1.4756624099923272 7251 11 True
pedestrian -19.760410622801903 -18.629415495502485 -2.623170256614685 0.9953577518463135 0.3753577768802643 1.8600000143051147 1.5622129706361558 -0.05832282285688029 -3.138677396115956 7249 7 True
pedestrian 2.4578866443673277 -8.934285689468538 -2.614869236946106 0.3753577768802643 0.3753577768802643 1.8600000143051147 2.961843289844089 0.5999951568700732 1.6414186438161078 7245 30 True
pedestrian -12.372273887718581 4.501433868514823 -3.480697676539421 0.3753577768802643 0.3753577768802643 1.8600000143051147 -0.5136223400533464 -0.109748388174303 -0.36575076480623214 7247 13 True
pedestrian 16.83981512040598 3.7580166001908992 -2.624346613883972 0.3753577768802643 0.3753577768802643 1.8600000143051147 0.018296700182596843 -0.07743851718104901 1.7552246117379828 7253 7 True