0.0 0.0
car 59.850360540651764 14.789910224637367 -2.7340167760849 4.181210041046143 1.994117259979248 1.3805816173553467 3.141586138419681 0.0 0.0 20001 5 True
car 59.410046759924626 89.06812432238141 -2.759573519229889 5.357479572296143 2.033203125 1.4147460460662842 3.1415866710514493 0.0 0.0 20003 0 False
car 82.3799952485082 21.999321835362764 -2.4693764448165894 4.4777727127075195 2.069315195083618 2.0377910137176514 -1.570798462106366 0.0 0.0 20011 0 False
car -10.729084639357511 23.018216309973923 -2.7847142219543457 4.552699089050293 2.097072124481201 1.7671663761138916 -1.5710509295645818 6.700050202326759e-10 -1.5168914306856857e-10 7256 48 True
car 2.964521481842267 -58.108663817462116 -2.959645092487335 4.673638820648193 1.8118125200271606 1.441947340965271 -0.046583574966006805 1.0272663909045558 11.28648964118028 7244 0 False
car -10.689928405007448 -40.82623564749741 -2.959851562976837 4.673638820648193 1.8118125200271606 1.441947340965271 -1.57128688540535 -0.008821298224328599 -9.675200918238646 7255 14 True
car 111.18610923699747 -0.6764068946185375 -2.9596973061561584 4.673638820648193 1.8118125200271606 1.441947340965271 0.14497770675447252 -2.8038400977613156 7.365719216286449 7258 0 True
truck -14.74976914745285 86.69293489293833 -1.7695043087005615 8.46804141998291 2.8910882472991943 3.8274123668670654 1.5709089831983778 0.0024067397277022814 -10.218270162409242 7261 0 True
car 31.746455719066574 -58.478392758779194 -2.865839898586273 4.855708599090576 2.0327565670013428 1.6493593454360962 0.0009992171969943576 -0.014675564641934227 6.754582236909059 7242 0 False
car -14.702188891264335 -24.850857896347748 -2.861320674419403 5.237514495849609 1.9297595024108887 1.638383150100708 1.5710104495502046 -1.1403821583053246e-07 1.0036825434722165e-07 7243 43 True
motorcycle -10.732168626309415 29.584988775102318 -2.915061354637146 2.0333523750305176 0.8025798797607422 1.4992756843566895 -1.5702782453984199 5.3001078215576626e-08 4.042175490836074e-09 7257 8 True
pedestrian 18.321224235543426 3.7892035577053207 -2.624348282814026 0.3753577768802643 0.3753577768802643 1.8600000143051147 0.02123549596320258 -0.07113392387743937 1.693597878352522 7251 5 True
pedestrian -18.320814884456087 1.106117221830857 -2.623170256614685 0.9953577518463135 0.3753577768802643 1.8600000143051147 1.4986007585695054 -0.5161305528703147 -3.549360010865985 7249 6 True
pedestrian -2.318532473382035 -3.6224811216431476 -2.727522134780884 0.3753577768802643 0.3753577768802643 1.8600000143051147 1.8851148547939724 1.0312401625838206 -1.4186442427846875 7245 89 True
pedestrian -12.017280022370763 4.314818397258591 -3.491351678967476 0.3753577768802643 0.3753577768802643 1.8600000143051147 2.664918789123111 -0.048194850604810734 0.02533916859150435 7247 20 True
pedestrian 27.11043580915711 4.010901853283315 -2.624346613883972 0.3753577768802643 0.3753577768802643 1.8600000143051147 0.0002266348173353407 -0.015257170672290052 1.8243130191276786 7253 5 True