0.0 0.0
car 59.850360540651764 14.789910224637367 -2.7340167760849 4.181210041046143 1.994117259979248 1.3805816173553467 3.141586138419681 0.0 0.0 20001 8 True
car 59.410046759924626 89.06812432238141 -2.759573519229889 5.357479572296143 2.033203125 1.4147460460662842 3.1415866710514493 0.0 0.0 20003 0 False
car 82.3799952485082 21.999321835362764 -2.4693764448165894 4.4777727127075195 2.069315195083618 2.0377910137176514 -1.570798462106366 0.0 0.0 20011 0 False
car 42.638228959773684 -58.465986862982334 -2.9178640246391296 3.633375883102417 1.845113754272461 1.5012825727462769 0.0010856367013719346 -0.01846708099887375 8.419697889011038 7259 0 False
car -10.729856151218526 24.345730959459274 -2.7861927151679993 4.552699089050293 2.097072124481201 1.7671663761138916 -1.570248873441673 0.004983706690155661 -4.639005687132673 7256 60 True
car -2.010630283977333 -5.13838119706071 -2.9596521258354187 4.673638820648193 1.8118125200271606 1.441947340965271 -3.0827680117399425 -1.0379442321429169 7.4562360995342 7244 1014 True
car 13.719188209914847 -5.027867843208526 -2.9600088596343994 4.673638820648193 1.8118125200271606 1.441947340965271 -3.1390639938396876 -0.029796050107594875 8.258525359790337 7255 197 True
car 43.8150951490827 -1.0058749321557912 -2.9596391320228577 4.673638820648193 1.8118125200271606 1.441947340965271 0.0008901608424716524 -0.017927235727428208 10.946761690401239 7258 9 True
truck -14.74159684452304 33.40082062395442 -1.770009994506836 8.46804141998291 2.8910882472991943 3.8274123668670654 1.5704501209301418 -0.001603146165900378 -5.952479418507958 7261 123 True
car -14.739271022649524 49.44842804270735 -2.847710609436035 4.611005783081055 2.241713285446167 1.6672759056091309 1.5710232327126397 0.003232355911934502 -9.353270436129705 7260 19 True
car -10.754929158276829 -0.6947963503624237 -2.8750674724578857 4.855708599090576 2.0327565670013428 1.6493593454360962 -1.5668175462641483 0.12345716888765368 -12.546453234993647 7242 628 True
car -14.701055078341788 -28.44802586664065 -2.8611931204795837 5.237514495849609 1.9297595024108887 1.638383150100708 1.5690548920135499 -0.005979724945953002 -3.390781045110792 7243 39 True
motorcycle -10.738671084062835 41.41174049291931 -2.9143378734588623 2.0333523750305176 0.8025798797607422 1.4992748498916626 -1.5705489674092121 0.003620762009795577 -7.2207136709828506 7257 4 True
pedestrian 8.412356993872663 3.5240192304477205 -2.624348282814026 0.3753577768802643 0.3753577768802643 1.8600000143051147 0.005154011304219564 -0.013232127455126346 1.5062505836003692 7251 12 True
pedestrian -19.78310776650127 -20.515737486235366 -2.623170256614685 0.9953577518463135 0.3753577768802643 1.8600000143051147 1.554577161608378 -0.09273147496312935 -3.1535982726308633 7249 5 True
pedestrian 3.369283407928549 -9.094229551376884 -2.614869236946106 0.3753577768802643 0.3753577768802643 1.8600000143051147 -2.988369017686208 -0.38394110656184555 0.8122953695241649 7245 19 True
pedestrian -12.094001494180542 5.075621723874917 -2.824193775653839 0.3753577768802643 0.3753577768802643 1.8600000143051147 -1.0895563718430201 0.044557779797799325 -0.7117879106721032 7247 6 True
pedestrian 15.778201989800337 3.7228007535347842 -2.624346613883972 0.3753577768802643 0.3753577768802643 1.8600000143051147 0.11424458741802639 -0.39489860778505953 1.7693491433741066 7253 8 True