0.0 0.0
car 59.850360540651764 14.789910224637367 -2.7340167760849 4.181210041046143 1.994117259979248 1.3805816173553467 3.141586138419681 0.0 0.0 20001 8 True
car 59.410046759924626 89.06812432238141 -2.759573519229889 5.357479572296143 2.033203125 1.4147460460662842 3.1415866710514493 0.0 0.0 20003 0 False
car 82.3799952485082 21.999321835362764 -2.4693764448165894 4.4777727127075195 2.069315195083618 2.0377910137176514 -1.570798462106366 0.0 0.0 20011 0 False
car -10.729084639357511 23.018216309973923 -2.7847142219543457 4.552699089050293 2.097072124481201 1.7671663761138916 -1.5710509295645818 5.653545002296052e-10 -1.913283006270295e-11 7256 71 True
car -7.60074370817895 -54.94986654239477 -2.902334749698639 4.673638820648193 1.8118125200271606 1.441947340965271 -0.7617437226515876 13.97525652255073 -1.0598831821650525 7244 5 True
car -10.671110859140168 -30.707552811648725 -2.959844470024109 4.673638820648193 1.8118125200271606 1.441947340965271 -1.5755591243298068 -0.09879310671925373 -10.710232846386182 7255 36 True
car 105.2331593145237 -0.9705272462601897 -2.9600911736488342 4.673638820648193 1.8118125200271606 1.441947340965271 0.0007586007957458495 -0.008410629960760627 5.770823950631892 7258 0 True
truck -14.748418938022605 76.69684114109043 -1.7695211172103882 8.46804141998291 2.8910882472991943 3.8274123668670654 1.5708655737092758 0.001441379323579176 -9.758503862462465 7261 0 True
car -14.747235090632518 118.1189450213983 -2.846388041973114 4.611005783081055 2.241713285446167 1.6672759056091309 1.5710394779815673 0.005987817795077796 -13.647024604774339 7260 0 False
car 21.405486612531945 -58.49375960600122 -2.8653453588485718 4.855708599090576 2.0327565670013428 1.6493593454360962 0.002856371014489068 -0.06759866397951482 14.138755174408484 7242 0 False
car -14.702188891264335 -24.850857896347748 -2.861320674419403 5.237514495849609 1.9297595024108887 1.638383150100708 1.5710104495502046 -3.53632960452356e-07 -4.416766229242892e-08 7243 47 True
motorcycle -10.732168626309415 29.584988775102318 -2.915061831474304 2.0333523750305176 0.8025798797607422 1.499274730682373 -1.5702782453984199 7.953533008128983e-08 4.2195089993889655e-07 7257 5 True
pedestrian 16.626813863974956 3.7541716739667663 -2.624348282814026 0.3753577768802643 0.3753577768802643 1.8600000143051147 0.03526421778784858 -0.09467291612826828 1.5756201625330695 7251 6 True
pedestrian -18.581223841908947 -2.471336038599304 -2.623170256614685 0.9953577518463135 0.3753577768802643 1.8600000143051147 1.4855353012975057 -0.5879791314578033 -3.4554498950758465 7249 6 True
pedestrian -1.776354671913806 -5.290267500835739 -2.727522134780884 0.3753577768802643 0.3753577768802643 1.8600000143051147 1.8851148547939724 1.0312401625838206 -1.4186442427846875 7245 75 True
pedestrian -12.093004213599636 4.353850482287839 -3.4913567900657654 0.3753577768802643 0.3753577768802643 1.8600000143051147 2.6649197212287055 -0.01481309734736374 0.008407870053559962 7247 29 True
pedestrian 25.287433914172645 3.986246120350529 -2.624346613883972 0.3753577768802643 0.3753577768802643 1.8600000143051147 0.0007467497389051649 -0.022451744335880795 1.8185872242108112 7253 7 True