0.0 0.0
car 59.850360540651764 14.789910224637367 -2.7340167760849 4.181210041046143 1.994117259979248 1.3805816173553467 3.141586138419681 0.0 0.0 20001 3 True
car 59.410046759924626 89.06812432238141 -2.759573519229889 5.357479572296143 2.033203125 1.4147460460662842 3.1415866710514493 0.0 0.0 20003 0 False
car 82.3799952485082 21.999321835362764 -2.4693764448165894 4.4777727127075195 2.069315195083618 2.0377910137176514 -1.570798462106366 0.0 0.0 20011 0 False
car 29.53056292450661 -58.48046495152698 -2.918401837348938 3.633375883102417 1.845113754272461 1.5012825727462769 0.0011712572580973306 -0.0028759724678513758 1.2288445862402173 7259 0 False
car -10.740093752085771 45.08877296555693 -2.7835558652877808 4.552699089050293 2.097072124481201 1.7671663761138916 -1.5707156174669872 0.0012891027309144389 -2.941647794677033 7256 21 True
car 23.161056052095468 -5.017687765973392 -2.959711194038391 4.673638820648193 1.8118125200271606 1.441947340965271 3.141542063140869 -0.0008512247528267908 3.655713368695983 7244 56 True
car 38.06155413043912 -4.544044626270818 -2.959720253944397 4.673638820648193 1.8118125200271606 1.441947340965271 -2.873180739933014 -1.6149154152049332 3.2540740104285306 7255 21 True
car 24.70144004274755 -1.0176593356290482 -2.9598434567451477 4.673638820648193 1.8118125200271606 1.441947340965271 0.00041358856794569226 -0.0020135069279578126 2.410893115994365 7258 45 True
truck -14.733400186985246 20.252474665558054 -1.7714625597000122 8.46804141998291 2.8910882472991943 3.8274123668670654 1.571580898173862 0.0034574835963436727 -2.725518303562974 7261 363 True
car -14.734354772182456 33.83243072156398 -2.847598969936371 4.611005783081055 2.241713285446167 1.6672759056091309 1.5712661127989027 0.0007413775122054189 -1.0608150578539424 7260 29 True
car -10.733980575848141 31.80776709787409 -2.8700700402259827 4.855708599090576 2.0327565670013428 1.6493593454360962 -1.570470218351702 0.0038056970188171495 -4.729340740843044 7242 31 True
car -14.70086664013815 -29.967007800492524 -2.861210525035858 5.237514495849609 1.9297595024108887 1.638383150100708 1.570088730275472 -0.001881939188977073 -2.545906443894087 7243 39 True
motorcycle -10.741369593333875 58.67831154152941 -2.915062367916107 2.0333523750305176 0.8025798797607422 1.499275803565979 -1.5706889707048828 -4.906304346875955e-08 4.004489591189383e-08 7257 2 True
pedestrian 3.9862244502829824 3.2720415853385703 -2.624348282814026 0.3753577768802643 0.3753577768802643 1.8600000143051147 0.007241661519368489 -0.019283434154370106 1.3682068093068749 7251 34 True
pedestrian -19.7570653494865 -30.049947726618825 -2.623170256614685 0.9953577518463135 0.3753577768802643 1.8600000143051147 1.5925154571880764 0.15041254513678276 -3.2834450165137405 7249 5 True
pedestrian 7.561112509284264 -8.114682008703994 -2.614869236946106 0.3753577768802643 0.3753577768802643 1.8600000143051147 -2.96198963042238 -0.6172242729741374 1.641510831018921 7245 2 True
pedestrian -18.110750929815982 4.99207274774534 -2.6235408782958984 0.3753577768802643 0.3753577768802643 1.8600000143051147 1.318224477663676 -0.09793271260129156 -0.3265113597530742 7247 4 True
pedestrian 10.483439872915874 3.3839407405084216 -2.624346613883972 0.3753577768802643 0.3753577768802643 1.8600000143051147 0.023295848800235323 -0.07693079079717788 1.6583259057965218 7253 25 True