0.0 0.0
car 59.850360540651764 14.789910224637367 -2.7340167760849 4.181210041046143 1.994117259979248 1.3805816173553467 3.141586138419681 0.0 0.0 20001 6 True
car 59.410046759924626 89.06812432238141 -2.759573519229889 5.357479572296143 2.033203125 1.4147460460662842 3.1415866710514493 0.0 0.0 20003 0 False
car 82.3799952485082 21.999321835362764 -2.4693764448165894 4.4777727127075195 2.069315195083618 2.0377910137176514 -1.570798462106366 0.0 0.0 20011 0 False
car 58.30649909996929 -58.444523718700225 -2.917788088321686 3.633375883102417 1.845113754272461 1.5012825727462769 0.0010540782691107855 -0.027078026841374427 12.513752584144147 7259 0 False
car -10.729084639357511 23.018216309973923 -2.7847142219543457 4.552699089050293 2.097072124481201 1.7671663761138916 -1.5710509295645818 7.716740787713421e-08 1.2213590850892044e-06 7256 67 True
car -9.923578722719743 -13.106998404610692 -2.9590240716934204 4.673638820648193 1.8118125200271606 1.441947340965271 -1.783270400990592 -2.795209064882409 -6.571627333566391 7244 126 True
car 1.5968708878273663 -5.033710792304646 -2.959951877593994 4.673638820648193 1.8118125200271606 1.441947340965271 -3.1413633651826647 -0.002599792594147434 7.182599326447065 7255 996 True
car 64.4460956864071 -0.9922310124405271 -2.959769904613495 4.673638820648193 1.8118125200271606 1.441947340965271 0.0004832301716274685 -0.015141956185668676 16.08813692737825 7258 6 True
truck -14.744032080598693 43.58490265852288 -1.7696328163146973 8.46804141998291 2.8910882472991943 3.8274123668670654 1.5709694369040594 0.0046853279019366915 -7.482855717669763 7261 67 True
car -14.741547951507707 66.31671417863612 -2.8474743962287903 4.611005783081055 2.241713285446167 1.6672759056091309 1.5710290916620888 0.005882389641816605 -12.928812118555525 7260 13 True
car -10.70529425960717 -24.4741238102402 -2.8662880063056946 4.855708599090576 2.0327565670013428 1.6493593454360962 -1.5701278592698895 0.022316430712213786 -16.4761908341796 7242 70 True
car -14.702189010184162 -24.850644273300702 -2.8613430857658386 5.237514495849609 1.9297595024108887 1.638383150100708 1.5710099169184364 -1.0620210562516902e-06 0.0010656497173351443 7243 37 True
motorcycle -10.735652538805962 35.63985938530294 -2.914655327796936 2.0333523750305176 0.8025798797607422 1.499274730682373 -1.5701738465485067 0.004312537478454182 -3.4254600352345648 7257 10 True
pedestrian 10.753042031707839 3.6325670841786746 -2.624348282814026 0.3753577768802643 0.3753577768802643 1.8600000143051147 0.017308002463022866 -0.06064153830108706 1.5171465055863724 7251 6 True
pedestrian -19.679309911940898 -15.631887529217636 -2.623170256614685 0.9953577518463135 0.3753577768802643 1.8600000143051147 1.4934062672509085 -0.43897012977526406 -3.559528528119425 7249 5 True
pedestrian 1.2566183543929412 -9.003558964077627 -2.614869236946106 0.3753577768802643 0.3753577768802643 1.8600000143051147 -3.070665952178531 -0.23205089296133458 1.4913822536260966 7245 30 True
pedestrian -12.325584682686527 4.474059537672133 -3.4913798421621323 0.3753577768802643 0.3753577768802643 1.8600000143051147 -0.47666408692699 0.05328231103875269 -0.0261591096528838 7247 24 True
pedestrian 18.438112328287417 3.8235051571329564 -2.624346613883972 0.3753577768802643 0.3753577768802643 1.8600000143051147 0.05870227927017212 -0.2072410475082514 1.781877449741484 7253 12 True