0.0 0.0
car 59.850360540651764 14.789910224637367 -2.7340167760849 4.181210041046143 1.994117259979248 1.3805816173553467 3.141586138419681 0.0 0.0 20001 6 True
car 59.410046759924626 89.06812432238141 -2.759573519229889 5.357479572296143 2.033203125 1.4147460460662842 3.1415866710514493 0.0 0.0 20003 0 False
car 82.3799952485082 21.999321835362764 -2.4693764448165894 4.4777727127075195 2.069315195083618 2.0377910137176514 -1.570798462106366 0.0 0.0 20011 0 False
car -10.729084639357511 23.018216309973923 -2.7847142219543457 4.552699089050293 2.097072124481201 1.7671663761138916 -1.5710509295645818 1.7813564204634832e-10 -3.3114133142934017e-10 7256 61 True
car 5.227422653973651 -58.20757435442715 -2.959938406944275 4.673638820648193 1.8118125200271606 1.441947340965271 -0.04610047795232137 0.977781732941502 10.9328557595629 7244 0 False
car -10.6903572024889 -42.850924367623236 -2.959773302078247 4.673638820648193 1.8118125200271606 1.441947340965271 -1.570888476875305 -0.0018776777737643442 -10.313845035601302 7255 7 True
car 112.77169644548428 -0.18886021498474292 -2.9597718119621277 4.673638820648193 1.8118125200271606 1.441947340965271 0.3114716064139472 -5.427885976210365 6.575561446465468 7258 0 True
truck -14.750206486170812 88.7460354794722 -1.769500970840454 8.46804141998291 2.8910882472991943 3.8274123668670654 1.5709731653264363 0.0037738336327697627 -10.304853097199134 7261 0 True
car 32.57738833774274 -58.47729525189163 -2.862074553966522 4.855708599090576 2.0327565670013428 1.6493593454360962 0.000834101348876953 -0.003500407151885578 1.7896244836918864 7242 0 False
car -14.702188891264335 -24.850857896347748 -2.861320674419403 5.237514495849609 1.9297595024108887 1.638383150100708 1.5710104495502046 -3.097241159548061e-08 5.033418042142678e-08 7243 48 True
motorcycle -10.732168626309415 29.584988775102318 -2.915061354637146 2.0333523750305176 0.8025798797607422 1.4992756843566895 -1.5702782453984199 2.6409031860633286e-09 2.655094499627651e-09 7257 6 True
pedestrian 18.65820506525269 3.7965883549980504 -2.624348282814026 0.3753577768802643 0.3753577768802643 1.8600000143051147 0.021813135115729437 -0.07272081749201334 1.68563117248934 7251 3 True
pedestrian -18.269071361253815 1.8216017708596155 -2.623170256614685 0.9953577518463135 0.3753577768802643 1.8600000143051147 1.4986007585695054 -0.516106178623773 -3.5493617736140264 7249 8 True
pedestrian -2.4269676521646026 -3.2888933282270614 -2.727522134780884 0.3753577768802643 0.3753577768802643 1.8600000143051147 1.8851148547939724 1.0312401625838206 -1.4186442427846875 7245 74 True
pedestrian -12.001767149500388 4.306853288347838 -3.4913730323314667 0.3753577768802643 0.3753577768802643 1.8600000143051147 2.6649185228072274 -0.052816188231283166 0.028807663654744166 7247 18 True
pedestrian 27.475574815360865 4.009894278436889 -2.624346613883972 0.3753577768802643 0.3753577768802643 1.8600000143051147 -0.0023252039837307397 0.005025818054414567 1.8253838588531053 7253 6 True