0.0 0.0
car 59.850360540651764 14.789910224637367 -2.7340167760849 4.181210041046143 1.994117259979248 1.3805816173553467 3.141586138419681 0.0 0.0 20001 6 True
car 59.410046759924626 89.06812432238141 -2.759573519229889 5.357479572296143 2.033203125 1.4147460460662842 3.1415866710514493 0.0 0.0 20003 0 False
car 82.3799952485082 21.999321835362764 -2.4693764448165894 4.4777727127075195 2.069315195083618 2.0377910137176514 -1.570798462106366 0.0 0.0 20011 0 False
car 54.65968665459492 -58.44924900182946 -2.9179237484931946 3.633375883102417 1.845113754272461 1.5012825727462769 0.0011595393591986762 -0.027924632253397308 11.759289322397894 7259 0 False
car -10.72908463931616 23.018246827552048 -2.78472363948822 4.552699089050293 2.097072124481201 1.7671663761138916 -1.5710509295645818 1.9569054504934083e-07 9.118199798280922e-06 7256 73 True
car -9.314566544526217 -10.781773399748033 -2.9581331610679626 4.673638820648193 1.8118125200271606 1.441947340965271 -1.9534760449946722 -5.960685265004803 -6.652860955190571 7244 189 True
car 3.8099856253819837 -5.034385177823822 -2.959870457649231 4.673638820648193 1.8118125200271606 1.441947340965271 3.14153820156055 0.003574701446055623 7.744861914592754 7255 1061 True
car 59.6859104415238 -0.9945744158407592 -2.9597081542015076 4.673638820648193 1.8118125200271606 1.441947340965271 0.0004438154207865397 -0.012809668734401668 15.442980105452076 7258 7 True
truck -14.743480747380548 41.3782986538655 -1.7697347402572632 8.46804141998291 2.8910882472991943 3.8274123668670654 1.5707052515470716 0.0020848957514098135 -7.238752702008798 7261 83 True
car -14.740769885627145 62.52402008577798 -2.8475600481033325 4.611005783081055 2.241713285446167 1.6672759056091309 1.5709558547939724 0.005415805014426387 -12.291129210269991 7260 6 True
car -10.70909325565652 -19.39688381484882 -2.8686034083366394 4.855708599090576 2.0327565670013428 1.6493593454360962 -1.5700046347933014 0.02851245172904054 -17.659042325530287 7242 102 True
car -14.702189961087912 -24.84859959556502 -2.8614911437034607 5.237514495849609 1.9297595024108887 1.638383150100708 1.5710104495502046 -9.147010328487984e-06 0.005665817478931875 7243 9 True
motorcycle -10.73615771961974 36.54040259887972 -2.913222849369049 2.0333523750305176 0.8025798797607422 1.499274730682373 -1.5701332895521944 0.006689732783754707 -4.103055856982072 7257 6 True
pedestrian 10.297597685763222 3.6251824474056775 -2.624348282814026 0.3753577768802643 0.3753577768802643 1.8600000143051147 0.03358269929589166 -0.17952601954680664 1.5045861027887792 7251 31 True
pedestrian -19.739183465178165 -16.667165768402583 -2.623170256614685 0.9953577518463135 0.3753577768802643 1.8600000143051147 1.5536426591712105 -0.09431442376549877 -3.330903486620023 7249 5 True
pedestrian 1.7520340934782332 -8.965534733028846 -2.614869236946106 0.3753577768802643 0.3753577768802643 1.8600000143051147 -3.0494265946350096 -0.12686576920699413 0.7869030984261378 7245 38 True
pedestrian -12.342216274307656 4.482634999661343 -3.491357684135437 0.3753577768802643 0.3753577768802643 1.8600000143051147 -0.47666761561245385 0.052252879147467665 -0.02622429209069007 7247 15 True
pedestrian 17.900896098634124 3.7916760510838117 -2.624346613883972 0.3753577768802643 0.3753577768802643 1.8600000143051147 0.05306090989812215 -0.1573588998850402 1.7844000508054174 7253 7 True