0.0 0.0
car 59.850360540651764 14.789910224637367 -2.7340167760849 4.181210041046143 1.994117259979248 1.3805816173553467 3.141586138419681 0.0 0.0 20001 8 True
car 59.410046759924626 89.06812432238141 -2.759573519229889 5.357479572296143 2.033203125 1.4147460460662842 3.1415866710514493 0.0 0.0 20003 0 False
car 82.3799952485082 21.999321835362764 -2.4693764448165894 4.4777727127075195 2.069315195083618 2.0377910137176514 -1.570798462106366 0.0 0.0 20011 0 False
car 50.17863043265621 -58.45556006860954 -2.9180713295936584 3.633375883102417 1.845113754272461 1.5012825727462769 0.001314535203721788 -0.02819227548353889 10.565819166721065 7259 0 False
car -10.729082373553975 23.018826661533353 -2.785211205482483 4.552699089050293 2.097072124481201 1.7671663761138916 -1.5710509295320725 3.96450793766413e-06 0.0006412512918673927 7256 74 True
car -7.6770728645750985 -7.739234114662281 -2.9580577611923218 4.673638820648193 1.8118125200271606 1.441947340965271 -2.3673292310606637 -7.669436535824618 -0.5546429178748008 7244 300 True
car 6.8125796179512434 -5.035548914347999 -2.9600623846054077 4.673638820648193 1.8118125200271606 1.441947340965271 -3.141218489341736 -0.003162712426367749 7.93690912822985 7255 738 True
car 53.783032628985765 -0.9981980091583864 -2.9596967101097107 4.673638820648193 1.8118125200271606 1.441947340965271 0.0007965508092244466 -0.020873317263852508 14.029599696194031 7258 8 True
truck -14.742302976016349 38.55093659171757 -1.7696460485458374 8.46804141998291 2.8910882472991943 3.8274123668670654 1.57109540431722 0.0035013917014286296 -6.826247877397357 7261 81 True
car -14.740232007114974 57.77786529988418 -2.8476240634918213 4.611005783081055 2.241713285446167 1.6672759056091309 1.5709321526802908 0.00262130102769669 -11.35899324698896 7260 12 True
car -10.716170208503097 -12.427676041574784 -2.8696069717407227 4.855708599090576 2.0327565670013428 1.6493593454360962 -1.569600993669781 0.04189657907416685 -16.6163495170433 7242 176 True
car -14.702106195445472 -25.228909654272968 -2.861433267593384 5.237514495849609 1.9297595024108887 1.638383150100708 1.5710181727108423 0.0017088464408568714 -2.8604193164639407 7243 41 True
motorcycle -10.736924238987946 37.505459972967 -2.915324628353119 2.0333523750305176 0.8025798797607422 1.4992752075195312 -1.570331721283341 0.001613247391387454 -2.2346488707440835 7257 6 True
pedestrian 9.65776798939741 3.5803529921178097 -2.624348282814026 0.3753577768802643 0.3753577768802643 1.8600000143051147 0.10289114180670843 -0.2522103779262218 1.590662243335021 7251 19 True
pedestrian -19.75496524618606 -18.0021572020986 -2.623170256614685 0.9953577518463135 0.3753577768802643 1.8600000143051147 1.5618547757720946 -0.05484838631915045 -3.136353790717818 7249 5 True
pedestrian 2.2896365994800227 -8.905476867737434 -2.614869236946106 0.3753577768802643 0.3753577768802643 1.8600000143051147 2.9678409898690115 0.5822711808595503 1.604676566484629 7245 17 True
pedestrian -12.363488590938598 4.493590839032493 -3.4911281764507294 0.3753577768802643 0.3753577768802643 1.8600000143051147 -0.4754489541269938 0.09730481733635943 0.055638899593751165 7247 18 True
pedestrian 17.191442478571194 3.7641501569342495 -2.624346613883972 0.3753577768802643 0.3753577768802643 1.8600000143051147 0.017511068324618868 -0.0635878205998044 1.757017157235543 7253 8 True