0.0 0.0
car 59.850360540651764 14.789910224637367 -2.7340167760849 4.181210041046143 1.994117259979248 1.3805816173553467 3.141586138419681 0.0 0.0 20001 7 True
car 59.410046759924626 89.06812432238141 -2.759573519229889 5.357479572296143 2.033203125 1.4147460460662842 3.1415866710514493 0.0 0.0 20003 0 False
car 82.3799952485082 21.999321835362764 -2.4693764448165894 4.4777727127075195 2.069315195083618 2.0377910137176514 -1.570798462106366 0.0 0.0 20011 0 False
car 63.502864463444396 -58.43934277156433 -2.917698562145233 3.633375883102417 1.845113754272461 1.5012825727462769 0.0009194555897182889 -0.025475368024017103 13.433068739728723 7259 0 False
car -10.729084639357511 23.018216309973923 -2.7847142219543457 4.552699089050293 2.097072124481201 1.7671663761138916 -1.5710509295645818 3.2782057456810676e-08 2.611065041133601e-08 7256 68 True
car -10.202117115114877 -14.988528788909605 -2.960064947605133 4.673638820648193 1.8118125200271606 1.441947340965271 -1.7094921959054206 -1.1329294691361211 -4.357429015339356 7244 108 True
car -1.6329141657669588 -5.098708857308566 -2.9596763849258423 4.673638820648193 1.8118125200271606 1.441947340965271 -3.1022227865443757 -0.8820608015223377 8.971615806556638 7255 1010 True
car 70.82120250231382 -0.9890047875152277 -2.9599266052246094 4.673638820648193 1.8118125200271606 1.441947340965271 0.0006131923230489095 -0.020077292910772405 15.662104933346772 7258 2 True
truck -14.744999741414832 46.63528718132403 -1.7696064710617065 8.46804141998291 2.8910882472991943 3.8274123668670654 1.5711108506384954 0.0032950182712726357 -7.785400633607111 7261 71 True
car -14.74276857295284 71.65558136779987 -2.8473498821258545 4.611005783081055 2.241713285446167 1.6672759056091309 1.5710232327126397 0.006280988751681717 -13.687933951934466 7260 0 True
car -10.700959960576323 -31.271578650110087 -2.8690709471702576 4.855708599090576 2.0327565670013428 1.6493593454360962 -1.5701991954514243 0.02111704383256188 -17.63567733724233 7242 41 True
car -14.702189010432273 -24.850827378769452 -2.861322820186615 5.237514495849609 1.9297595024108887 1.638383150100708 1.5710104495502046 1.1450984616917758e-07 0.00010273707275345512 7243 43 True
motorcycle -10.734937388071012 34.5066501558162 -2.9137561321258545 2.0333523750305176 0.8025798797607422 1.4992749691009521 -1.570173780879795 0.0049604482568987 -3.9863268634287836 7257 8 True
pedestrian 11.361778083107051 3.642301366754964 -2.624348282814026 0.3753577768802643 0.3753577768802643 1.8600000143051147 0.015893199328952366 -0.04919107873937184 1.5217737462150436 7251 3 True
pedestrian -19.645423928838248 -14.20412268255285 -2.623170256614685 0.9953577518463135 0.3753577768802643 1.8600000143051147 1.54555411314053 -0.1851551332099102 -3.5714643620474367 7249 1 True
pedestrian 0.7531403088751052 -9.00007927795184 -2.614869236946106 0.3753577768802643 0.3753577768802643 1.8600000143051147 3.1287032406862045 -0.009875309931868893 1.1737598096464108 7245 16 True
pedestrian -12.302557129840848 4.462096615844473 -3.491347551345825 0.3753577768802643 0.3753577768802643 1.8600000143051147 2.6649209196501835 0.04927426126212762 -0.025214586140860928 7247 29 True
pedestrian 19.15565694052065 3.8652522317253784 -2.624346613883972 0.3753577768802643 0.3753577768802643 1.8600000143051147 0.057855794232686365 -0.20826442179801866 1.7852314742823623 7253 6 True