0.007102342788130045 -10.191609382629395
car -43.51740588147267 -19.77518427219303 -0.7848787615935142 4.181210041046143 1.994117259979248 1.3805816173553467 -0.000859135041978624 0.0 0.0 20001 2 True
car -43.14074641529284 -94.05374834362075 -0.812591762317858 5.357479572296143 2.033203125 1.4147460460662842 -0.0008586024102105035 0.0 0.0 20003 0 False
car -66.05164753430142 -26.965326735408837 -0.410861575443658 4.4777727127075195 2.069315195083618 2.0377910137176514 1.5699362644319743 0.0 0.0 20011 0 False
car -15.330872007510585 53.467941650387274 -1.1049935640635158 3.633375883102417 1.845113754272461 1.5012825727462769 -3.1412969193695917 0.004379919635521061 -3.0310388433570212 7259 0 False
car 27.048511854207895 -44.62955395822098 -1.1766772899604234 4.552699089050293 2.097072124481201 1.7671663761138916 1.57039203038782 -0.001011120106282133 8.24150364832095 7256 0 True
car -0.0025927649534551733 -1.1856953392452851e-05 -1.221585117690589 4.673638820648193 1.8118125200271606 1.441947340965271 0.0 0.007102343162879646 -10.191609570977768 -100 1342 False
car -14.963284344845654 0.004075189203831542 -1.149155230490636 4.673638820648193 1.8118125200271606 1.441947340965271 0.017613999413808187 0.28138715476881787 -8.891417119034774 7255 97 True
car -13.365856507856385 -3.9964096349833653 -1.1567553326281879 4.673638820648193 1.8118125200271606 1.441947340965271 -3.1414381999460854 0.006712232243707242 -7.429918647220906 7258 166 True
truck 31.06459633736468 -28.617180189771716 -0.18239253817206547 8.46804141998291 2.8910882472991943 3.8274123668670654 -1.5710236321864657 -0.0013551770284485408 3.3935709064793627 7261 117 True
car 31.04847940292439 -41.26350266145465 -1.2610285852267968 4.611005783081055 2.241713285446167 1.6672759056091309 -1.5712944754405551 0.0004947987394642357 3.775130898172711 7260 0 True
car 27.05302336481803 -29.567143688940746 -1.2633621292145971 4.855708599090576 2.0327565670013428 1.6493593454360962 1.5705200365869123 -0.0018220708142410269 10.22341187152105 7242 2 True
car 31.07058500063146 24.526542213172206 -1.2741233298070274 5.237514495849609 1.9297595024108887 1.638383150100708 -1.5747043840200634 1.4629675467328802e-06 -0.0001865611395600519 7243 0 False
motorcycle 27.03716802585097 -60.96618975783241 -1.3066566725110391 2.0333523750305176 0.8025798797607422 1.499274730682373 1.5699992962236915 0.004710069543533607 7.383716730286868 7257 0 False
pedestrian 10.981949144214298 -8.314172772158997 -0.939756902092356 0.3753577768802643 0.3753577768802643 1.8600000143051147 -3.1348299707569547 0.019470148241786674 -1.3777562179071956 7251 3 True
pedestrian 36.16250002422186 21.712975347496354 -1.0607000176892414 0.9953577518463135 0.3753577768802643 1.8600000143051147 -1.5674001382679408 -0.04057864030486059 3.305349802533241 7249 0 False
pedestrian 10.499214214525537 3.437832062043981 -0.9278822552127166 0.3753577768802643 0.3753577768802643 1.8600000143051147 0.04960719235568576 0.29855456670583663 -1.7280927139272564 7245 19 True
pedestrian 31.71846487316449 -11.177212246257852 -1.1436220258301804 0.9953577518463135 0.3753577768802643 1.8600000143051147 3.074792250486162 -0.40842998521092594 -3.6708749299334924 7247 3 True
pedestrian 4.177526410523701 -8.4632515029366 -0.9067199119862639 0.3753577768802643 0.3753577768802643 1.8600000143051147 -3.0759520561612446 0.14909251706983617 -1.6607403228323556 7253 40 True