0.0018612600397318602 -4.408422946929932
car -37.09982844993503 -19.80335619587214 -0.8075024894143801 4.181210041046143 1.994117259979248 1.3805816173553467 -0.00011877688429090712 0.0 0.0 20001 0 True
car -36.66818823775958 -94.08162097826292 -0.8350929814867643 5.357479572296143 2.033203125 1.4147460460662842 -0.00011824425252278646 0.0 0.0 20003 0 False
car -59.628658108643776 -27.01017722904851 -0.4284527141094816 4.4777727127075195 2.069315195083618 2.0377910137176514 1.5706766225896622 0.0 0.0 20011 0 False
car -6.910483025007331 53.46354902358769 -1.145202612502659 3.633375883102417 1.845113754272461 1.5012825727462769 -3.140539650153266 0.0032856798930987205 -1.4834106335001358 7259 0 False
car 33.48592858381847 -49.78336880816528 -1.2153552071819531 4.552699089050293 2.097072124481201 1.7671663761138916 1.570794085733864 -0.0012584294998207424 3.534867483197239 7256 0 False
car -0.0025906012445062743 6.64610575995539e-06 -1.221585292734364 4.673638820648193 1.8118125200271606 1.441947340965271 0.0 0.0018612601397739914 -4.408423006592672 -100 1388 False
car -14.910507849640688 -0.40377689526081895 -1.1458969321295853 4.673638820648193 1.8118125200271606 1.441947340965271 0.23823513777118258 1.7052741927753396 -4.046274092408025 7255 142 True
car -2.2241047971990255 -3.999796043911658 -1.2104164884937214 4.673638820648193 1.8118125200271606 1.441947340965271 -3.1412701546232435 0.002305598443737456 -3.0202437246889464 7258 2528 True
truck 37.48742939698289 -25.565935660135892 -0.22334438172048188 8.46804141998291 2.8910882472991943 3.8274123668670654 -1.5701399960831537 -0.004632546840008833 3.062070472649734 7261 75 True
car 37.481231700992 -38.97551446581838 -1.2998012767301146 4.611005783081055 2.241713285446167 1.6672759056091309 -1.5705088435825771 -0.0006897584725791131 1.3173301825705492 7260 0 True
car 33.48078091380991 -36.324322851972056 -1.3016501105592269 4.855708599090576 2.0327565670013428 1.6493593454360962 1.57105129717933 -0.0037484287937098854 5.3077854754684735 7242 0 True
car 37.45495304440875 24.703108800044163 -1.31340129203863 5.237514495849609 1.9297595024108887 1.638383150100708 -1.572570128525204 0.003114755529250362 2.2763819684132556 7243 0 False
motorcycle 33.48502872314132 -63.69987315589907 -1.3468518995655632 2.0333523750305176 0.8025798797607422 1.499276041984558 1.5707861139911452 5.675054126393729e-08 5.0230840897242185e-08 7257 0 False
pedestrian 18.62845265763722 -8.292900625007007 -0.9808187917000373 0.3753577768802643 0.3753577768802643 1.8600000143051147 -3.134435423774719 0.019170715820404954 -1.3691361875905737 7251 4 True
pedestrian 42.51869349017366 24.699682314658958 -1.101014311511489 0.9953577518463135 0.3753577768802643 1.8600000143051147 -1.5508142513245475 -0.13925001812047044 3.279903605194647 7249 0 False
pedestrian 15.356854515629244 3.154989863326648 -0.9547523940793714 0.3753577768802643 0.3753577768802643 1.8600000143051147 0.28042077222781714 0.09942879406585199 -0.20126621161247937 7245 2 True
pedestrian 40.805674669317234 -10.379495128620022 -1.092612310022075 0.3753577768802643 0.3753577768802643 1.8600000143051147 -1.7636722816615633 0.35669011479058643 0.8075392638788409 7247 0 True
pedestrian 12.102217184950241 -8.406948644181796 -0.9476797620695481 0.3753577768802643 0.3753577768802643 1.8600000143051147 -3.1183083990995617 0.07692307613098595 -1.6590592843130678 7253 23 True