15.058566093444824 0.01712125726044178
car -57.02446324769221 70.59481628254865 -0.8769742378796332 4.181210041046143 1.994117259979248 1.3805816173553467 -1.5717617534467718 0.0 0.0 20001 0 False
car -64.21154520927502 93.13143519770428 -0.5999235058838908 4.4777727127075195 2.069315195083618 2.0377910137176514 -0.000966353972818787 0.0 0.0 20011 0 False
car 16.242075461360344 114.24749669085679 -1.2386624347759783 3.633375883102417 1.845113754272461 1.5012825727462769 1.5694271748318334 -18.342365002763508 0.032546762616679555 7259 0 False
car -65.32081953239975 0.023321469750175794 -0.895083801669578 4.552699089050293 2.097072124481201 1.7671663761138916 -0.001218821431034969 -8.067442670295127e-10 2.7389625782394314e-10 7256 5 True
car -0.002606868093948833 -3.0746739154707825e-08 -1.2215852409582242 4.673638820648193 1.8118125200271606 1.441947340965271 0.0 15.05856597382443 0.017121257862416882 -100 1377 False
car -21.370536742246145 0.16161895317461106 -1.1719620406375835 4.673638820648193 1.8118125200271606 1.441947340965271 -0.03667345923717237 10.568646397727429 -0.7407364828820787 7255 52 True
car -41.223424389732486 109.61192716466432 -1.147017615906056 4.673638820648193 1.8118125200271606 1.441947340965271 1.5703863114882763 -7.4891537074456815 -0.0012576328549654728 7258 0 False
truck -110.4148791575281 -3.9517382452610708 0.2254474153393935 8.46804141998291 2.8910882472991943 3.8274123668670654 3.1406561365649095 9.306776465243557 -0.008344994022251407 7261 0 True
car 16.258137381745087 17.066637726018037 -1.1701259697616004 4.855708599090576 2.0327565670013428 1.6493593454360962 1.5866271862038694 -16.768007903104508 -0.6795109722215075 7242 40 True
car -17.45589974756672 -3.9959080250459498 -1.0819569296718026 5.237514495849609 1.9297595024108887 1.638383150100708 3.1408425576837513 -5.4319473976316215e-09 -3.6411266577504867e-09 7243 122 True
motorcycle -71.88809033309974 0.026539213167572795 -1.0102549253995026 2.0333523750305176 0.8025798797607422 1.4992748498916626 -0.00044609145932106504 -0.0002800341435263117 -2.416068451486755e-06 7257 0 False
pedestrian -45.99972453720534 25.94026284786222 -0.7844347111144951 0.3753577768802643 0.3753577768802643 1.8600000143051147 1.6023749770601248 -1.5469914548570762 -0.0809168505358505 7251 0 False
pedestrian -37.02323345055936 -8.107854210025659 -0.7976403888116386 0.9953577518463135 0.3753577768802643 1.8600000143051147 3.0336972859450633 3.5044428265504024 -0.7645705403052412 7249 0 True
pedestrian -35.50219933021879 9.435297016424945 -0.9088378470921767 0.3753577768802643 0.3753577768802643 1.8600000143051147 -2.8278186495568827 1.416257662282538 1.0344840150900976 7245 2 True
pedestrian -46.690803860485346 -1.4192859777590827 -1.6446613540623924 0.3753577768802643 0.3753577768802643 1.8600000143051147 -2.0484269722162693 0.004467755644088755 0.00950700472981306 7247 0 False
pedestrian -46.23318662312363 34.387526726036675 -0.7854887546129319 0.3753577768802643 0.3753577768802643 1.8600000143051147 1.5705719336594666 -1.8104975648686643 -0.019907860865238377 7253 0 False