0.007071878761053085 -11.52723217010498
car -49.07812171081757 -19.785324771465753 -0.9215814548610495 4.181210041046143 1.994117259979248 1.3805816173553467 -0.0006348970675998263 0.0 0.0 20001 3 True
car -48.68471721014532 -94.06380334588104 -0.9481469512473464 5.357479572296143 2.033203125 1.4147460460662842 -0.0006343644358317057 0.0 0.0 20003 0 False
car -71.61187513722538 -26.980520413902354 -0.6228414383545411 4.4777727127075195 2.069315195083618 2.0377910137176514 1.5701605024063532 0.0 0.0 20011 0 False
car -22.65567395664563 53.46327323804849 -1.1448768342120026 3.633375883102417 1.845113754272461 1.5012825727462769 -3.141135265627967 0.006270532414673707 -3.965770488879025 7259 0 False
car 21.494796926449983 -40.334686353643406 -1.0798194019365535 4.552699089050293 2.097072124481201 1.7671663761138916 1.570679419068864 -0.0031318938945383615 7.667352179451891 7256 0 True
car -0.0025929214619218044 -7.239826686600281e-06 -1.2215853244443964 4.673638820648193 1.8118125200271606 1.441947340965271 0.0 0.0070718788132353785 -11.52723265740043 -100 1370 False
car -16.43427121589481 0.01932504842409344 -1.196704469011542 4.673638820648193 1.8118125200271606 1.441947340965271 0.003957454037136501 0.05128647987005392 -8.650883859722013 7255 96 True
car -22.095015162094583 -3.9992825236320755 -1.1887797171684724 4.673638820648193 1.8118125200271606 1.441947340965271 3.139454679241604 -0.00975122773681984 -4.5226200506109775 7258 51 True
truck 25.50346372381654 -30.587528934863485 -0.07136817680419894 8.46804141998291 2.8910882472991943 3.8274123668670654 -1.5708462658076816 -0.002492746738655847 4.574569448163188 7261 114 True
car 25.493370544299548 -43.53963838337364 -1.148425229581322 4.611005783081055 2.241713285446167 1.6672759056091309 -1.5711298922242056 -0.0004705965056463799 5.243623315159613 7260 0 True
car 21.49642591148785 -23.707272431388105 -1.1641100909107567 4.855708599090576 2.0327565670013428 1.6493593454360962 1.5706904786876923 -0.0053868114920008715 13.076780143785765 7242 28 True
car 25.501154730462044 24.533125711205912 -1.1616292433369486 5.237514495849609 1.9297595024108887 1.638383150100708 -1.5744801460456848 8.251264235654576e-08 -1.243488309214821e-05 7243 0 True
motorcycle 21.489043589355795 -56.951293448605156 -1.2117413061663775 2.0333523750305176 0.8025798797607422 1.4992748498916626 1.5703227415909171 0.002280950506141993 6.396045779659841 7257 0 False
pedestrian 4.696629956119384 -8.349021017433188 -0.8933197560549786 0.3753577768802643 0.3753577768802643 1.8600000143051147 -3.0496420441852146 0.1695973358839172 -1.4223698318676075 7251 16 True
pedestrian 30.586558279978046 20.136048006808323 -0.9312075280438639 0.9953577518463135 0.3753577768802643 1.8600000143051147 -1.569934666536543 0.019927722954179154 3.1148619116155105 7249 1 False
pedestrian 5.610299429978642 3.501294909589376 -0.8851590953003967 0.3753577768802643 0.3753577768802643 1.8600000143051147 0.11662984563361274 0.24962996172160196 -1.163868155419238 7245 61 True
pedestrian 24.314410219052057 -11.040595216280394 -1.026230364838993 0.9953577518463135 0.3753577768802643 1.8600000143051147 3.070920949637519 -0.517335652147122 -3.657150995958071 7247 7 True
pedestrian -2.291840813296524 -8.541165594864594 -0.8827313985944456 0.3753577768802643 0.3753577768802643 1.8600000143051147 -3.0662654816682604 0.2912517362293867 -1.7829914902524646 7253 36 True