0.004223607014864683 -9.190987586975098
car -52.22018685327123 -19.798389150625553 -1.2239556391097663 4.181210041046143 1.994117259979248 1.3805816173553467 -0.0003785680291917589 0.0 0.0 20001 3 True
car -51.807597794823494 -94.07676368813199 -1.2482078456907777 5.357479572296143 2.033203125 1.4147460460662842 -0.0003780353974236382 0.0 0.0 20003 0 False
car -74.7534630819287 -26.9993594510953 -1.0579337956973993 4.4777727127075195 2.069315195083618 2.0377910137176514 1.5704168314447613 0.0 0.0 20011 0 False
car -27.100608909222366 53.45627016517153 -1.2972975467035925 3.633375883102417 1.845113754272461 1.5012825727462769 -3.140906500283559 0.007991937996464938 -4.564267694971827 7259 0 False
car 18.35738728143834 -38.291730958810376 -0.966427108499557 4.552699089050293 2.097072124481201 1.7671663761138916 1.5709341561611632 -0.004479261173770597 6.682325305369173 7256 9 True
car -0.002593041052676881 -7.114920776984945e-07 -1.2215852839590005 4.673638820648193 1.8118125200271606 1.441947340965271 0.0 0.004223606874376787 -9.190987791755084 -100 1367 False
car -16.769504376169458 0.014667048297155816 -1.2945218296895824 4.673638820648193 1.8118125200271606 1.441947340965271 -0.0004297006789313422 -0.010031218569491615 -9.384020355059675 7255 97 True
car -26.683710213774923 -4.004950548421959 -1.3378840310790352 4.673638820648193 1.8118125200271606 1.441947340965271 3.1409284713439938 -0.0021145261040087945 -5.340676051678473 7258 39 True
truck 22.35817273829275 -32.05471823401814 0.06595248561831246 8.46804141998291 2.8910882472991943 3.8274123668670654 -1.5706216283594767 -0.0037355540355844307 5.16173648011718 7261 130 True
car 22.357781762713206 -45.12126897040389 -1.0112180090800365 4.611005783081055 2.241713285446167 1.6672759056091309 -1.5707446662979125 -0.0049228057179158975 5.7751912930044735 7260 5 True
car 18.354899914448385 -19.529673337431518 -1.0507311276597433 4.855708599090576 2.0327565670013428 1.6493593454360962 1.5709596405626896 -0.010837348366353828 14.668779045687675 7242 21 True
car 22.34784599502833 24.539232527009858 -1.0247617178729453 5.237514495849609 1.9297595024108887 1.638383150100708 -1.5742238170072769 1.1646701348544968e-08 -2.6229027738229168e-06 7243 10 True
motorcycle 18.357391647914593 -55.03117215587304 -1.0969203561896723 2.0333523750305176 0.8025798797607422 1.4992748498916626 1.570578612378751 0.00021798966592762324 6.111205989812676 7257 0 False
pedestrian 1.091145087595617 -8.416705846283833 -0.8809973607462174 0.3753577768802643 0.3753577768802643 1.8600000143051147 -2.9929873345896403 0.4188453707435997 -1.4839063456252461 7251 16 True
pedestrian 27.43995337921568 19.215751261138337 -0.7643695833853918 0.9953577518463135 0.3753577768802643 1.8600000143051147 -1.5634023373743693 -0.047220457771835984 3.1575496422614675 7249 3 True
pedestrian 2.781758004006498 3.594774705230577 -0.8640417135358366 0.3753577768802643 0.3753577768802643 1.8600000143051147 0.26865999647182887 0.47658057668731474 -0.9658072724451077 7245 71 True
pedestrian 20.089962773761012 -10.95445967407278 -0.9010784735213038 0.9953577518463135 0.3753577768802643 1.8600000143051147 3.061633183180915 -0.5512716356573997 -3.6521442331106906 7247 12 True
pedestrian -5.962598864403322 -8.581502935603055 -0.9118536273949395 0.3753577768802643 0.3753577768802643 1.8600000143051147 -3.0864749956881203 0.2539729778231067 -1.738649306758914 7253 37 True