12.07302474975586 -0.09501978754997253
car -41.079223495157294 70.18133572981183 -0.9027135695088191 4.181210041046143 1.994117259979248 1.3805816173553467 -1.562711647649207 0.0 0.0 20001 0 False
car -48.469445589604106 92.65223753109903 -0.6319312574395113 4.4777727127075195 2.069315195083618 2.0377910137176514 0.00808375182474603 0.0 0.0 20011 0 False
car 31.94789902318712 93.7067453381804 -1.4130366141711086 3.633375883102417 1.845113754272461 1.5012825727462769 1.5786091069920078 -16.241983013954293 -0.124738539151765 7259 0 False
car -48.73661764348867 -0.4623271612561872 -0.8452919336395617 4.552699089050293 2.097072124481201 1.7671663761138916 0.007831284366529849 4.1894735946125685e-09 1.1013440578412984e-08 7256 15 True
car -0.002596322942963525 1.1000753197265567e-08 -1.2215852672130498 4.673638820648193 1.8118125200271606 1.441947340965271 0.0 12.073025011337124 -0.09501979410489624 -100 1343 False
car -14.01399375200242 0.9899075311463816 -1.165583469708141 4.673638820648193 1.8118125200271606 1.441947340965271 -0.28031907336973977 6.9866121767987215 -4.340220533947592 7255 149 True
car -25.537250357975893 98.43247000226891 -1.2235713080074255 4.673638820648193 1.8118125200271606 1.441947340965271 1.5792665077518107 -10.459133055080834 -0.09439667003983222 7258 0 False
truck -83.00675662355451 -4.756319388345773 0.3158637584501023 8.46804141998291 2.8910882472991943 3.8274123668670654 -3.1334247555148584 8.642448969512342 0.0713674408874052 7261 0 True
car -115.12574756717729 -5.015537050444753 -0.6281823510466722 4.611005783081055 2.241713285446167 1.6672759056091309 -3.1336117092654687 13.652100769010232 0.10768068199130078 7260 0 False
car 27.205945000289432 1.952113281944813 -1.2018074380201809 4.855708599090576 2.0327565670013428 1.6493593454360962 0.6063130503486278 6.664931447245691 13.520326041969321 7242 47 True
car -0.8377006904225937 -4.048471943973656 -1.115592479583124 5.237514495849609 1.9297595024108887 1.638383150100708 -3.1332873365186833 -5.3236828868746683e-08 -2.2487079076540002e-07 7243 3797 True
motorcycle -56.82767135904902 -0.5317949090232279 -0.9421445540527107 2.0333523750305176 0.8025798797607422 1.499274730682373 0.008638935723744953 2.3616630120081763 0.021698879067029945 7257 0 False
pedestrian -29.593848534758422 23.774245681427878 -0.7901439388418972 0.3753577768802643 0.3753577768802643 1.8600000143051147 1.601706417300676 -1.534274259441692 -0.08026337739056812 7251 0 True
pedestrian -16.083776185904924 -8.737597741171857 -0.8094711950604996 0.9953577518463135 0.3753577768802643 1.8600000143051147 3.0805823567593116 3.5389333556039633 -0.5837295506316249 7249 19 True
pedestrian -17.240563474241753 10.219592346853583 -0.8169361885597093 0.3753577768802643 0.3753577768802643 1.8600000143051147 -2.1719441198180234 -0.5978994504797399 1.247500327311535 7245 8 True
pedestrian -30.133032043264564 -1.8107971248557861 -1.6272604508324138 0.3753577768802643 0.3753577768802643 1.8600000143051147 -2.0393754016813417 0.015298934357022037 0.034052522810254844 7247 1 True
pedestrian -29.920065641937242 31.908528586070794 -0.7976091257995428 0.3753577768802643 0.3753577768802643 1.8600000143051147 1.5886541426649374 -1.798986169519283 -0.05009566779529867 7253 0 False