14.378292083740234 -0.02177255041897297
car -47.2877325304965 70.47427801209854 -0.8712709631167883 4.181210041046143 1.994117259979248 1.3805816173553467 -1.5695069633567793 0.0 0.0 20001 0 False
car -54.52537522847882 92.99467740920151 -0.5915795776727402 4.4777727127075195 2.069315195083618 2.0377910137176514 0.0012884361171738123 0.0 0.0 20011 0 False
car 25.890365503698717 101.85962545124372 -1.296102229956507 3.633375883102417 1.845113754272461 1.5012825727462769 1.571453066419476 -17.15125682176506 -0.003152187141416321 7259 0 False
car -55.4249680140656 -0.11574279893209827 -0.8720477562308214 4.552699089050293 2.097072124481201 1.7671663761138916 0.0010359686589576304 -6.476825031638259e-10 -2.0736093023532044e-09 7256 9 True
car -0.0025568102710167295 2.9482983743278623e-07 -1.2215853176577776 4.673638820648193 1.8118125200271606 1.441947340965271 0.0 14.37829243830329 -0.021772550272483277 -100 1380 False
car -17.347531958353386 0.5071060175360649 -1.1675177142835744 4.673638820648193 1.8118125200271606 1.441947340965271 -0.13944737459137 6.006200364353044 -1.569463158379919 7255 99 True
car -31.564217180438163 103.636362998288 -1.1581630379253605 4.673638820648193 1.8118125200271606 1.441947340965271 1.5727424347721541 -9.687500834044357 -0.025344386707143833 7258 0 False
truck -94.12149968787014 -4.183669456271729 0.26641763353634973 8.46804141998291 2.8910882472991943 3.8274123668670654 -3.140231522805445 8.931284509261683 0.012791964560912946 7261 0 True
car 25.45487216026129 6.928228416128432 -1.1641147859229042 4.855708599090576 2.0327565670013428 1.6493593454360962 1.3315161701491478 -10.142821795545839 8.27932748704088 7242 77 True
car -7.551279045955255 -4.027078610912339 -1.0981107402786014 5.237514495849609 1.9297595024108887 1.638383150100708 -3.1400826522262553 2.6751499251471965e-08 2.141004270793113e-07 7243 751 True
motorcycle -62.2023737619146 -0.127740874251264 -0.981015133486006 2.0333523750305176 0.8025798797607422 1.4992746114730835 0.0018438076596398736 2.4209476653786663 0.005801648859048661 7257 0 False
pedestrian -36.136120163119244 24.760193954036854 -0.7810001385240741 0.3753577768802643 0.3753577768802643 1.8600000143051147 1.5955630428772838 -1.5398792020800607 -0.07253166430477788 7251 0 False
pedestrian -24.612349874364668 -8.447676798020368 -0.8046957663791148 0.9953577518463135 0.3753577768802643 1.8600000143051147 3.037162215412226 3.5117059599852296 -0.730611071102727 7249 7 True
pedestrian -24.46038753658297 9.744497753371373 -0.803132956691057 0.3753577768802643 0.3753577768802643 1.8600000143051147 -2.571664420869105 0.3586091229848526 1.7165442030545985 7245 1 True
pedestrian -36.81484170010083 -1.560098728737925 -1.6368344038051548 0.3753577768802643 0.3753577768802643 1.8600000143051147 -2.046170983704798 0.011246609403209274 0.024623298577259034 7247 0 True
pedestrian -36.39666416201578 33.025664827043286 -0.7830217434837792 0.3753577768802643 0.3753577768802643 1.8600000143051147 1.5737790693508589 -1.7811330960288045 -0.022500763932848094 7253 0 False