13.202946662902832 6.044405937194824
car -27.63022242458834 92.24021267592968 -5.8696826146626435 4.181210041046143 1.994117259979248 1.3805816173553467 -2.053357251390245 0.0 0.0 20001 0 False
car -23.556813986477493 115.51268669308035 -7.065250593382835 4.4777727127075195 2.069315195083618 2.0377910137176514 -0.48256185191629214 0.0 0.0 20011 0 False
car -67.66290295311694 33.6882723378221 -1.601163436247731 4.552699089050293 2.097072124481201 1.7671663761138916 -0.4828143193745083 -2.687187028627533e-09 -7.652514811317545e-09 7256 0 False
car -0.0025751586836690876 1.5243962565136826e-05 -1.2215856263426481 4.673638820648193 1.8118125200271606 1.441947340965271 0.0 13.202944706167113 6.0444061590061455 -100 1423 False
car -21.882047103147897 9.74805907039351 -1.355047680184847 4.673638820648193 1.8118125200271606 1.441947340965271 -0.4891792679632538 8.873829109678962 -4.801730858869317 7255 48 True
car 18.05206488093262 21.58919057097569 -2.8231851425717345 4.855708599090576 2.0327565670013428 1.6493593454360962 1.091924286236657 -13.998970903636875 7.246720623379394 7242 49 True
car -27.11479456373786 7.9439236799412924 -1.0365421415556737 5.237514495849609 1.9297595024108887 1.638383150100708 2.659247059740278 3.770512257447617e-08 5.238419011144567e-08 7243 31 True
motorcycle -73.48270706953173 36.72727395096092 -1.7851288267671852 2.0333523750305176 0.8025798797607422 1.4992784261703491 -0.4820416352083463 -2.375817545821047e-06 1.1766007574563267e-06 7257 0 False
pedestrian -38.04431390178024 48.638529269512986 -2.962893238748002 0.3753577768802643 0.3753577768802643 1.8600000143051147 1.1000683591291638 -1.4219125463205309 0.6805514410004343 7251 0 False
pedestrian -48.433564682534325 14.733394871848049 -0.7372535496154811 0.9953577518463135 0.3753577768802643 1.8600000143051147 2.579455358769311 2.811356248548804 -2.092340159343085 7249 2 True
pedestrian -38.092334982168666 28.398394430755758 -1.8714569608881213 0.3753577768802643 0.3753577768802643 1.8600000143051147 2.973351464984046 1.734789583074944 0.252517190921216 7245 0 False
pedestrian -51.79452044658717 23.765202955117246 -2.067166540114264 0.3753577768802643 0.3753577768802643 1.8600000143051147 -2.530023668581221 -0.011026864917774973 -0.009739340620605014 7247 0 False
pedestrian -34.26519675338534 56.36620980852261 -3.500415272582039 0.3753577768802643 0.3753577768802643 1.8600000143051147 1.1123199550594753 -1.6381268112556353 0.7858856245337161 7253 0 False