0.4009722173213959 10.396811485290527
car 50.49181264900713 75.1900764583093 -0.9990049218878161 4.181210041046143 1.994117259979248 1.3805816173553467 -3.100289066910214 0.0 0.0 20001 0 False
car 72.70408144081128 83.32398784094954 -0.7079694579260334 4.4777727127075195 2.069315195083618 2.0377910137176514 -1.529493667436261 0.0 0.0 20011 0 False
car -20.367034922755305 80.49673524754638 -1.1688623034647008 4.552699089050293 2.097072124481201 1.7671663761138916 -1.529746134894477 5.797370734617864e-10 1.393924260528431e-10 7256 0 False
car -0.0025945017149666683 1.3854735072982294e-05 -1.2215854237540038 4.673638820648193 1.8118125200271606 1.441947340965271 0.0 0.40097219327341016 10.39681205246681 -100 1350 False
car -17.563152315373358 13.622209868324887 -1.2645658117013618 4.673638820648193 1.8118125200271606 1.441947340965271 -1.5285182699065705 0.48387703461978654 -11.00626491022768 7255 58 True
car 26.32917043499043 0.8615744049410523 -1.0812962739836265 4.855708599090576 2.0327565670013428 1.6493593454360962 0.04212624601448907 8.091311440063526e-05 0.0003278870352835088 7242 37 True
car -22.359963846263522 32.504367424275415 -1.1949725799781508 5.237514495849609 1.9297595024108887 1.638383150100708 1.6123152442203097 -6.67175749684747e-08 -1.6432206700584367e-07 7243 0 False
motorcycle -20.641069930745495 87.05762920265016 -1.3069861090641532 2.0333523750305176 0.8025798797607422 1.4992756843566895 -1.5289734507283148 -3.449886999449839e-08 5.006169207539909e-09 7257 0 False
pedestrian 9.956255253675451 62.51592280489854 -0.9399309246839362 0.3753577768802643 0.3753577768802643 1.8600000143051147 0.0634634746454027 -0.14260586478418347 1.6773879561649148 7251 0 False
pedestrian -27.014490278408648 59.365583215685376 -0.9943041024969206 0.9953577518463135 0.3753577768802643 1.8600000143051147 1.5399055532396104 -0.36910142229606574 -3.5676445805254042 7249 0 False
pedestrian -11.046857924303328 54.71934664145152 -1.0679448222757968 0.3753577768802643 0.3753577768802643 1.8600000143051147 1.9264196494640775 1.0889394067485474 -1.3748483975561896 7245 0 False
pedestrian -20.856972123813694 61.74435353778563 -1.8553088126151718 0.3753577768802643 0.3753577768802643 1.8600000143051147 2.706222651687622 -0.05664342627791062 0.026760386079616682 7247 0 False
pedestrian 18.772158596504987 63.089588756941055 -0.9264841295257225 0.3753577768802643 0.3753577768802643 1.8600000143051147 0.03898358542463514 -0.06804046707099463 1.8246610566437287 7253 0 False