14.785819053649902 -0.002230606973171234
car -55.59931408394448 70.53614281912424 -0.8796990250272994 4.181210041046143 1.994117259979248 1.3805816173553467 -1.5707160373566307 0.0 0.0 20001 0 False
car -62.80999931836715 93.0651992033766 -0.6008955206722153 4.4777727127075195 2.069315195083618 2.0377910137176514 7.936211732233601e-05 0.0 0.0 20011 0 False
car 17.620941067300066 112.43871620739371 -1.2253102281909454 3.633375883102417 1.845113754272461 1.5012825727462769 1.5704917993497425 -18.17569292107443 0.013029576872763224 7259 0 False
car -63.821863507846274 -0.04398626795427507 -0.9077344725447231 4.552699089050293 2.097072124481201 1.7671663761138916 -0.00017310534089384598 -7.923286426418283e-11 1.1630449225291321e-10 7256 6 True
car -0.002636373541008652 2.448634450757936e-08 -1.2215852109835446 4.673638820648193 1.8118125200271606 1.441947340965271 0.0 14.7858186226602 -0.0022306069602706312 -100 1369 False
car -20.924719863425082 0.1785423246799427 -1.175872156821053 4.673638820648193 1.8118125200271606 1.441947340965271 -0.047561353750588946 10.403500292408976 -0.9288283251450896 7255 52 True
car -39.838587973289464 108.80455314447357 -1.142550260803385 4.673638820648193 1.8118125200271606 1.441947340965271 1.5714754370675197 -7.874222377881695 -0.009993158049870738 7258 0 False
truck -107.9834068231529 -4.0662214858512495 0.2037880455209642 8.46804141998291 2.8910882472991943 3.8274123668670654 -3.1414722883954997 9.254419126109605 0.0014834787578490356 7261 0 True
car 17.80110137970979 15.429410372299309 -1.1706299647265808 4.855708599090576 2.0327565670013428 1.6493593454360962 1.610504562508329 -16.228202005661643 -1.2462413264254462 7242 53 True
car -15.952740927198477 -4.013136901722513 -1.0882096764205713 5.237514495849609 1.9297595024108887 1.638383150100708 -3.141291726226107 -3.4825613419365284e-09 -1.1447259993358687e-09 7243 136 True
motorcycle -70.38942270117059 -0.04762112595672585 -1.023922812402151 2.0333523750305176 0.8025798797607422 1.499274730682373 0.0005999913027995886 -0.000619991792495889 -7.113160683895411e-06 7257 0 False
pedestrian -44.52168998975537 25.73622973446911 -0.7910986746902022 0.3753577768802643 0.3753577768802643 1.8600000143051147 1.5926125293115616 -1.5467342435819762 -0.06344574688600417 7251 0 False
pedestrian -35.15920423844824 -8.183829525540613 -0.8079938024312481 0.9953577518463135 0.3753577768802643 1.8600000143051147 3.034745931509929 3.505251705079762 -0.7608215977135617 7249 3 True
pedestrian -33.84609693305384 9.453405854960998 -0.8106388182913377 0.3753577768802643 0.3753577768802643 1.8600000143051147 -2.826148156402736 1.4102624094004004 1.0423652997866804 7245 1 True
pedestrian -45.193567879092086 -1.4734218175142926 -1.6548254085050806 0.3753577768802643 0.3753577768802643 1.8600000143051147 -2.0473815224420124 0.004852600388078883 0.012343058589275258 7247 0 True
pedestrian -44.77084990841763 34.15899051291721 -0.791124721442536 0.3753577768802643 0.3753577768802643 1.8600000143051147 1.5782152263033762 -1.8090053709627962 -0.04936164481398769 7253 0 False