13.115680694580078 -0.053653404116630554
car -43.30036576939011 70.3628722983234 -0.8805922127754711 4.181210041046143 1.994117259979248 1.3805816173553467 -1.5670419441841021 0.0 0.0 20001 0 False
car -50.59329943312474 92.8654684277129 -0.6041763838477756 4.4777727127075195 2.069315195083618 2.0377910137176514 0.0037534552898509615 0.0 0.0 20011 0 False
car 29.816556016504023 96.86001408269067 -1.3638679077383333 3.633375883102417 1.845113754272461 1.5012825727462769 1.5741046398689373 -16.615471861409798 -0.04821765549830892 7259 0 False
car -51.26358725472272 -0.24698626736515106 -0.8498424019007831 4.552699089050293 2.097072124481201 1.7671663761138916 0.00350098783163478 -6.862614634607657e-09 3.6204285938695573e-09 7256 14 True
car -0.002599447931686427 -1.4967063677318038e-07 -1.2215853417288252 4.673638820648193 1.8118125200271606 1.441947340965271 0.0 13.115680503986656 -0.0536534079755372 -100 1354 False
car -15.053777736952952 0.7320691111147442 -1.1650029390435388 4.673638820648193 1.8118125200271606 1.441947340965271 -0.2000647819682335 6.564952497590351 -2.6452308936420517 7255 139 True
car -27.645255671956534 100.57291502808738 -1.1884956160539941 4.673638820648193 1.8118125200271606 1.441947340965271 1.5751999971000774 -10.010709410054089 -0.05141891869420766 7258 0 False
truck -87.29367193550723 -4.399649377467563 0.306588008722779 8.46804141998291 2.8910882472991943 3.8274123668670654 -3.1377574488927102 8.761788230270577 0.034326663906838646 7261 0 True
car 27.117468102027544 3.5982853150653433 -1.1655106940175248 4.855708599090576 2.0327565670013428 1.6493593454360962 0.9079122601014135 -1.466407332185667 14.360241831072473 7242 53 True
car -3.3805711966116405 -4.04040824580542 -1.1074889425645442 5.237514495849609 1.9297595024108887 1.638383150100708 -3.137617633053578 -7.656893952517294e-08 -4.740589393079325e-08 7243 2473 True
motorcycle -58.70606958308389 -0.27859026501453865 -0.9502257113542119 2.0333523750305176 0.8025798797607422 1.499274730682373 0.00430936564084515 3.893495596204685 0.01889517063674963 7257 0 False
pedestrian -32.02330050016633 24.214146704907197 -0.7809466976954089 0.3753577768802643 0.3753577768802643 1.8600000143051147 1.5933518214417455 -1.5367927887419839 -0.06983226270466625 7251 0 False
pedestrian -19.35998185454622 -8.611464428105606 -0.8047141866648699 0.9953577518463135 0.3753577768802643 1.8600000143051147 3.057363606147437 3.525455908754106 -0.5328738512475135 7249 11 True
pedestrian -19.90641327436208 10.001096808627343 -0.8077290887905537 0.3753577768802643 0.3753577768802643 1.8600000143051147 -2.156243333975379 -0.7249329742602254 1.582951310475693 7245 5 True
pedestrian -32.659698422756264 -1.6638342665827126 -1.6268680413837942 0.3753577768802643 0.3753577768802643 1.8600000143051147 -2.0437059645321214 0.015013784852774433 0.02954447434968636 7247 3 True
pedestrian -32.3141530428033 32.40231430673999 -0.7857295620401099 0.3753577768802643 0.3753577768802643 1.8600000143051147 1.5965232441470778 -1.8006054638584332 -0.05414715691695795 7253 0 False