3.9087677001953125 -7.08729362487793
car -68.50113234936228 8.901048054937974 -1.186234007631512 4.181210041046143 1.994117259979248 1.3805816173553467 -0.4391732686114841 0.0 0.0 20001 0 True
car -99.68479761090845 -58.50761260205559 -0.13780401227851513 5.357479572296143 2.033203125 1.4147460460662842 -0.43917273597971596 0.0 0.0 20003 0 False
car -91.9583394775324 11.958753590166054 -0.986451612356305 4.4777727127075195 2.069315195083618 2.0377910137176514 1.131622130862469 0.0 0.0 20011 0 False
car -25.879777956908214 69.79824131515886 -2.330615787545021 3.633375883102417 1.845113754272461 1.5012825727462769 2.703761360287136 -4.011631472096684 -8.602466507638857 7259 0 False
car -8.118762087888882 -28.553106693103018 -0.5914942305946127 4.552699089050293 2.097072124481201 1.7671663761138916 1.1313504886931096 0.06297017750857546 0.1312684874045128 7256 32 True
car -0.0025732874888149126 3.098511507459989e-05 -1.221585987021868 4.673638820648193 1.8118125200271606 1.441947340965271 0.0 3.9087672190572866 -7.087293659542249 -100 1356 False
car -14.455713343573265 5.412033357490429 -1.3201769786257458 4.673638820648193 1.8118125200271606 1.441947340965271 -0.4365443313619825 -3.9662945797412514 -8.531205749911376 7255 112 True
car -52.62839600725539 18.887058958098407 -1.5636987860352747 4.673638820648193 1.8118125200271606 1.441947340965271 2.7032184753574797 -5.479007749125216 -11.709356981256132 7258 5 True
truck -10.235695690255824 -42.47862735664444 0.6501252344938129 8.46804141998291 2.8910882472991943 3.8274123668670654 -2.010469874579112 2.783877776191274 5.922365549765852 7261 61 True
car -17.859726989301194 -58.71906831613006 -0.16924803888164952 4.611005783081055 2.241713285446167 1.6672759056091309 -2.009790769074758 4.514697143324689 9.615690696856818 7260 2 True
car 4.9174440863100415 -0.7980051148156804 -1.1154490294080457 4.855708599090576 2.0327565670013428 1.6493593454360962 1.1341423586961774 6.385032804150034 13.76925959442674 7242 2994 True
car 16.43323000565232 14.361639126546322 -1.3470818886100089 5.237514495849609 1.9297595024108887 1.638383150100708 -2.010088243917253 1.4614893512143632 3.1136477710486834 7243 76 True
motorcycle -14.436100892619521 -42.02043146604274 -0.5098998093747173 2.0333523750305176 0.8025798797607422 1.499274730682373 1.132103307228758 1.3029330780516628 2.781422188140329 7257 5 True
pedestrian -17.84320489994984 -2.4596926981824936 -0.8591811714378679 0.3753577768802643 0.3753577768802643 1.8600000143051147 2.7328278748211328 -0.56181753964577 -1.355812431664285 7251 6 True
pedestrian 17.90017382175273 5.585490915097637 -0.9653570809703513 0.9953577518463135 0.3753577768802643 1.8600000143051147 -2.019210628209856 1.3942328608424333 2.8131956861357303 7249 15 True
pedestrian -6.608238324290596 6.074305325590728 -0.9809296824847706 0.3753577768802643 0.3753577768802643 1.8600000143051147 -0.6193958852522108 -1.1789533946786326 -1.2186996227406917 7245 43 True
pedestrian 1.2235107006178794 -12.58811632490449 -1.30456430292831 0.9953577518463135 0.3753577768802643 1.8600000143051147 1.9073135487308501 -1.4975926358105256 -1.2780054448556486 7247 10 True
pedestrian -24.72114051593401 0.5299014302062801 -0.9121839726153667 0.3753577768802643 0.3753577768802643 1.8600000143051147 2.7219029314672682 -0.6500473215138061 -1.6311256685154336 7253 6 True