14.122892379760742 -0.030167633667588234
car -45.895842507472366 70.44774696571609 -0.8596227241242873 4.181210041046143 1.994117259979248 1.3805816173553467 -1.5689418407907292 0.0 0.0 20001 0 False
car -53.14606547036243 92.96408057545396 -0.5784732906217895 4.4777727127075195 2.069315195083618 2.0377910137176514 0.0018535586832239379 0.0 0.0 20011 0 False
car 27.266632491693827 100.16714983641396 -1.3234540865448994 3.633375883102417 1.845113754272461 1.5012825727462769 1.572013395299613 -16.97507774463063 -0.012423181452098121 7259 0 False
car -53.99319622196555 -0.14685709522236134 -0.8495074587115528 4.552699089050293 2.097072124481201 1.7671663761138916 0.001601091225007756 4.249273844614152e-09 1.240868418860215e-08 7256 8 True
car -0.0025846299774343606 3.307151854592405e-07 -1.2215852196657846 4.673638820648193 1.8118125200271606 1.441947340965271 0.0 14.122891922433638 -0.030167633071605936 -100 1435 False
car -16.525355563793823 0.571934508506537 -1.1620725274197719 4.673638820648193 1.8118125200271606 1.441947340965271 -0.1568091226686707 5.824641589476208 -1.7669865036307513 7255 118 True
car -30.18858863166895 102.633255466556 -1.1571504651173077 4.673638820648193 1.8118125200271606 1.441947340965271 1.573328995766871 -9.994465020313369 -0.032034532085448396 7258 0 False
truck -91.79604607981724 -4.234808319179451 0.30550337819750084 8.46804141998291 2.8910882472991943 3.8274123668670654 -3.1396640033964385 8.87595863714162 0.017791599418795226 7261 0 True
car 26.224516551989666 5.75174965903283 -1.1639286115421985 4.855708599090576 2.0327565670013428 1.6493593454360962 1.199365435052573 -7.909333760197074 10.875074802615993 7242 66 True
car -6.117425975560423 -4.031170269567105 -1.0992086001869144 5.237514495849609 1.9297595024108887 1.638383150100708 -3.1395175296602056 -6.899779368886868e-08 -1.601617251346053e-08 7243 1119 True
motorcycle -60.97981972090719 -0.1631986067048552 -0.9560878414592935 2.0333523750305176 0.8025798797607422 1.4992748498916626 0.0024086282796534813 1.5188623630467037 0.004502210282019292 7257 0 False
pedestrian -34.71438357206205 24.58577411265751 -0.77048212907162 0.3753577768802643 0.3753577768802643 1.8600000143051147 1.5956302878980833 -1.538885453372302 -0.07104700140228151 7251 0 False
pedestrian -22.8190898148884 -8.4987619487434 -0.7980947418019873 0.9953577518463135 0.3753577768802643 1.8600000143051147 3.039546808098177 3.5183302154756833 -0.6974107847150153 7249 9 True
pedestrian -22.876682176430734 9.80808982160105 -0.7976863049356289 0.3753577768802643 0.3753577768802643 1.8600000143051147 -2.3992307446294165 -0.15142921442087226 1.7471393328843254 7245 2 True
pedestrian -35.385744852087385 -1.5868284108359796 -1.6234586514844085 0.3753577768802643 0.3753577768802643 1.8600000143051147 -2.0456054616649224 0.013342059559274524 0.026172390518777885 7247 1 True
pedestrian -34.983882733620135 32.824800959495676 -0.7731431484361417 0.3753577768802643 0.3753577768802643 1.8600000143051147 1.5824078374124297 -1.8028405157462721 -0.038122806054209646 7253 0 False