0.40427371859550476 -7.596543788909912
car -61.74648721653172 -17.809724419234726 -1.0770678418889865 4.181210041046143 1.994117259979248 1.3805816173553467 -0.0336226466785007 0.0 0.0 20001 0 True
car -63.803041798682244 -92.06058788351444 -0.9111306351281527 5.357479572296143 2.033203125 1.4147460460662842 -0.033622114046732585 0.0 0.0 20003 0 False
car -84.50621832187366 -24.257189275962105 -0.8426934282686531 4.4777727127075195 2.069315195083618 2.0377910137176514 1.5371727527954524 0.0 0.0 20011 0 False
car -41.25200714869147 54.798509290583524 -1.409817405495298 3.633375883102417 1.845113754272461 1.5012825727462769 3.109082950559828 -0.25575012094786237 -8.145124732534917 7259 0 False
car 8.455130365535357 -30.260446543443777 -0.9500813638358157 4.552699089050293 2.097072124481201 1.7671663761138916 1.5377354740321405 0.19451886177564073 5.9787530193193845 7256 36 True
car -0.002593417277118343 8.9469555746291e-06 -1.2215852762105848 4.673638820648193 1.8118125200271606 1.441947340965271 0.0 0.4042737168981873 -7.5965438685627955 -100 1340 False
car -15.805208745645054 0.47308702408832914 -1.2558995760374145 4.673638820648193 1.8118125200271606 1.441947340965271 -0.03136814956198798 -0.2566605567806796 -8.304164662417897 7255 122 True
car -44.11702978386364 -2.5977192127514286 -1.3061887296484223 4.673638820648193 1.8118125200271606 1.441947340965271 3.10894206945716 -0.3312062687719135 -10.43967232121622 7258 10 True
truck 12.194767332759579 -38.3263787239286 0.09459766939518932 8.46804141998291 2.8910882472991943 3.8274123668670654 -1.6042092544992235 0.1919338586944811 5.816079937984999 7261 77 True
car 11.667159601802101 -54.02890956181909 -0.942817707437619 4.611005783081055 2.241713285446167 1.6672759056091309 -1.6041754323819477 0.30239834828827095 9.086616899540804 7260 13 False
car 9.306109656658206 -5.935750446539544 -1.105895829064759 4.855708599090576 2.0327565670013428 1.6493593454360962 1.53990236811204 0.3066681315663237 12.011973013445427 7242 506 True
car 14.22665393601578 23.206459081153923 -1.1546213434878763 5.237514495849609 1.9297595024108887 1.638383150100708 -1.6064926468891567 0.09889870570493271 2.7487696609626515 7243 59 True
motorcycle 7.884566141090746 -47.49331555388113 -1.0349680276439157 2.0333523750305176 0.8025798797607422 1.499274730682373 1.5374224433609167 0.2253627017758723 6.7983739692622995 7257 3 False
pedestrian -9.80853133881775 -8.282679376583019 -0.8846547083629872 0.3753577768802643 0.3753577768802643 1.8600000143051147 3.1103928252355786 -0.037570031339338894 -1.5044379791833564 7251 11 True
pedestrian 19.044136626280725 15.11498838767153 -0.8852455376703399 0.9953577518463135 0.3753577768802643 1.8600000143051147 -1.6190084281764558 0.18364083309817478 3.1479226967739216 7249 10 True
pedestrian -4.58527697202377 4.166741891666334 -0.8971515327917157 0.3753577768802643 0.3753577768802643 1.8600000143051147 0.21081458855862087 0.5082457857390092 -0.8480602579331377 7245 76 True
pedestrian 10.440572673377822 -10.597099005124278 -1.0070172675973352 0.3753577768802643 0.3753577768802643 1.8600000143051147 2.0638638790692223 -0.010099522210951315 0.7080232967039333 7247 4 True
pedestrian -17.147610300908358 -8.214849648027894 -0.900073344494948 0.3753577768802643 0.3753577768802643 1.8600000143051147 -3.064043075615777 0.3352157292787622 -1.8635097574077344 7253 13 True