0.006115857977420092 -8.174640655517578
car -40.740795889525245 -19.777763005090833 -0.7704787822506667 4.181210041046143 1.994117259979248 1.3805816173553467 -0.0007966839671664768 0.0 0.0 20001 1 True
car -40.35951537786484 -94.0563042492933 -0.7977908414045172 5.357479572296143 2.033203125 1.4147460460662842 -0.0007961513353983562 0.0 0.0 20003 0 True
car -63.274328943908245 -26.969309710972652 -0.38104048692933645 4.4777727127075195 2.069315195083618 2.0377910137176514 1.5699987155067865 0.0 0.0 20011 0 False
car -11.724146594136684 53.467648218168165 -1.1150582302366037 3.633375883102417 1.845113754272461 1.5012825727462769 -3.141214228287591 0.0039025422847065077 -2.52371575448053 7259 0 False
car 29.825683940329615 -46.809461012878785 -1.2110983135729843 4.552699089050293 2.097072124481201 1.7671663761138916 1.5703812461549602 -0.0003473457970081016 5.8717657993145185 7256 0 True
car -0.0025947990251538045 -2.2329938815346395e-05 -1.221585320914297 4.673638820648193 1.8118125200271606 1.441947340965271 0.0 0.006115858308149663 -8.174640938841451 -100 1333 False
car -14.865997328247104 -0.06320001390429297 -1.1393136420510197 4.673638820648193 1.8118125200271606 1.441947340965271 0.0636789241956075 0.8901068694235733 -8.19863344835256 7255 99 True
car -8.66720432825106 -3.997414973672221 -1.1737850892185433 4.673638820648193 1.8118125200271606 1.441947340965271 3.1413641641303167 0.0019351118873912815 -5.497426613630792 7258 487 True
truck 33.842348214195255 -27.613294379260424 -0.21815284237030297 8.46804141998291 2.8910882472991943 3.8274123668670654 -1.5709465337380304 9.472185490290001e-05 3.246979272428931 7261 100 True
car 33.8264414313769 -40.26078732612024 -1.2970913779359279 4.611005783081055 2.241713285446167 1.6672759056091309 -1.571244541212294 0.000401399705902009 2.8704341751293634 7260 0 False
car 29.829314437061896 -32.37022038059945 -1.297090449504288 4.855708599090576 2.0327565670013428 1.6493593454360962 1.5708226642126422 -0.004969107354031113 8.40621236572111 7242 0 False
car 33.84408496202752 24.528465695063346 -1.310963653193474 5.237514495849609 1.9297595024108887 1.638383150100708 -1.5746419329452515 3.1722115354304565e-05 -0.000892051782271199 7243 0 False
motorcycle 29.814509452827437 -62.82810488937474 -1.3395988215406878 2.0333523750305176 0.8025798797607422 1.499274730682373 1.5702201859024443 -3.0183511552146928e-05 4.799683153218827 7257 0 False
pedestrian 14.171083280238076 -8.310533655566587 -0.9648893511781795 0.3753577768802643 0.3753577768802643 1.8600000143051147 -3.1349014765718244 0.018570884152077007 -1.3748576622003705 7251 3 True
pedestrian 38.9309210281807 22.706922596942945 -1.100945615243101 0.9953577518463135 0.3753577768802643 1.8600000143051147 -1.5600723235600789 -0.07654133364921088 3.359528449824324 7249 0 False
pedestrian 12.749880589307715 3.4026351331652904 -0.9475976628561085 0.3753577768802643 0.3753577768802643 1.8600000143051147 0.18631552459420098 0.7181453278107353 -1.599832490400393 7245 9 True
pedestrian 35.59982920209431 -11.245674925085098 -1.1866934869772119 0.9953577518463135 0.3753577768802643 1.8600000143051147 3.1352323740577694 0.8009087403499172 -3.605683466081712 7247 4 True
pedestrian 7.470721471283923 -8.437689296942722 -0.9277897687029815 0.3753577768802643 0.3753577768802643 1.8600000143051147 -3.118394285972171 0.07766117526411292 -1.663343334316085 7253 17 True