9.967885971069336 -0.25396740436553955
car -38.201637034124815 69.3605276343386 -0.9554879858327272 4.181210041046143 1.994117259979248 1.3805816173553467 -1.5415491175569032 0.0 0.0 20001 0 False
car -46.06559465286409 91.67020417826308 -0.6975345348181108 4.4777727127075195 2.069315195083618 2.0377910137176514 0.02924628191704998 0.0 0.0 20011 0 False
car 34.497185942662895 88.08692414485117 -1.4998017614524937 3.633375883102417 1.845113754272461 1.5012825727462769 1.6000484724457926 -15.413193312115533 -0.45638297659929516 7259 0 False
car -44.362448814762104 -1.4292844778578466 -0.845701715705709 4.552699089050293 2.097072124481201 1.7671663761138916 0.028993814458833797 -6.625125634724935e-10 7.462016305885754e-10 7256 8 True
car -0.0026100447281578454 -9.303427788154295e-07 -1.2215851192066987 4.673638820648193 1.8118125200271606 1.441947340965271 0.0 9.96788557738509 -0.2539673884425053 -100 1393 False
car -13.103583987773163 2.174146059215637 -1.1675593316395751 4.673638820648193 1.8118125200271606 1.441947340965271 -0.6539654138953024 2.7650018044984903 -9.121696667305113 7255 211 True
car -23.12414765463194 93.31027876132642 -1.2939874602951207 4.673638820648193 1.8118125200271606 1.441947340965271 1.6004482125877673 -12.27246755681409 -0.37037812227665995 7258 0 False
truck -75.12660590204177 -6.346707718825973 0.3163667652155113 8.46804141998291 2.8910882472991943 3.8274123668670654 -3.1122180169858003 8.38512786090888 0.2474562630277501 7261 0 True
car -105.17564675446599 -7.226254965773942 -0.6243552983490948 4.611005783081055 2.241713285446167 1.6672759056091309 -3.1121985759262643 13.638454407306327 0.4014202408569581 7260 0 True
car 25.34747991997898 0.7896706034941428 -1.2440236813914836 4.855708599090576 2.0327565670013428 1.6493593454360962 0.11181111354386807 17.10399858897515 3.4537597467125796 7242 46 True
car 3.6015213244925803 -4.00127068256964 -1.1321548600438252 5.237514495849609 1.9297595024108887 1.638383150100708 -3.112124806426379 -9.536167057257594e-07 -7.099533669246526e-08 7243 2325 True
motorcycle -53.43997909030628 -1.6995066856996566 -0.9345901930720317 2.0333523750305176 0.8025798797607422 1.4992743730545044 0.029801698257280722 3.162765023368448 0.09597375101891639 7257 0 False
pedestrian -25.705601884006228 22.593424605234226 -0.8139406645126881 0.3753577768802643 0.3753577768802643 1.8600000143051147 1.6229704137448073 -1.5281143590972512 -0.11186507002461414 7251 0 False
pedestrian -10.111435905701683 -9.101092037738606 -0.823050792460351 0.9953577518463135 0.3753577768802643 1.8600000143051147 3.0686101308727127 3.5329096170663195 -0.6200506464631891 7249 16 True
pedestrian -12.810008203997484 10.394439681508636 -0.8392749999441849 0.3753577768802643 0.3753577768802643 1.8600000143051147 -1.8656476921397447 -0.5314256251688229 0.2953060971200026 7245 12 True
pedestrian -25.746212040095998 -2.408201706354328 -1.6338495858213515 0.3753577768802643 0.3753577768802643 1.8600000143051147 -2.018212472115212 0.017671636657154047 0.0395765743482191 7247 0 True
pedestrian -26.20701956136611 30.615728160704435 -0.8267568972102213 0.3753577768802643 0.3753577768802643 1.8600000143051147 1.6131534776265752 -1.7921555217862677 -0.12129715496701625 7253 1 True