0.5061708688735962 11.413199424743652
car 52.13113763704672 75.57109355590245 -1.2383675177598992 4.181210041046143 1.994117259979248 1.3805816173553467 -3.092989082212236 0.0 0.0 20001 0 False
car 74.28434016725045 83.86702768661956 -1.0305907054710453 4.4777727127075195 2.069315195083618 2.0377910137176514 -1.522193682738283 0.0 0.0 20011 0 False
car -18.764705249010714 80.36067503116692 -1.1678934587839302 4.552699089050293 2.097072124481201 1.7671663761138916 -1.5224461501964992 -4.610674020079064e-10 -3.364630241536918e-10 7256 0 False
car -0.002595934545801981 2.3989217879716307e-05 -1.22158532445947 4.673638820648193 1.8118125200271606 1.441947340965271 0.0 0.5061708795427478 11.413198253800314 -100 1387 False
car -15.575704347178764 15.594557243397674 -1.2231192489213758 4.673638820648193 1.8118125200271606 1.441947340965271 -1.5224461501314808 0.4955242617913598 -10.284977128306313 7255 58 True
car 28.158292135125038 1.0507030428192934 -1.1797747539126453 4.855708599090576 2.0327565670013428 1.6493593454360962 0.04947762967809041 -0.21476403241226158 4.236777452807007 7242 26 True
car -20.407502508093735 32.355047347791356 -1.1483278196354154 5.237514495849609 1.9297595024108887 1.638383150100708 1.6196152289182872 -1.1848316182626037e-08 1.4387091372410935e-08 7243 0 False
motorcycle -19.08707622414227 86.91927795534258 -1.3103740087745295 2.0333523750305176 0.8025798797607422 1.4992756843566895 -1.5216734660303373 4.471417943980746e-08 -3.185470889021133e-09 7257 0 False
pedestrian 11.354096019452669 62.57789230017704 -1.0284473610905973 0.3753577768802643 0.3753577768802643 1.8600000143051147 0.07011045279566447 -0.15351003745103584 1.6841034101580838 7251 0 False
pedestrian -25.274085741487518 58.46454472735991 -0.9518832561113808 0.9953577518463135 0.3753577768802643 1.8600000143051147 1.5472055379375882 -0.34304781730413053 -3.5702372944913483 7249 0 False
pedestrian -9.131895852795012 54.32414691054015 -1.0779070452509845 0.3753577768802643 0.3753577768802643 1.8600000143051147 1.933719634162055 1.0989462557804843 -1.3668665905179322 7245 0 False
pedestrian -19.13600049450331 61.61185918977736 -1.837532499918545 0.3753577768802643 0.3753577768802643 1.8600000143051147 2.7135226363855995 -0.05210093530653863 0.026066211289034906 7247 0 False
pedestrian 20.136196041388303 63.22279351725882 -1.0458582101405831 0.3753577768802643 0.3753577768802643 1.8600000143051147 0.04684869242858886 -0.09014536748942852 1.8226772625950667 7253 0 False