4.360617160797119 -6.254772663116455
car -67.95652476982902 16.073023102768445 -1.4063902204747691 4.181210041046143 1.994117259979248 1.3805816173553467 -0.545143421511756 0.0 0.0 20001 1 True
car -106.09596675918864 -47.65999398656899 -0.44045908910260323 5.357479572296143 2.033203125 1.4147460460662842 -0.545142888879988 0.0 0.0 20003 0 False
car -90.95944148001391 21.593922798611004 -1.2815537621603283 4.4777727127075195 2.069315195083618 2.0377910137176514 1.025651977962197 0.0 0.0 20011 0 False
car -19.95644186385192 72.62005133559632 -2.440609792148848 3.633375883102417 1.845113754272461 1.5012825727462769 2.597835415823618 -5.068397131459513 -8.408994936536564 7259 0 False
car -11.87500513203372 -27.555293816573794 -0.611711674910838 4.552699089050293 2.097072124481201 1.7671663761138916 1.0253995105039808 -0.00047184583833329436 -0.0007794508218492574 7256 37 True
car -0.0025722542441712903 2.67843852839178e-05 -1.2215859686829926 4.673638820648193 1.8118125200271606 1.441947340965271 0.0 4.360617151051096 -6.254772315524962 -100 1345 False
car -13.787238794887372 6.407822234907371 -1.3589016176469944 4.673638820648193 1.8118125200271606 1.441947340965271 -0.5434716235495674 -4.716969073454551 -7.821432315875748 7255 115 True
car -52.23967389620972 25.004595000527445 -1.749762228232722 4.673638820648193 1.8118125200271606 1.441947340965271 2.5973006535284253 -6.879692605724573 -11.38562208077619 7258 6 True
truck -15.799460828673858 -41.74334162610879 0.6354420077186065 8.46804141998291 2.8910882472991943 3.8274123668670654 -2.115833626211378 3.4425138465939 5.6820679565304975 7261 55 True
car -25.311578056869593 -57.444419832329345 -0.19863517058146352 4.611005783081055 2.241713285446167 1.6672759056091309 -2.1157723735580443 5.634883147284411 9.29555807071417 7260 0 True
car 4.822576358311409 -0.011681402236604299 -1.1222017744323036 4.855708599090576 2.0327565670013428 1.6493593454360962 1.027551714363048 8.073307834036472 13.430400346184406 7242 3074 True
car 16.88777454086778 12.206487391447922 -1.294926592850281 5.237514495849609 1.9297595024108887 1.638383150100708 -2.1159012704459297 1.9479631441730745 3.21653206603728 7243 83 True
motorcycle -19.504360001066146 -40.15243209647417 -0.5502415503461178 2.0333523750305176 0.8025798797607422 1.4992752075195312 1.0261149559355351 0.39214326568818825 0.6496321166918286 7257 5 True
pedestrian -18.927867445042978 -0.5013322494339718 -0.9179630735727091 0.3753577768802643 0.3753577768802643 1.8600000143051147 2.6332993705245125 -0.6859146330003119 -1.3096839792563297 7251 5 True
pedestrian 17.44381629743222 3.373764086819108 -0.9072298071985401 0.9953577518463135 0.3753577768802643 1.8600000143051147 -2.1245165892952813 1.6773887678050536 2.6531821657809482 7249 12 True
pedestrian -6.581301088943633 6.603783626683139 -1.0024149893344747 0.3753577768802643 0.3753577768802643 1.8600000143051147 -0.7248862700873481 -1.3641635224994264 -1.0922755658031114 7245 46 True
pedestrian -0.8658689349103099 -12.586123140078769 -1.5345564610936684 0.3753577768802643 0.3753577768802643 1.8600000143051147 2.0828281000152162 0.28328689950731817 0.2575123261474327 7247 12 True
pedestrian -25.460016516625046 3.208415019145491 -0.9936238245030804 0.3753577768802643 0.3753577768802643 1.8600000143051147 2.6147471402511595 -0.8439344915134558 -1.5407798080512802 7253 3 True