0.007089936174452305 -9.558479309082031
car -42.52720645784288 -19.77388649169319 -0.7775962476405314 4.181210041046143 1.994117259979248 1.3805816173553467 -0.0008910929480658637 0.0 0.0 20001 1 True
car -42.15292777841974 -94.05246032819556 -0.8050763148927498 5.357479572296143 2.033203125 1.4147460460662842 -0.0008905603162977431 0.0 0.0 20003 0 True
car -65.06157136834656 -26.963307099528834 -0.3971743234614977 4.4777727127075195 2.069315195083618 2.0377910137176514 1.569904306525887 0.0 0.0 20011 0 False
car -14.043135800215843 53.468469462956534 -1.1075223810083157 3.633375883102417 1.845113754272461 1.5012825727462769 -3.1413224856944613 0.004075516741610632 -2.858252462680532 7259 0 False
car 28.037491900969474 -45.42579968806717 -1.1891911536341437 4.552699089050293 2.097072124481201 1.7671663761138916 1.5703503351121662 -0.0005305735903594793 7.669232262872408 7256 0 True
car -0.0025942479963099174 1.0453055892867269e-05 -1.2215851925170371 4.673638820648193 1.8118125200271606 1.441947340965271 0.0 0.007089936177159791 -9.558478879355835 -100 1365 False
car -14.882087823943841 -0.00983960709186249 -1.1452101417377176 4.673638820648193 1.8118125200271606 1.441947340965271 0.027985405202653673 0.4515318220044739 -9.16971194355625 7255 110 True
car -11.648206418983477 -3.9962961122149636 -1.1618193653399451 4.673638820648193 1.8118125200271606 1.441947340965271 3.1414483199496797 0.003735295361421771 -6.922730279863057 7258 246 True
truck 32.05477046512241 -28.281042815798514 -0.19588752257507158 8.46804141998291 2.8910882472991943 3.8274123668670654 -1.5710547911449007 -0.0012510003496574256 3.3702962937122227 7261 112 True
car 32.03804196633517 -40.90051389305245 -1.2746650973888491 4.611005783081055 2.241713285446167 1.6672759056091309 -1.5713037964964973 0.0005807947664157481 3.458806781382064 7260 0 True
car 28.042422370902386 -30.56361631561805 -1.2760854437117302 4.855708599090576 2.0327565670013428 1.6493593454360962 1.5705601821459898 -0.0023313818084989327 9.623260816604951 7242 0 True
car 32.0620595387273 24.5254228994267 -1.288137430747795 5.237514495849609 1.9297595024108887 1.638383150100708 -1.5747363419261509 1.219539394276201e-05 -0.00028728267482395613 7243 0 False
motorcycle 28.02541478725854 -61.67161468904544 -1.3189037806003259 2.0333523750305176 0.8025798797607422 1.4992748498916626 1.5699612665584546 0.004007117899756698 6.630909626437995 7257 0 False
pedestrian 12.110352448563447 -8.313702116600211 -0.9486456591948396 0.3753577768802643 0.3753577768802643 1.8600000143051147 -3.1349090665745205 0.01935470506474434 -1.3768056070698083 7251 15 True
pedestrian 37.15307831007182 22.040461184270555 -1.0761332824986165 0.9953577518463135 0.3753577768802643 1.8600000143051147 -1.5647534910121492 -0.05557031256597113 3.3223809558744843 7249 0 False
pedestrian 11.314770385435203 3.4346593643700203 -0.9350789099763914 0.3753577768802643 0.3753577768802643 1.8600000143051147 0.10076008210245768 0.4592866922340406 -1.6924621363422196 7245 19 True
pedestrian 33.077306094886744 -11.203671823757418 -1.159545970513817 0.9953577518463135 0.3753577768802643 1.8600000143051147 3.0809536016218395 -0.25968331861780186 -3.684399668950116 7247 6 True
pedestrian 5.352127333048674 -8.446124852586536 -0.9139212713982037 0.3753577768802643 0.3753577768802643 1.8600000143051147 -3.118296148568895 0.078640811022189 -1.6648308293698202 7253 36 True