0.21075406670570374 7.788721084594727
car 48.68806802998499 74.59401706797985 -0.8082496113599795 4.181210041046143 1.994117259979248 1.3805816173553467 -3.112161162705739 0.0 0.0 20001 0 False
car 70.99415157760379 82.46362153424843 -0.43670994368364546 4.4777727127075195 2.069315195083618 2.0377910137176514 -1.541365763231786 0.0 0.0 20011 0 False
car -22.101785038907337 80.74137881312811 -1.2232195425578585 4.552699089050293 2.097072124481201 1.7671663761138916 -1.5416182306900024 1.1568288141461716e-09 -3.069893628609947e-10 7256 0 False
car -0.0025942778798793142 -3.501935009353474e-05 -1.2215852460179448 4.673638820648193 1.8118125200271606 1.441947340965271 0.0 0.210754053205143 7.788721267635844 -100 1394 False
car -19.92250119303182 10.252386088937158 -1.3303785199152096 4.673638820648193 1.8118125200271606 1.441947340965271 -1.5002734511866171 1.5467729147347324 -12.654564969831048 7255 75 True
car 23.632942322460217 0.5571945045800817 -1.0087681170052214 4.855708599090576 2.0327565670013428 1.6493593454360962 0.030265734959920246 0.0003530560036763516 -0.011563034596675173 7242 55 True
car -24.664030366101677 32.7760575984488 -1.2742555907604811 5.237514495849609 1.9297595024108887 1.638383150100708 1.600443148424784 9.210036335350718e-08 2.7586928295299248e-08 7243 0 False
motorcycle -22.297453953612973 87.30510868709536 -1.3598406566559615 2.0333523750305176 0.8025798797607422 1.4992756843566895 -1.5408455465238404 -1.8008411807461507e-08 -6.381102980557069e-09 7257 0 False
pedestrian 8.506150051647964 62.42824059595574 -0.8927575132915084 0.3753577768802643 0.3753577768802643 1.8600000143051147 0.05287182562043932 -0.12660860621209122 1.6680509166002044 7251 0 False
pedestrian -28.976969723055543 60.7498326738189 -1.0804930118220462 0.9953577518463135 0.3753577768802643 1.8600000143051147 1.5579870701878864 -0.2566976451347041 -3.496217791051581 7249 0 False
pedestrian -13.265899154603726 55.35051553593917 -1.1007547070070673 0.3753577768802643 0.3753577768802643 1.8600000143051147 1.9145499505115082 1.0725315785110283 -1.387674505262135 7245 0 False
pedestrian -22.788493820565343 61.98514334958804 -1.9182665857431629 0.3753577768802643 0.3753577768802643 1.8600000143051147 2.6943497569444443 -0.062342731133721185 0.030416541976992176 7247 0 False
pedestrian 17.375068588439966 62.886151277434635 -0.848105706795284 0.3753577768802643 0.3753577768802643 1.8600000143051147 0.028086472080654568 -0.04742129845883009 1.8270735887368907 7253 0 False