4.9759016036987305 11.182270050048828
car 48.62841954201559 83.4205022096591 -5.7639397159814365 4.181210041046143 1.994117259979248 1.3805816173553467 -2.941091823000166 0.0 0.0 20001 0 False
car 69.27096791366242 94.96847330512304 -6.1635076292441155 4.4777727127075195 2.069315195083618 2.0377910137176514 -1.3702964235262132 0.0 0.0 20011 0 False
car -22.17586075339684 77.43551808911877 -5.448346412666606 4.552699089050293 2.097072124481201 1.7671663761138916 -1.3705488909844292 4.3517620554964915e-10 -1.332912950471454e-08 7256 0 True
car -0.002600364668637667 2.6912562532288575e-05 -1.2215853741341647 4.673638820648193 1.8118125200271606 1.441947340965271 0.0 4.975901618267424 11.18227003362382 -100 1360 False
car -10.76940043799813 21.6274895902078 -2.45226922685967 4.673638820648193 1.8118125200271606 1.441947340965271 -1.3727454643961587 2.1524235727217875 -10.840041934163189 7255 48 True
car 29.337397120352534 4.84571145157031 -1.4172117357323977 4.855708599090576 2.0327565670013428 1.6493593454360962 0.20171777059088813 -2.370249865671132 11.48977958112917 7242 31 True
car -16.535718592106264 29.80670226118798 -2.8169217642120437 5.237514495849609 1.9297595024108887 1.638383150100708 1.7715124881303574 6.833054259927257e-08 -7.81105243775251e-08 7243 22 True
motorcycle -23.486779051945447 83.85235182276972 -5.943562261383526 2.0333523750305176 0.8025798797607422 1.4992754459381104 -1.369776206818267 -4.584660441523636e-08 1.4900936059329567e-07 7257 0 False
pedestrian 8.962187406802869 64.14643122395029 -4.542886244414646 0.3753577768802643 0.3753577768802643 1.8600000143051147 0.2217693592915005 -0.4103443357503903 1.632556404576529 7251 0 False
pedestrian -24.946745435582436 52.13931784211616 -3.846107427060325 0.3753577768802643 0.3753577768802643 1.8600000143051147 1.698268429484897 0.07884699223981247 -1.5060310863062107 7249 0 True
pedestrian -8.02354739014568 51.979276663369774 -3.9476904335671676 0.3753577768802643 0.3753577768802643 1.8600000143051147 2.0856168933741253 1.2931203271250298 -1.1829538348499387 7245 0 False
pedestrian -19.771889713683677 58.8564882203774 -5.099840481058408 0.3753577768802643 0.3753577768802643 1.8600000143051147 2.86542122717709 -0.02674671581840645 0.00483474282685423 7247 0 True
pedestrian 17.44086890763832 66.11561806610547 -4.658027515979921 0.3753577768802643 0.3753577768802643 1.8600000143051147 0.23761209176042342 -0.4897527509506775 1.7604799984040151 7253 0 False