8.182317733764648 -0.4190848171710968
car -37.91283772096614 68.02099721129794 -0.937910046616552 4.181210041046143 1.994117259979248 1.3805816173553467 -1.5055320081200732 0.0 0.0 20001 0 True
car -46.574767203186184 90.0330664679099 -0.6735383607698857 4.4777727127075195 2.069315195083618 2.0377910137176514 0.06526339135387986 0.0 0.0 20011 0 False
car 34.36185295696174 84.84204350777956 -1.5411077811032294 3.633375883102417 1.845113754272461 1.5012825727462769 1.6371184617302548 -14.6297040210569 -0.987646676837173 7259 0 False
car -41.520610160698425 -2.944740333070744 -0.8201281618783782 4.552699089050293 2.097072124481201 1.7671663761138916 0.06501092389566368 -5.1579830176498e-09 7.462773262923804e-09 7256 22 True
car -0.002634585539510681 -1.0025734979990375e-06 -1.2215851096868753 4.673638820648193 1.8118125200271606 1.441947340965271 0.0 8.182318555649427 -0.4190847844999149 -100 1369 False
car -12.39637051264583 3.4987366431383577 -1.1637120337122688 4.673638820648193 1.8118125200271606 1.441947340965271 -1.0143622276200852 -3.4526547163994334 -7.36587463219302 7255 239 True
car -23.456415861765436 88.67376475996645 -1.284262321443797 4.673638820648193 1.8118125200271606 1.441947340965271 1.6364578651798434 -13.296504986178187 -0.880266681419646 7258 0 False
truck -69.60455624909503 -8.80402738683279 0.35661889707848315 8.46804141998291 2.8910882472991943 3.8274123668670654 -3.076096245406535 8.166876348707548 0.5374509738304057 7261 10 True
car -98.00609667202997 -10.66024415486647 -0.565147173606158 4.611005783081055 2.241713285446167 1.6672759056091309 -3.0760975769859553 13.57311743764261 0.893164157768531 7260 0 True
car 22.840117498240602 1.2959371750458537 -1.2542509739975136 4.855708599090576 2.0327565670013428 1.6493593454360962 0.06658468315269922 17.02554377602162 1.1641899314339945 7242 68 True
car 6.5045897274134745 -3.7880320688382945 -1.1502159808604828 5.237514495849609 1.9297595024108887 1.638383150100708 -3.076107696989549 -4.136683797577905e-06 -3.082285918103104e-07 7243 1005 True
motorcycle -51.42204303174981 -3.5970399226699143 -0.8963313340560914 2.0333523750305176 0.8025798797607422 1.4992746114730835 0.06579525658595677 2.7622326864143205 0.18254634498604858 7257 0 False
pedestrian -23.700139847697642 21.276314365949787 -0.8054342206980436 0.3753577768802643 0.3753577768802643 1.8600000143051147 1.6515625031760932 -1.521849390618 -0.14746643254316374 7251 3 True
pedestrian -5.940241141304625 -9.417836759661304 -0.8340727501754648 0.9953577518463135 0.3753577768802643 1.8600000143051147 3.108702405967434 3.563306372651818 -0.4127318288323509 7249 32 True
pedestrian -10.318238251851824 10.333324747719338 -0.8440569757670171 0.3753577768802643 0.3753577768802643 1.8600000143051147 -1.5485191202297872 -0.1368641468964288 -0.001484899589508395 7245 28 True
pedestrian -22.889831555477826 -3.270693165740486 -1.6251440677276439 0.3753577768802643 0.3753577768802643 1.8600000143051147 -1.9822038847866719 0.01815894879152931 0.04515824897331642 7247 5 True
pedestrian -24.488102795886334 29.198409955786204 -0.8179118199283462 0.3753577768802643 0.3753577768802643 1.8600000143051147 1.6917254684932894 -1.7743833261307653 -0.31792141992847267 7253 1 True