9.478811264038086 -0.30689647793769836
car -37.90257022248943 68.99144565714825 -0.9539516909290473 4.181210041046143 1.994117259979248 1.3805816173553467 -1.5316895708972216 0.0 0.0 20001 0 True
car -45.98598520572352 91.22254679885216 -0.6956993555551421 4.4777727127075195 2.069315195083618 2.0377910137176514 0.03910582857673151 0.0 0.0 20011 0 False
car 34.66847397792992 86.90308903896057 -1.5265001571313217 3.633375883102417 1.845113754272461 1.5012825727462769 1.6101752670951284 -15.174679330523075 -0.6037711095497708 7259 0 False
car -43.36515363449399 -1.8556555105066312 -0.8328345156960468 4.552699089050293 2.097072124481201 1.7671663761138916 0.03885336111851533 6.9212705071951435e-09 -4.571172545787321e-09 7256 18 True
car -0.0025853962584960755 3.937041057611168e-07 -1.221585571090836 4.673638820648193 1.8118125200271606 1.441947340965271 0.0 9.478811715304237 -0.30689655162147844 -100 1395 False
car -12.896577207307928 2.596295422358768 -1.1649747122401686 4.673638820648193 1.8118125200271606 1.441947340965271 -0.7754354841427405 0.5818967802583753 -8.912465261277834 7255 205 True
car -23.012884272990163 91.84672620677141 -1.2991088730122815 4.673638820648193 1.8118125200271606 1.441947340965271 1.6102069586853318 -12.60530401622618 -0.5013618121081983 7258 0 False
truck -73.24365544420215 -7.043197383455231 0.33788059038639506 8.46804141998291 2.8910882472991943 3.8274123668670654 -3.102304940833423 8.315353668350847 0.32644409441668143 7261 16 True
car -102.75470729618195 -8.198298370876083 -0.5934134199457515 4.611005783081055 2.241713285446167 1.6672759056091309 -3.1022548734472197 13.613368548722795 0.5387201215597681 7260 0 True
car 24.565647584077965 0.8848423826343783 -1.2515966896353112 4.855708599090576 2.0327565670013428 1.6493593454360962 0.0714670242972109 17.60379804683929 1.9139930004305876 7242 47 True
car 4.6217273724196275 -3.9547010154380917 -1.1378938024488034 5.237514495849609 1.9297595024108887 1.638383150100708 -3.102265259766698 -1.1864194392226707e-06 8.741970662495879e-08 7243 1773 True
motorcycle -52.730612315938004 -2.2268995405797583 -0.9169879732515007 2.0333523750305176 0.8025798797607422 1.499274730682373 0.03966119069151125 2.7368923339082945 0.11001459580013545 7257 0 False
pedestrian -24.9364699917071 22.196794241410608 -0.8111891394913795 0.3753577768802643 0.3753577768802643 1.8600000143051147 1.63203247748967 -1.5262516700076565 -0.12252714451604048 7251 0 True
pedestrian -8.682197084853783 -9.21209834945356 -0.8244264332435105 0.9953577518463135 0.3753577768802643 1.8600000143051147 3.0788875271544853 3.5403919737925023 -0.5754308068047727 7249 26 True
pedestrian -11.88784193194067 10.38946146422225 -0.8407826478424114 0.3753577768802643 0.3753577768802643 1.8600000143051147 -1.7788305781472655 -0.41526875418728243 0.1379672699945179 7245 17 True
pedestrian -24.743272913417513 -2.657029666529489 -1.6281645393104873 0.3753577768802643 0.3753577768802643 1.8600000143051147 -2.008353191771415 0.019044008753001242 0.0408888831551563 7247 3 True
pedestrian -25.517477120147532 30.189599023007013 -0.8247639309264851 0.3753577768802643 0.3753577768802643 1.8600000143051147 1.6249332949682738 -1.786102866224572 -0.1820553378630046 7253 3 True