0.007060244679450989 -10.860007286071777
car -45.59994131092995 -19.78222251824883 -0.8513854642300673 4.181210041046143 1.994117259979248 1.3805816173553467 -0.0006993455115424261 0.0 0.0 20001 1 True
car -45.21137107763279 -94.0607250360685 -0.8786666085958472 5.357479572296143 2.033203125 1.4147460460662842 -0.0006988128797743055 0.0 0.0 20003 0 False
car -68.13363224664675 -26.975965308560376 -0.5152891948479457 4.4777727127075195 2.069315195083618 2.0377910137176514 1.5700960539624105 0.0 0.0 20011 0 False
car -18.068155551314952 53.46512125958208 -1.12188060971825 3.633375883102417 1.845113754272461 1.5012825727462769 -3.1410806708717347 0.0056673466242578045 -3.3899359633801778 7259 0 False
car 24.970846439077384 -42.88029344982493 -1.1249011718227828 4.552699089050293 2.097072124481201 1.7671663761138916 1.5706034564940845 -0.002968122776812818 9.055286128864848 7256 0 True
car -0.0025934704978567424 4.843399551646144e-06 -1.221585344278666 4.673638820648193 1.8118125200271606 1.441947340965271 0.0 0.007060244890750453 -10.860007381449499 -100 1337 False
car -15.378129152996522 0.014716881271908733 -1.1731547045474158 4.673638820648193 1.8118125200271606 1.441947340965271 0.008487487225002711 0.10895802627773005 -7.854451134816261 7255 127 True
car -16.87503208081123 -3.9984316889598404 -1.1682904845792523 4.673638820648193 1.8118125200271606 1.441947340965271 3.138663587908003 -0.016446322611179943 -6.767050097558635 7258 98 True
truck 28.98232319644289 -29.325899962451217 -0.12412115669836599 8.46804141998291 2.8910882472991943 3.8274123668670654 -1.5708758268708123 -0.0020888424069740383 3.8097838311114796 7261 100 True
car 28.969791916285857 -42.07979588591428 -1.2022303437410429 4.611005783081055 2.241713285446167 1.6672759056091309 -1.5711405448595683 -7.088745898667208e-05 4.394709490007109 7260 0 True
car 24.973177890986843 -27.39213168668647 -1.2110777319790715 4.855708599090576 2.0327565670013428 1.6493593454360962 1.5705997228377164 -0.0031556660300555025 11.409503041491325 7242 18 True
car 28.98169211577426 24.531418398951473 -1.21505583127009 5.237514495849609 1.9297595024108887 1.638383150100708 -1.5745445944896275 0.0 0.0 7243 0 True
motorcycle 24.963049207035247 -59.34608130902137 -1.254945817302227 2.0333523750305176 0.8025798797607422 1.4992743730545044 1.5701628579827367 0.004658134351336864 8.681887028907186 7257 0 False
pedestrian 8.612078866660681 -8.320760005993463 -0.9136620307366521 0.3753577768802643 0.3753577768802643 1.8600000143051147 -3.1185901613048976 0.05861790520312452 -1.4271544213942697 7251 14 True
pedestrian 34.07296011824117 21.066198792115358 -0.9930801431287983 0.9953577518463135 0.3753577768802643 1.8600000143051147 -1.572513403241899 -0.00819862811915883 3.2703311923200773 7249 1 False
pedestrian 8.728537233520484 3.4630667417923178 -0.9044745334138249 0.3753577768802643 0.3753577768802643 1.8600000143051147 0.1259535647345649 0.24971396407724733 -1.7357743865731075 7245 23 True
pedestrian 28.89816838107744 -11.12044930385838 -1.0812253045702118 0.9953577518463135 0.3753577768802643 1.8600000143051147 3.0714811450996398 -0.49977241720872345 -3.6595882697212567 7247 5 True
pedestrian 1.7281635897416656 -8.49690180884835 -0.891818015047263 0.3753577768802643 0.3753577768802643 1.8600000143051147 -3.052985773267534 0.2868723470654265 -1.8166043636015228 7253 38 True