0.5006540417671204 11.322139739990234
car 53.42723816426222 75.46840170441317 -1.3696069350727313 4.181210041046143 1.994117259979248 1.3805816173553467 -3.095010286614312 0.0 0.0 20001 0 False
car 75.59722253922229 83.71982873498837 -1.1803428696024554 4.4777727127075195 2.069315195083618 2.0377910137176514 -1.524214887140359 0.0 0.0 20011 0 False
car -17.45875429282871 80.40143550397607 -1.287460626034079 4.552699089050293 2.097072124481201 1.7671663761138916 -1.5244673545985752 4.3436494536967104e-10 -5.156197824791702e-10 7256 0 False
car -0.0025926095148989248 -2.340415744583879e-05 -1.2215853927809253 4.673638820648193 1.8118125200271606 1.441947340965271 0.0 0.5006539984098413 11.322140423228463 -100 1396 False
car -14.446985260613467 16.627818371458545 -1.248684982850329 4.673638820648193 1.8118125200271606 1.441947340965271 -1.5247033104393433 0.44174030689577276 -9.665045675348969 7255 69 True
car 28.765468964964796 0.9710396487552657 -1.1919616894584522 4.855708599090576 2.0327565670013428 1.6493593454360962 0.04758279216300117 -0.3291975205804412 6.746534860574728 7242 25 True
car -19.198596473787493 32.39930895659819 -1.1945831709614705 5.237514495849609 1.9297595024108887 1.638383150100708 1.6175940245162117 -1.2245967541223994e-07 8.862462036551336e-08 7243 0 True
motorcycle -17.767903482527974 86.96045366834016 -1.4398108748918288 2.0333523750305176 0.8025798797607422 1.4992756843566895 -1.523694670432413 5.273506676611943e-08 6.472516567300855e-09 7257 0 False
pedestrian 12.455745594376808 62.54650433922808 -1.128672198659288 0.3753577768802643 0.3753577768802643 1.8600000143051147 0.0678190709292094 -0.14992186667288007 1.6884392198006373 7251 0 False
pedestrian -24.021515976836973 58.16032244785072 -1.0352150584841064 0.9953577518463135 0.3753577768802643 1.8600000143051147 1.5451843335355122 -0.35028748537947957 -3.569520393611193 7249 0 False
pedestrian -7.816654620085714 54.18157379586978 -1.1600887187697788 0.3753577768802643 0.3753577768802643 1.8600000143051147 1.931698429759979 1.0961807153301877 -1.369083585173788 7245 0 False
pedestrian -17.87608784854149 61.65601378835311 -1.9284722468707727 0.3753577768802643 0.3753577768802643 1.8600000143051147 2.7115023640891183 -0.04946756518031509 0.022830515365362895 7247 0 False
pedestrian 21.22507889804212 63.177179860840624 -1.1493911158359644 0.3753577768802643 0.3753577768802643 1.8600000143051147 0.04681020978334215 -0.10019282880546455 1.8216134062214722 7253 0 False