15.434335708618164 0.5711235404014587
car -57.634563656494265 72.55174261417122 -1.1778460952154397 4.181210041046143 1.994117259979248 1.3805816173553467 -1.6058159382277593 0.0 0.0 20001 0 False
car -64.05030188889026 95.32088094998642 -0.9914894204372899 4.4777727127075195 2.069315195083618 2.0377910137176514 -0.03502053875380638 0.0 0.0 20011 0 False
car 17.207034054693793 117.38257618147406 -1.6748067965250826 3.633375883102417 1.845113754272461 1.5012825727462769 1.5353157321357727 -18.63448298319868 0.6694181911483063 7259 0 False
car -68.32888100054407 2.3040628084356385 -0.9314681312535189 4.552699089050293 2.097072124481201 1.7671663761138916 -0.03527300621202257 -2.999290176848971e-10 2.966013193035218e-10 7256 3 True
car -0.002542647381289953 -1.5295333444242942e-06 -1.2215855183429565 4.673638820648193 1.8118125200271606 1.441947340965271 0.0 15.434335061758 0.5711235236608979 -100 1333 False
car -22.175556292409283 0.8124615660770136 -1.1845590362339053 4.673638820648193 1.8118125200271606 1.441947340965271 -0.05414308241240845 11.684937230175226 -0.8483289341417497 7255 49 True
car -40.46440783808282 112.44857945773323 -1.5927792430109449 4.673638820648193 1.8118125200271606 1.441947340965271 1.5363651498769124 -7.082408355934033 0.23872858398023789 7258 0 False
truck -115.40413384930088 -0.06361198431518922 0.1788442121042273 8.46804141998291 2.8910882472991943 3.8274123668670654 3.1065912991485596 9.40447235996879 -0.32909818786129497 7261 0 True
car 13.851192773945172 20.01328582509819 -1.2330311709653694 4.855708599090576 2.0327565670013428 1.6493593454360962 1.5300517323714362 -17.676423597865586 0.6487890376312612 7242 84 True
car -20.628470042779497 -3.3431005777813922 -1.0726648537552412 5.237514495849609 1.9297595024108887 1.638383150100708 3.106788372902764 -3.4434745352334138e-09 -5.068454791879889e-09 7243 86 True
motorcycle -74.89202324105736 2.5304156360146273 -1.0507715639721993 2.0333523750305176 0.8025798797607422 1.4992748498916626 -0.03450030335303417 -8.18841304892727e-05 1.9918197503376464e-06 7257 0 False
pedestrian -48.13195170764823 27.86267494600449 -0.9088951655834441 0.3753577768802643 0.3753577768802643 1.8600000143051147 1.564950564766354 -1.5711309704336838 -0.01893154676283877 7251 0 False
pedestrian -41.03473829893227 -6.683873258254746 -0.7841327170083388 0.9953577518463135 0.3753577768802643 1.8600000143051147 2.999643101164076 3.476377639602763 -0.8834984084076789 7249 2 True
pedestrian -38.54424097066283 10.598589022584182 -0.9613166888194034 0.3753577768802643 0.3753577768802643 1.8600000143051147 -2.8622225070936413 1.4528187390115455 0.9816468210845584 7245 1 True
pedestrian -49.751246474144125 0.23786602162502213 -1.663792069047084 0.3753577768802643 0.3753577768802643 1.8600000143051147 -2.082481955944909 0.002136561326197147 0.004313220061190085 7247 0 True
pedestrian -48.075432028640535 36.36111131221892 -0.9425790442408797 0.3753577768802643 0.3753577768802643 1.8600000143051147 1.5421853503651088 -1.8122891652742183 0.022958076816292236 7253 0 False