1.1311205625534058 10.3812255859375
car 63.30986805358903 71.634708580282 -4.3156014771928 4.181210041046143 1.994117259979248 1.3805816173553467 3.125249123669942 0.0 0.0 20001 0 False
car 85.95345706158768 78.4829137172664 -4.322166481714866 4.4777727127075195 2.069315195083618 2.0377910137176514 -1.5871354768561046 0.0 0.0 20011 0 False
car -7.1253311083425865 80.99188474166539 -5.016678859251737 4.552699089050293 2.097072124481201 1.7671663761138916 -1.587387944314321 1.555581217064671e-09 -2.6839646162635303e-09 7256 0 True
car -0.002592919077325284 1.815413185113357e-05 -1.221587455344551 4.673638820648193 1.8118125200271606 1.441947340965271 0.0 1.1311205366114996 10.381226514031374 -100 1364 False
car -8.047680563618256 21.915617956046503 -2.314266168410235 4.673638820648193 1.8118125200271606 1.441947340965271 -1.5887243172904983 -0.1928684073000084 -9.921667336105926 7255 55 True
car 29.73194130068508 -1.0245318196878657 -0.9968994204960211 4.855708599090576 2.0327565670013428 1.6493593454360962 -0.01519625066036648 0.1437534386392312 10.24618763785955 7242 28 True
car -11.879680328319786 33.24645120446763 -2.7784573987025283 5.237514495849609 1.9297595024108887 1.638383150100708 1.5546734348004658 1.1566443762185067e-07 -7.22924261565537e-08 7243 3 True
motorcycle -7.0207795217900575 87.54370632588132 -5.466353456611776 2.0333523750305176 0.8025798797607422 1.4992756843566895 -1.5866152601481587 -9.24009115593717e-09 -3.171653316779612e-08 7257 0 False
pedestrian 20.757030264855963 61.32184567122994 -3.8202051393629333 0.3753577768802643 0.3753577768802643 1.8600000143051147 0.004213649917602539 -0.04308052175825174 1.693177566904065 7251 0 False
pedestrian -15.233005780998905 57.45504500102396 -3.7296492781313866 0.9953577518463135 0.3753577768802643 1.8600000143051147 1.4821321837730408 -0.4131649536460371 -2.5329227612009237 7249 2 True
pedestrian 1.1061312188659542 53.41581773438338 -3.592156970179417 0.3753577768802643 0.3753577768802643 1.8600000143051147 1.8687778400442336 1.0079233027052994 -1.4334634271102942 7245 0 False
pedestrian -8.755501763073932 62.320185864377095 -4.818257137192521 0.3753577768802643 0.3753577768802643 1.8600000143051147 2.648581774373372 -0.03090846296101513 0.014412275804717637 7247 0 True
pedestrian 29.486273217948153 61.4161718801588 -3.8007506687235804 0.3753577768802643 0.3753577768802643 1.8600000143051147 -0.014159749239603678 -0.009358935228029646 1.8198315811670607 7253 0 False