0.26759037375450134 8.544473648071289
car 49.253503346987145 74.7585152727051 -0.8247457099241053 4.181210041046143 1.994117259979248 1.3805816173553467 -3.1088433994221156 0.0 0.0 20001 0 False
car 71.53346904611456 82.70210354987893 -0.4605352931004951 4.4777727127075195 2.069315195083618 2.0377910137176514 -1.5380479999481627 0.0 0.0 20011 0 False
car -21.556477867833273 80.67097261955087 -1.2188220458776957 4.552699089050293 2.097072124481201 1.7671663761138916 -1.538300467406379 4.89269351952425e-10 -2.730214484459236e-10 7256 0 False
car -0.0025933101052046936 -2.8382284142480785e-05 -1.2215853429909593 4.673638820648193 1.8118125200271606 1.441947340965271 0.0 0.26759038364791204 8.544474218464444 -100 1367 False
car -19.23077014159476 11.438738623948268 -1.3227676887320743 4.673638820648193 1.8118125200271606 1.441947340965271 -1.5255844248966375 0.7677666377341709 -12.21863631036268 7255 69 True
car 24.448418914234132 0.6391099491640944 -1.0099729570229172 4.855708599090576 2.0327565670013428 1.6493593454360962 0.03358150087441338 0.0004957832907079611 -0.015524412819378004 7242 50 True
car -23.959602924380427 32.697410503803496 -1.2654380772311313 5.237514495849609 1.9297595024108887 1.638383150100708 1.603760911708408 6.866046230930255e-09 2.7772466828099873e-09 7243 0 False
motorcycle -21.77396159949911 87.23400686083085 -1.3558831581659154 2.0333523750305176 0.8025798797607422 1.4992756843566895 -1.5375277832402168 -5.155795082423517e-08 -1.3506626540978044e-08 7257 0 False
pedestrian 8.94545452449622 62.45009884725846 -0.8969918157282697 0.3753577768802643 0.3753577768802643 1.8600000143051147 0.05572034031634861 -0.13076980020274862 1.6711396459429881 7251 0 False
pedestrian -28.3680119896769 60.306211158785686 -1.072211066545809 0.9953577518463135 0.3753577768802643 1.8600000143051147 1.5557553430794608 -0.31250731742908927 -3.57304798649215 7249 0 False
pedestrian -12.576720997245001 55.14462619285803 -1.096665422153925 0.3753577768802643 0.3753577768802643 1.8600000143051147 1.917867713795132 1.077131152540666 -1.3841083667132028 7245 0 False
pedestrian -22.188946170390423 61.91622298168181 -1.9122972044154962 0.3753577768802643 0.3753577768802643 1.8600000143051147 2.6976668544383577 -0.06012078480188431 0.03014781839745813 7247 0 False
pedestrian 17.79677170867577 62.94102856795223 -0.8551308052886935 0.3753577768802643 0.3753577768802643 1.8600000143051147 0.031012351540883384 -0.05274850107188499 1.8263413304200844 7253 0 False