0.0034441123716533184 -5.616679668426514
car -38.69832283322923 -19.78889062001025 -0.8818574714616225 4.181210041046143 1.994117259979248 1.3805816173553467 -0.0005175849206712511 0.0 0.0 20001 0 True
car -38.29624324983283 -94.06732227767793 -0.9081248256474221 5.357479572296143 2.033203125 1.4147460460662842 -0.0005170522889031304 0.0 0.0 20003 0 True
car -61.23078022553463 -26.98672568269575 -0.5507484511352487 4.4777727127075195 2.069315195083618 2.0377910137176514 1.5702778145532819 0.0 0.0 20011 0 False
car -9.01473248174527 53.46545198628786 -1.1535287994222632 3.633375883102417 1.845113754272461 1.5012825727462769 -3.140914356602139 0.0036313181629154282 -2.037132434963601 7259 0 False
car 31.876425534976228 -48.455679017764396 -1.1389339401191538 4.552699089050293 2.097072124481201 1.7671663761138916 1.5705348993181496 -0.0008946162435940508 5.309514349895332 7256 0 True
car -0.002590893402455663 -1.3565200788434595e-05 -1.2215853563730392 4.673638820648193 1.8118125200271606 1.441947340965271 0.0 0.003444112685315719 -5.616679819673375 -100 1394 False
car -14.910706030298243 -0.20287548352183649 -1.1776089518735848 4.673638820648193 1.8118125200271606 1.441947340965271 0.14066551995976767 1.349942927743125 -5.555169474464916 7255 118 True
car -5.022906476800486 -3.999259338085892 -1.2069744529266666 4.673638820648193 1.8118125200271606 1.441947340965271 -3.141572822625478 0.0026305926636191923 -4.871857773546022 7258 1259 True
truck 35.88534255797289 -26.610412172300812 -0.13780832828238276 8.46804141998291 2.8910882472991943 3.8274123668670654 -1.5706091115129257 -0.0031042088876545105 3.476149936623499 7261 104 True
car 35.875880621128005 -39.50549827286426 -1.2153407812532673 4.611005783081055 2.241713285446167 1.6672759056091309 -1.5709382779456245 -0.0002671851956446703 2.07104791226307 7260 0 False
car 31.876597823973125 -34.59840847186126 -1.2245905653988156 4.855708599090576 2.0327565670013428 1.6493593454360962 1.5706920971613603 -0.0028306515059231176 6.389924654467832 7242 0 True
car 35.875374588615195 24.536472905347694 -1.2294083341458208 5.237514495849609 1.9297595024108887 1.638383150100708 -1.5743636328464083 0.00015663032813145912 -0.004308177218906304 7243 0 False
motorcycle 31.870026511189863 -63.70253567914352 -1.27037154811819 2.0333523750305176 0.8025798797607422 1.4992749691009521 1.5703786411064276 0.00024103933949854158 0.49527571068457427 7257 0 False
pedestrian 16.623158943742798 -8.303497604899178 -0.9353394538807405 0.3753577768802643 0.3753577768802643 1.8600000143051147 -3.134737026513417 0.018777525011232924 -1.3719983369238224 7251 4 True
pedestrian 40.9518676406064 23.708817140972826 -1.0060825852753537 0.9953577518463135 0.3753577768802643 1.8600000143051147 -1.559274441171434 -0.09286751786155434 3.243676608771755 7249 0 False
pedestrian 14.270798701429559 3.301902832584574 -0.9190002188696069 0.3753577768802643 0.3753577768802643 1.8600000143051147 0.2809186497730679 0.5487623551886956 -0.8366125510746734 7245 14 True
pedestrian 38.702217593753886 -11.194997471315673 -0.9995985640000864 0.9953577518463135 0.3753577768802643 1.8600000143051147 -2.2835479184095595 2.223947082345068 1.1539735491473893 7247 3 True
pedestrian 10.009689108657273 -8.423687343093547 -0.9158417254341429 0.3753577768802643 0.3753577768802643 1.8600000143051147 -3.1184084007140265 0.0775888330844267 -1.6611966813071453 7253 15 True