0.006833973806351423 -8.897146224975586
car -41.59985218412692 -19.77546332166429 -0.7699166066872465 4.181210041046143 1.994117259979248 1.3805816173553467 -0.0008538087242974175 0.0 0.0 20001 3 True
car -41.22281909311583 -94.05402529434247 -0.7972859377542554 5.357479572296143 2.033203125 1.4147460460662842 -0.0008532760925292969 0.0 0.0 20003 0 False
car -64.13383509970203 -26.965721073735438 -0.3827520283699981 4.4777727127075195 2.069315195083618 2.0377910137176514 1.5699415907496554 0.0 0.0 20011 0 False
car -12.8404224925821 53.46811285464025 -1.110063394663376 3.633375883102417 1.845113754272461 1.5012825727462769 -3.1412781440997652 0.003970869812644848 -2.6893028364555343 7259 0 False
car 28.965389670479254 -46.15861023080157 -1.202775641353226 4.552699089050293 2.097072124481201 1.7671663761138916 1.5703548867991242 -0.0003728501494712452 6.98496760892991 7256 0 True
car -0.002592998247543221 9.717582486246101e-06 -1.2215853450154441 4.673638820648193 1.8118125200271606 1.441947340965271 0.0 0.006833973436151268 -8.89714631020211 -100 1389 False
car -14.865458777537242 -0.03222772258175155 -1.1408283097301397 4.673638820648193 1.8118125200271606 1.441947340965271 0.04362986549589369 0.6625583492264205 -8.814597754721161 7255 105 True
car -10.078136592836493 -3.996876293885805 -1.167056508614753 4.673638820648193 1.8118125200271606 1.441947340965271 3.141399983616723 0.0036004263431187195 -5.702366105155321 7258 331 True
truck 32.98268570344021 -27.944120338449807 -0.21016621862488272 8.46804141998291 2.8910882472991943 3.8274123668670654 -1.5710180395529005 -0.0015702841641330938 3.328134946434214 7261 133 True
car 32.966161234365316 -40.56628121221729 -1.2891075946455535 4.611005783081055 2.241713285446167 1.6672759056091309 -1.5712641154297722 -0.0007909680190977447 3.157570614231105 7260 0 True
car 28.96977354986627 -31.497781621128638 -1.2894912427495449 4.855708599090576 2.0327565670013428 1.6493593454360962 1.5706751248227615 -0.003572660131866757 9.016228544084496 7242 0 True
car 32.987612384402524 24.526589310981763 -1.30284139156169 5.237514495849609 1.9297595024108887 1.638383150100708 -1.5746990577023823 8.953302367734468e-06 -0.00020479494207519943 7243 0 False
motorcycle 28.953689363098427 -62.29544802652822 -1.3319641617966973 2.0333523750305176 0.8025798797607422 1.4992749691009521 1.5699796739940952 0.006204718994026235 5.781328465104919 7257 0 False
pedestrian 13.17501240530715 -8.312296272563287 -0.9580456812004086 0.3753577768802643 0.3753577768802643 1.8600000143051147 -3.1349162571033897 0.019338145456853046 -1.3758292752441579 7251 6 True
pedestrian 38.077004874770935 22.372385556125494 -1.092335837673957 0.9953577518463135 0.3753577768802643 1.8600000143051147 -1.5621715585161844 -0.06822767965480697 3.34094199864868 7249 0 False
pedestrian 12.066286560947209 3.422721880428128 -0.942576836042329 0.3753577768802643 0.3753577768802643 1.8600000143051147 0.14599476711569892 0.5985038668029752 -1.6483862882848692 7245 18 True
pedestrian 34.37275043925627 -11.226616207415077 -1.1764452386824424 0.9953577518463135 0.3753577768802643 1.8600000143051147 3.096472760291629 0.07884293294344119 -3.6927018264738076 7247 2 True
pedestrian 6.445708956026543 -8.442034662930837 -0.9214623191955349 0.3753577768802643 0.3753577768802643 1.8600000143051147 -3.1183547380633883 0.07852489054218473 -1.6640543190097512 7253 30 True