0.008428147993981838 -8.643287658691406
car -57.7598138108081 -19.774168200021847 -0.874263865273575 4.181210041046143 1.994117259979248 1.3805816173553467 -0.0008158587108188206 0.0 0.0 20001 4 True
car -57.37986598865764 -94.05271406883196 -0.8985597358397475 5.357479572296143 2.033203125 1.4147460460662842 -0.0008153260790506998 0.0 0.0 20003 0 False
car -80.29468991638632 -26.96527530143925 -0.5621920252589627 4.4777727127075195 2.069315195083618 2.0377910137176514 1.5699795407631343 0.0 0.0 20011 0 False
car -36.61965329940256 53.4687244410095 -1.1046889531065354 3.633375883102417 1.845113754272461 1.5012825727462769 -3.1413323393821715 0.009431564601324901 -6.991945589618292 7259 0 False
car 12.811527560462476 -32.698426818520375 -1.0725005805665506 4.552699089050293 2.097072124481201 1.7671663761138916 1.5706381064597472 -0.0033955058496995924 8.163453863064271 7256 24 True
car -0.0025947560320744856 -4.149911967488151e-05 -1.2215851578073371 4.673638820648193 1.8118125200271606 1.441947340965271 0.0 0.008428147331323793 -8.643287201438028 -100 1346 False
car -16.096253212935615 0.010485303816778924 -1.1878885506456998 4.673638820648193 1.8118125200271606 1.441947340965271 -0.0017209332427978515 -0.025643846225123636 -9.479543809285802 7255 88 True
car -36.84902586119836 -3.991495859097654 -1.1441463659288753 4.673638820648193 1.8118125200271606 1.441947340965271 -3.141478546802521 0.00830554000422081 -8.493734300446453 7258 18 True
truck 16.818657313675494 -35.64169014485435 -0.0655385172535472 8.46804141998291 2.8910882472991943 3.8274123668670654 -1.5707856789440577 -0.0018992637591981598 5.280146804384605 7261 109 True
car 16.804196179488244 -50.12117615699549 -1.1434271743920341 4.611005783081055 2.241713285446167 1.6672759056091309 -1.571321506502787 0.0030643313104423593 8.021424528909353 7260 3 True
car 12.831818710650083 -10.069684082712058 -1.1173508196535487 4.855708599090576 2.0327565670013428 1.6493593454360962 1.576124291368529 0.18640372748924094 10.962138569887923 7242 206 True
car 16.82724784170871 24.420361773302034 -1.1590675324136972 5.237514495849609 1.9297595024108887 1.638383150100708 -1.574477349728902 0.002221450618257591 0.8071216601948787 7243 49 True
motorcycle 12.805086672980675 -49.84537274197669 -1.2016839634656604 2.0333523750305176 0.8025798797607422 1.499274730682373 1.5701434333850786 0.004031322884767593 8.371803245014844 7257 0 False
pedestrian -5.560162656677203 -8.549804587533117 -0.8743133727918415 0.3753577768802643 0.3753577768802643 1.8600000143051147 -3.0947957691697012 0.28918564873096303 -1.6660307529320253 7251 24 True
pedestrian 21.922165434379373 17.042504160168107 -0.9314454925687925 0.9953577518463135 0.3753577768802643 1.8600000143051147 -1.570291662979126 -0.016653416641179856 3.1343667026184883 7249 6 True
pedestrian -1.7528149143111769 3.95003235287885 -0.873160485677835 0.3753577768802643 0.3753577768802643 1.8600000143051147 0.3430698528997633 1.0140308104312725 -1.213112605953972 7245 133 True
pedestrian 13.98039992633501 -10.438871895969612 -1.0466764317140749 0.3753577768802643 0.3753577768802643 1.8600000143051147 2.360897769039578 -0.003478407948219082 0.7694172060117976 7247 0 True
pedestrian -12.751524203004784 -8.642984839389896 -0.8592364572720008 0.3753577768802643 0.3753577768802643 1.8600000143051147 -3.0488018175710043 0.29422993181994467 -1.9055444605240668 7253 14 True