8.419533729553223 -3.771522045135498
car -53.28507372673931 50.098730379867874 -1.795462078212239 4.181210041046143 1.994117259979248 1.3805816173553467 -1.0994549337797166 0.0 0.0 20001 0 True
car -69.9380355872872 66.90078092282317 -1.8012591110576892 4.4777727127075195 2.069315195083618 2.0377910137176514 0.4713404656942366 0.0 0.0 20011 0 False
car 14.85424697661034 77.68348671149278 -2.6524262226908704 3.633375883102417 1.845113754272461 1.5012825727462769 2.0433353519097435 -10.221576902779992 -5.239742262652868 7259 0 False
car -28.56737370336839 -16.511674936356798 -0.6748583789272269 4.552699089050293 2.097072124481201 1.7671663761138916 0.4710879982360204 -3.459099224501678e-05 -1.724960603708866e-05 7256 27 True
car -0.0025685163980142534 1.1576833202298076e-05 -1.2215854187565145 4.673638820648193 1.8118125200271606 1.441947340965271 0.0 8.419533519641481 -3.7715219072944532 -100 1389 False
car -10.524275752401593 9.855976280944674 -1.3804984411599186 4.673638820648193 1.8118125200271606 1.441947340965271 -1.0995924859338337 -6.705585440125729 -3.411250041759137 7255 167 True
car -38.45288481119434 55.7523678626894 -2.161195995114497 4.673638820648193 1.8118125200271606 1.441947340965271 2.0426839432573316 -13.439400817828641 -6.867097815316957 7258 9 True
truck -42.45774801052113 -28.076352306893 0.5872531437321058 8.46804141998291 2.8910882472991943 3.8274123668670654 -2.6702652469430497 6.396573901816332 3.259806601344519 7261 56 False
car -60.855967431660304 -37.46638476338353 -0.27319263359106527 4.611005783081055 2.241713285446167 1.6672759056091309 -2.670155524798817 10.749463321597691 5.47893990037833 7260 2 False
car 7.6291335079855 1.9507470788959722 -1.1872328677749149 4.855708599090576 2.0327565670013428 1.6493593454360962 0.4721888075306718 15.87550037588581 8.12583065337372 7242 826 True
car 15.882434556722956 1.6768419990818586 -1.1943255922054279 5.237514495849609 1.9297595024108887 1.638383150100708 -2.6700298237015403 -0.004934108839798476 -0.0025326255349547465 7243 118 True
motorcycle -40.93442081344557 -22.823622803682184 -0.6578636699792737 2.0333523750305176 0.8025798797607422 1.499274730682373 0.4718890557393825 2.616954134642408 1.3366466091612041 7257 0 True
pedestrian -20.765384121832312 10.892335213364078 -1.0394245525305195 0.3753577768802643 0.3753577768802643 1.8600000143051147 2.1014023346384896 -1.3622018842262142 -1.0127872105951194 7251 2 True
pedestrian 11.18110411252593 -6.373867153228986 -0.7958521637517695 0.9953577518463135 0.3753577768802643 1.8600000143051147 -2.6827394829524356 3.0086294393214783 1.4553200420887342 7249 15 True
pedestrian -5.817799607258564 9.253915036969374 -1.0355098449909441 0.3753577768802643 0.3753577768802643 1.8600000143051147 -1.0156943271885979 -0.5000504388746301 -0.3274935142348826 7245 35 True
pedestrian -11.322179914529102 -9.55324877602294 -1.5514996858319012 0.3753577768802643 0.3753577768802643 1.8600000143051147 1.5654719113988875 0.00034198211225009264 0.05851920949649391 7247 14 True
pedestrian -24.346546895876827 17.569391540284897 -1.1541915983732842 0.3753577768802643 0.3753577768802643 1.8600000143051147 2.0850402861956487 -1.5163654562923161 -0.8914428990400267 7253 3 True