13.573817253112793 -0.011281194165349007
car -50.0430884482966 70.50045335186431 -1.0448963338782367 4.181210041046143 1.994117259979248 1.3805816173553467 -1.5700433234822582 0.0 0.0 20001 0 False
car -57.26970730970112 93.02468406140751 -0.7897368141939647 4.4777727127075195 2.069315195083618 2.0377910137176514 0.0007520759916948344 0.0 0.0 20011 0 False
car 23.151827264157248 105.31347695564638 -1.182935129703488 3.633375883102417 1.845113754272461 1.5012825727462769 1.5709587842036785 -17.498192257894914 0.005927812685125184 7259 0 False
car -58.21802684142932 -0.08519859330420854 -1.0878473032591602 4.552699089050293 2.097072124481201 1.7671663761138916 0.0004996085334786524 -1.2463826306700454e-09 -2.7124743322986037e-09 7256 4 True
car -0.0025713076954616554 8.361019032676609e-08 -1.2215851461601321 4.673638820648193 1.8118125200271606 1.441947340965271 0.0 13.573817304565225 -0.011281194408494623 -100 1346 False
car -18.84154694101386 0.38570052896487406 -1.23502677199772 4.673638820648193 1.8118125200271606 1.441947340965271 -0.10820582487774867 6.472616290403078 -1.3241300383815389 7255 62 True
car -34.30337721959734 105.478288187156 -1.266476725209401 4.673638820648193 1.8118125200271606 1.441947340965271 1.5720963525024423 -8.654219384157312 -0.016404064845195 7258 0 False
truck -98.71893264042353 -4.134058525012375 -0.10075745128824432 8.46804141998291 2.8910882472991943 3.8274123668670654 -3.1407782692504025 9.040712552250016 0.00792124457810281 7261 0 True
car 23.449454412979833 9.436654921937793 -1.128303585163938 4.855708599090576 2.0327565670013428 1.6493593454360962 1.5678645931047235 -13.283965095376924 1.926783523546756 7242 93 True
car -10.34592184452498 -4.02214176992606 -1.129581530750168 5.237514495849609 1.9297595024108887 1.638383150100708 -3.1406190123517344 -1.8779302857738354e-08 -3.747207289248664e-08 7243 369 True
motorcycle -64.79165703918892 -0.09329725939912814 -1.2249908488291377 2.0333523750305176 0.8025798797607422 1.4992743730545044 0.001342863060462599 -0.0018742881517263147 -4.452997580032232e-05 7257 0 False
pedestrian -38.92276558673706 25.08916729135962 -0.9185714035008148 0.3753577768802643 0.3753577768802643 1.8600000143051147 1.593457283247037 -1.5422545785743063 -0.0662152606310123 7251 0 False
pedestrian -28.123644906601385 -8.357752908394684 -0.903266383675708 0.9953577518463135 0.3753577768802643 1.8600000143051147 3.0356071970302163 3.5063534202004236 -0.753662000222016 7249 4 True
pedestrian -27.582147968193908 9.649758813133484 -0.8980419610683439 0.3753577768802643 0.3753577768802643 1.8600000143051147 -2.785827665288882 1.1684551696879852 1.3077408297636846 7245 3 True
pedestrian -39.59952235858714 -1.5271767222815735 -1.780961005863296 0.3753577768802643 0.3753577768802643 1.8600000143051147 -2.0467082759358717 0.009512032981587848 0.020835994307421744 7247 0 True
pedestrian -39.178489770893236 33.40716244729036 -0.9203513580537825 0.3753577768802643 0.3753577768802643 1.8600000143051147 1.5781132272710172 -1.8054467978177673 -0.042901532139772464 7253 0 False