5.671907424926758 -0.9503793120384216
car -40.532582048924326 63.687369289726405 -1.6827034671591008 4.181210041046143 1.994117259979248 1.3805816173553467 -1.3918516317083571 0.0 0.0 20001 0 True
car -51.63822117811827 84.57498250064302 -1.631985763712322 4.4777727127075195 2.069315195083618 2.0377910137176514 0.178943767765596 0.0 0.0 20011 0 False
car 31.58061146825895 76.4484880946886 -1.5920018881425264 3.633375883102417 1.845113754272461 1.5012825727462769 1.750763018655565 -12.542019745373787 -2.296250659359299 7259 0 False
car -36.06658402868021 -7.22783610541196 -1.1777648856295286 4.552699089050293 2.097072124481201 1.7671663761138916 0.1786913003073798 -2.961910621588499e-07 -4.079539970258458e-08 7256 26 True
car -0.0026138369226487157 -2.6410316564806635e-06 -1.2215853318776286 4.673638820648193 1.8118125200271606 1.441947340965271 0.0 5.671908128257462 -0.9503795302763058 -100 1369 False
car -10.525385361070278 9.173112739300578 -1.3449781431049601 4.673638820648193 1.8118125200271606 1.441947340965271 -1.3913315167867872 -7.361526284463062 -1.3393589749183545 7255 212 True
car -26.10645137700834 72.59941017200947 -1.9013825105849023 4.673638820648193 1.8118125200271606 1.441947340965271 1.7502350474154154 -15.792945720106035 -2.8730555270959295 7258 0 True
truck -56.334950605397864 -14.966388346193547 -0.20857705773443236 8.46804141998291 2.8910882472991943 3.8274123668670654 -2.962315734222412 7.422848950667852 1.3491110107244895 7261 28 False
car -79.24317368449948 -19.117551536129753 -1.3729062070857143 4.611005783081055 2.241713285446167 1.6672759056091309 -2.962408944781833 12.92068033111172 2.3434762240550295 7260 0 True
car 12.290074178411487 1.5453701818520358 -1.0775168973906215 4.855708599090576 2.0327565670013428 1.6493593454360962 0.1795927698221451 16.36622431048318 2.982419497903901 7242 239 True
car 11.744961543189902 -2.6159719442647145 -1.0435108226356506 5.237514495849609 1.9297595024108887 1.638383150100708 -2.962427586893717 -0.0005530143930972856 -0.00010060382683446483 7243 314 True
motorcycle -48.185464362677465 -9.42793720200082 -1.354104484400568 2.0333523750305176 0.8025798797607422 1.4992749691009521 0.1795678691569484 2.205933262089959 0.4019910682788469 7257 0 False
pedestrian -20.84469454755896 17.5120335358786 -1.12506820860348 0.3753577768802643 0.3753577768802643 1.8600000143051147 1.7662998873316444 -1.484565619600293 -0.3235150607363701 7251 0 True
pedestrian 3.2070764761242003 -9.207395183906208 -0.7996687315961459 0.9953577518463135 0.3753577768802643 1.8600000143051147 -2.9996529548517863 3.5770289975203124 0.2673550317482151 7249 27 True
pedestrian -6.663479044055578 10.12414294963078 -0.9872696367013774 0.3753577768802643 0.3753577768802643 1.8600000143051147 -1.3574627942314146 -1.5539146316846557 -0.4605764370390628 7245 13 True
pedestrian -17.52913335652596 -5.49657259969139 -1.8022444183204422 0.3753577768802643 0.3753577768802643 1.8600000143051147 1.2730808061038124 0.016651646467278715 0.055462660422035154 7247 10 True
pedestrian -22.4132328308674 25.065485308831185 -1.1898616117715193 0.3753577768802643 0.3753577768802643 1.8600000143051147 1.808405493865119 -1.7166941372437692 -0.5235296818914735 7253 2 True