3.859567880630493 -0.47126513719558716
car -39.3522775477864 64.91638960637854 -1.515972568883079 4.181210041046143 1.994117259979248 1.3805816173553467 -1.4230069449447524 0.0 0.0 20001 0 True
car -49.80221752794807 86.13940889237932 -1.4055035478395297 4.4777727127075195 2.069315195083618 2.0377910137176514 0.14778845452920047 0.0 0.0 20011 0 False
car 32.73793300878475 77.99491983011856 -1.2728289138792164 3.633375883102417 1.845113754272461 1.5012825727462769 1.719539661710792 -13.061318403655852 -1.9711236083332238 7259 0 False
car -37.0974462675843 -6.104867590002314 -1.2681255758541106 4.552699089050293 2.097072124481201 1.7671663761138916 0.1475359870709843 -1.3957961492845143e-07 5.865254599791208e-09 7256 22 True
car -0.00263240957627886 -1.8369042962262938e-06 -1.2215851670493514 4.673638820648193 1.8118125200271606 1.441947340965271 0.0 3.8595678363333055 -0.4712650187137271 -100 1370 False
car -10.796562705483439 7.905734188564743 -1.3242721341636674 4.673638820648193 1.8118125200271606 1.441947340965271 -1.4062506158355608 -8.48017133726934 -1.6204053796318656 7255 238 True
car -25.126766945943416 76.53196936175627 -1.6937017006011033 4.673638820648193 1.8118125200271606 1.441947340965271 1.7190637552259764 -15.67623120237454 -2.34970634491983 7258 0 True
truck -59.10656126414045 -13.437015988285587 -0.36996427419878186 8.46804141998291 2.8910882472991943 3.8274123668670654 -2.9934105937531257 7.606650585412006 1.1385436745828845 7261 32 False
car -83.26399515381797 -17.03723706989451 -1.5939635156190217 4.611005783081055 2.241713285446167 1.6672759056091309 -2.9935677201247213 13.375991233216551 1.9979253258995504 7260 0 True
car 14.864142397410205 1.6594753552407298 -1.0377380275508372 4.855708599090576 2.0327565670013428 1.6493593454360962 0.14840349883982787 17.13175448334029 2.572891408582257 7242 161 True
car 10.834267159362753 -2.9847801559927802 -1.0386721821950644 5.237514495849609 1.9297595024108887 1.638383150100708 -2.993582633814229 -0.00011084153977928578 -1.6674104813376487e-05 7243 395 True
motorcycle -48.81842763275091 -7.856987792418828 -1.468815996057971 2.0333523750305176 0.8025798797607422 1.499274730682373 0.14841268478727215 3.087694646811924 0.46363630473035117 7257 0 False
pedestrian -21.162307201884516 18.4489089417675 -1.099894412107421 0.3753577768802643 0.3753577768802643 1.8600000143051147 1.73460155600765 -1.4968145460598623 -0.2727871653268112 7251 0 True
pedestrian 1.3862033118777504 -9.397512368258681 -0.8376930017762061 0.9953577518463135 0.3753577768802643 1.8600000143051147 -3.017094597954379 3.551336362856373 0.32329861005140637 7249 24 False
pedestrian -7.132669588390911 10.073618532783435 -0.9637437282376577 0.3753577768802643 0.3753577768802643 1.8600000143051147 -1.4193811873412132 -1.3138301598413558 -0.25108244374488425 7245 12 True
pedestrian -18.509737151965226 -4.937189429489216 -1.855932232246393 0.3753577768802643 0.3753577768802643 1.8600000143051147 -1.899695732669989 0.01768099093662979 0.0537154757855335 7247 4 True
pedestrian -22.51866251423695 26.0991778171431 -1.1394509185504624 0.3753577768802643 0.3753577768802643 1.8600000143051147 1.7767589609805743 -1.7340551225293432 -0.4692888830796098 7253 4 True