4.472232341766357 -0.5196256637573242
car -39.18042101572661 65.26292230166428 -1.2668532775802817 4.181210041046143 1.994117259979248 1.3805816173553467 -1.4321016656748982 0.0 0.0 20001 0 False
car -49.435973684199496 86.58006558935011 -1.0849746396977267 4.4777727127075195 2.069315195083618 2.0377910137176514 0.1386937337990547 0.0 0.0 20011 0 False
car 32.840863219782136 79.00441843055083 -1.3226178448792396 3.633375883102417 1.845113754272461 1.5012825727462769 1.7104116514951389 -13.300511169015616 -1.8824721970651646 7259 0 False
car -37.57177168211996 -5.776186604219859 -1.11682115610499 4.552699089050293 2.097072124481201 1.7671663761138916 0.13844126634083853 -3.01941828223507e-08 2.8619021492012388e-08 7256 11 True
car -0.0025612379818085174 1.4341082632540747e-06 -1.2215851931032145 4.673638820648193 1.8118125200271606 1.441947340965271 0.0 4.472231664685005 -0.5196256362002007 -100 1356 False
car -10.982098189484361 7.119518888593269 -1.2662529931761242 4.673638820648193 1.8118125200271606 1.441947340965271 -1.3927305906389553 -8.763425190823012 -2.114068657469704 7255 259 True
car -25.069302501285165 78.3093071069475 -1.4964175977862695 4.673638820648193 1.8118125200271606 1.441947340965271 1.7101053882284694 -15.508883425239478 -2.185308360415917 7258 0 True
truck -60.40911127507553 -13.015971947417121 -0.1342743833254163 8.46804141998291 2.8910882472991943 3.8274123668670654 -3.0025769534560838 7.710166442074608 1.0796566950069828 7261 33 False
car -85.1868901522094 -16.47602896841139 -1.2595483164757342 4.611005783081055 2.241713285446167 1.6672759056091309 -3.0026645713819398 13.555651419946 1.89861594771912 7260 0 True
car 16.192833936339184 1.7574798947229766 -1.0981298806008013 4.855708599090576 2.0327565670013428 1.6493593454360962 0.13929300045399617 17.46311585053959 2.4594890035701034 7242 135 True
car 10.386921832622818 -3.093010505656544 -1.0903135075898782 5.237514495849609 1.9297595024108887 1.638383150100708 -3.0026773545443746 -0.00010176238525973207 -1.4095293330504158e-05 7243 428 True
motorcycle -48.94874359597384 -7.370718948908603 -1.2676687167960918 2.0333523750305176 0.8025798797607422 1.4992749691009521 0.13931841502562536 3.94744347367416 0.555944576599719 7257 0 False
pedestrian -21.43646863687337 18.781768485650844 -0.9873673547174135 0.3753577768802643 0.3753577768802643 1.8600000143051147 1.725385395234373 -1.500355131980127 -0.2591171872948464 7251 1 True
pedestrian 0.5253535738181085 -9.460092733044547 -0.8572344932249347 0.9953577518463135 0.3753577768802643 1.8600000143051147 -3.028133690954049 3.5627558812640165 0.31041044625296466 7249 36 False
pedestrian -7.448876811776074 10.023004004348394 -0.9213511415213169 0.3753577768802643 0.3753577768802643 1.8600000143051147 -1.4449845634083747 -1.1611196500224659 -0.172063141086747 7245 14 True
pedestrian -18.974732068964215 -4.770953026348948 -1.7833755562793185 0.3753577768802643 0.3753577768802643 1.8600000143051147 -1.9087668844443957 0.018234661148423866 0.052197258419101666 7247 6 True
pedestrian -22.73480273415555 26.46994037922107 -1.0116812655910508 0.3753577768802643 0.3753577768802643 1.8600000143051147 1.7673479901381068 -1.739289824522453 -0.4530875545931943 7253 2 True