0.003722905181348324 -7.3404388427734375
car -55.38622787908993 -19.79412094244401 -1.1499474267535614 4.181210041046143 1.994117259979248 1.3805816173553467 -0.0004632564803229438 0.0 0.0 20001 2 True
car -54.97996376184183 -94.0725285914501 -1.1740542879910203 5.357479572296143 2.033203125 1.4147460460662842 -0.00046272384855482315 0.0 0.0 20003 0 False
car -77.91982256296271 -26.993181959042715 -0.948143686882765 4.4777727127075195 2.069315195083618 2.0377910137176514 1.57033214299363 0.0 0.0 20011 0 False
car -32.317325228576834 53.45761732792698 -1.2700520994462416 3.633375883102417 1.845113754272461 1.5012825727462769 -3.1410753445540536 0.009002902654111106 -5.9598916806932944 7259 0 False
car 15.189951652706187 -35.25519462717244 -1.0029356718932392 4.552699089050293 2.097072124481201 1.7671663761138916 1.5709066106073317 -0.004356736385157303 7.945794877335844 7256 9 True
car -0.002593395651686592 6.646717736202845e-06 -1.2215852594427385 4.673638820648193 1.8118125200271606 1.441947340965271 0.0 0.003722905249305896 -7.340438650698516 -100 1330 False
car -16.505153357902948 0.009836997548802628 -1.267457614846212 4.673638820648193 1.8118125200271606 1.441947340965271 -0.001856221711900499 -0.02935822191323202 -8.527070354041582 7255 79 True
car -32.12363172079675 -4.003140215436929 -1.3107051131273852 4.673638820648193 1.8118125200271606 1.441947340965271 -3.1415532484079995 0.0030327347300470446 -6.929948640523753 7258 21 True
truck 19.193289078767737 -34.090684478110006 0.023186779017769776 8.46804141998291 2.8910882472991943 3.8274123668670654 -1.5707183010253907 -0.0034176898141886364 5.026180908373662 7261 111 True
car 19.18956936561741 -47.81413695859089 -1.0555893290004987 4.611005783081055 2.241713285446167 1.6672759056091309 -1.5708250936948989 -0.0015042143997802885 7.206524085634054 7260 3 True
car 15.188615048099058 -13.738926385279171 -1.0852485041125568 4.855708599090576 2.0327565670013428 1.6493593454360962 1.5708667036987554 -0.007830998030503997 13.394991997761707 7242 157 True
car 19.185779381820268 24.5341991145944 -1.0693840792699925 5.237514495849609 1.9297595024108887 1.638383150100708 -1.5743029128248425 -8.843360037837718e-05 -0.01920870257362538 7243 40 True
motorcycle 15.189303396224098 -52.28531714926345 -1.1328509914454459 2.0333523750305176 0.8025798797607422 1.499274730682373 1.5704953294005954 0.001227764058032102 7.7254119431595045 7257 0 False
pedestrian -2.7058190853783763 -8.512236566250408 -0.893349235766792 0.3753577768802643 0.3753577768802643 1.8600000143051147 -2.99463889254464 0.46941735531376444 -1.5333392985463201 7251 15 True
pedestrian 24.278162762137626 17.991051201949745 -0.8169993415117032 0.9953577518463135 0.3753577768802643 1.8600000143051147 -1.575178559451633 0.004457508721700037 3.021884375137718 7249 6 True
pedestrian 0.17437050859945202 3.7897519405264575 -0.8758868992298854 0.3753577768802643 0.3753577768802643 1.8600000143051147 0.3473627317928738 0.9304360435014232 -1.1746323908562406 7245 104 True
pedestrian 15.975660649908782 -10.686248721969946 -0.9443933718013262 0.9953577518463135 0.3753577768802643 1.8600000143051147 3.0762941389143204 -0.2847518235422574 -2.1277358060245786 7247 12 True
pedestrian -9.825193397578033 -8.601791221878614 -0.9132101047350462 0.3753577768802643 0.3753577768802643 1.8600000143051147 -3.1116718072687783 0.11154234762892798 -1.742267183932432 7253 21 True