0.007408944424241781 -11.554280281066895
car -46.724991583946235 -19.782129005321735 -0.8122626993316875 4.181210041046143 1.994117259979248 1.3805816173553467 -0.0007014760386149088 0.0 0.0 20001 2 True
car -46.33660128215655 -94.06063244850657 -0.8398869669592108 5.357479572296143 2.033203125 1.4147460460662842 -0.0007009434068467881 0.0 0.0 20003 0 False
car -69.25843445798655 -26.97582379082553 -0.458992667109688 4.4777727127075195 2.069315195083618 2.0377910137176514 1.5700939234353382 0.0 0.0 20011 0 False
car -19.542470466576162 53.465003486097714 -1.1023429349795293 3.633375883102417 1.845113754272461 1.5012825727462769 -3.141097848246256 0.006018270364482721 -3.576671216932267 7259 0 False
car 23.845678494686595 -41.98908485825757 -1.1402225518936628 4.552699089050293 2.097072124481201 1.7671663761138916 1.5706080688758368 -0.002972495316009143 8.797237947246416 7256 0 True
car -0.0025936812620486194 7.924747137622035e-06 -1.2215852405828254 4.673638820648193 1.8118125200271606 1.441947340965271 0.0 0.007408944713390412 -11.554280417129709 -100 1336 False
car -15.720246334671394 0.017311337588182596 -1.1601200878099642 4.673638820648193 1.8118125200271606 1.441947340965271 0.006627537090725369 0.08003763068013334 -7.807467627256263 7255 106 True
car -18.650818933937835 -3.998280426184124 -1.148589791334866 4.673638820648193 1.8118125200271606 1.441947340965271 3.1379373444921703 -0.020071424367890073 -6.379684319375982 7258 83 True
truck 27.857765629783852 -29.72123030806199 -0.14221738594892264 8.46804141998291 2.8910882472991943 3.8274123668670654 -1.5708888763491313 -0.0021562511238735265 4.078041645745539 7261 105 True
car 27.844318618616747 -42.536801537028566 -1.2199784271560197 4.611005783081055 2.241713285446167 1.6672759056091309 -1.571082221680959 -0.0020620041726547578 4.705779627202967 7260 0 True
car 23.84804425625854 -26.21997817769028 -1.2257098074496824 4.855708599090576 2.0327565670013428 1.6493593454360962 1.5706024178556348 -0.0034076369231081454 11.973909794848797 7242 13 True
car 27.856435429785257 24.531413618158865 -1.2327599441043433 5.237514495849609 1.9297595024108887 1.638383150100708 -1.5745467250167 2.807486856195842e-07 -3.159639241093506e-05 7243 0 False
motorcycle 23.83798303383175 -58.45011206678379 -1.269814498846464 2.0333523750305176 0.8025798797607422 1.499274730682373 1.5702934490380456 0.0015690525138982179 9.15357986912089 7257 0 False
pedestrian 7.343959611040873 -8.325565305351802 -0.9152973413112373 0.3753577768802643 0.3753577768802643 1.8600000143051147 -3.1124971201934812 0.0728155436006752 -1.4278805754784403 7251 11 True
pedestrian 32.9462636053908 20.74236198474921 -1.014665711419998 0.9953577518463135 0.3753577768802643 1.8600000143051147 -1.5750623125682406 0.008331213748262768 3.2539003073891726 7249 4 True
pedestrian 7.732819904171485 3.4725971957327033 -0.9072629872824698 0.3753577768802643 0.3753577768802643 1.8600000143051147 0.09882875931125218 0.24114546455168068 -1.4186022517900783 7245 47 True
pedestrian 27.404507225943426 -11.09447019501539 -1.0974400123858168 0.9953577518463135 0.3753577768802643 1.8600000143051147 3.071081005483839 -0.510540464427233 -3.6580667152335975 7247 6 True
pedestrian 0.4220759143402013 -8.513232001855101 -0.8880561225163655 0.3753577768802643 0.3753577768802643 1.8600000143051147 -3.0520791008402504 0.30534563302146756 -1.802822245591769 7253 42 True