5.545774459838867 -0.48570606112480164
car -38.52966358532177 66.54538567326017 -1.046873991996236 4.181210041046143 1.994117259979248 1.3805816173553467 -1.4660037526171208 0.0 0.0 20001 0 True
car -48.055822233538436 88.19770486593839 -0.8029936335510719 4.4777727127075195 2.069315195083618 2.0377910137176514 0.10479164685683233 0.0 0.0 20011 0 False
car 33.47870489897588 81.94614134143049 -1.3559148902522438 3.633375883102417 1.845113754272461 1.5012825727462769 1.676711032519208 -14.006373432864871 -1.5047786286112914 7259 0 False
car -39.33004168753081 -4.50756136117969 -0.9844261267520089 4.552699089050293 2.097072124481201 1.7671663761138916 0.10453917939861615 -1.9105640930817145e-08 1.2626494329946677e-08 7256 13 True
car -0.0025624251163662848 2.572391025523757e-06 -1.2215854228390777 4.673638820648193 1.8118125200271606 1.441947340965271 0.0 5.545774333550008 -0.48570612275436553 -100 1396 False
car -11.659903344078543 5.055615298582403 -1.2137260173678355 4.673638820648193 1.8118125200271606 1.441947340965271 -1.2443201470402876 -6.328355606477012 -4.285580789341169 7255 280 True
car -24.46162554832614 83.61130382599157 -1.3195701037523193 4.673638820648193 1.8118125200271606 1.441947340965271 1.6761509702150292 -14.42519545023916 -1.534271876191882 7258 0 True
truck -64.75075542339448 -11.218578446585063 0.07694648905925972 8.46804141998291 2.8910882472991943 3.8274123668670654 -3.0365408256834083 7.939923715715495 0.839389757903917 7261 31 True
car -91.39084364679371 -14.02008118647883 -0.9581503446875088 4.611005783081055 2.241713285446167 1.6672759056091309 -3.036570386746539 13.662281224013762 1.4432061848981175 7260 0 True
car 19.823659226479037 1.7453247070780051 -1.15960772756971 4.855708599090576 2.0327565670013428 1.6493593454360962 0.1053540392948327 16.635841651711527 1.7685752175794025 7242 71 True
car 8.691837826249866 -3.4518278667670046 -1.1301285116884487 5.237514495849609 1.9297595024108887 1.638383150100708 -3.0365794414865968 -9.88542379310673e-06 -1.2269828455866942e-06 7243 586 True
motorcycle -50.02923350268742 -5.638499831915084 -1.0979647793367326 2.0333523750305176 0.8025798797607422 1.4992748498916626 0.10541589922120297 2.5915649913776666 0.27583420060617375 7257 0 False
pedestrian -22.425971693615452 19.943497429876636 -0.8863453644245514 0.3753577768802643 0.3753577768802643 1.8600000143051147 1.6912505482094817 -1.511619699143468 -0.20736097078960278 7251 3 True
pedestrian -2.446068890839399 -9.558592837928053 -0.8667097126228049 0.9953577518463135 0.3753577768802643 1.8600000143051147 -3.0712740095984405 3.5636294881335484 0.14256390962851076 7249 45 True
pedestrian -8.696806354181831 10.18322293387542 -0.8807563863578061 0.3753577768802643 0.3753577768802643 1.8600000143051147 -1.541896455887503 0.0 0.0 7245 16 True
pedestrian -20.705080430516432 -4.114459282627067 -1.7178367694700771 0.3753577768802643 0.3753577768802643 1.8600000143051147 -1.9426689713866179 0.018962432703067755 0.04851527837840447 7247 5 True
pedestrian -23.495006064704512 27.7498134640652 -0.8971499714852165 0.3753577768802643 0.3753577768802643 1.8600000143051147 1.7323988822977012 -1.7570123092510013 -0.39092048703439614 7253 0 True