5.871077060699463 -4.96678352355957
car -64.03283062645195 31.104503046577236 -1.67613632838232 4.181210041046143 1.994117259979248 1.3805816173553467 -0.774264630519655 0.0 0.0 20001 1 True
car -115.65242726911653 -22.299011904531284 -0.711928969035398 5.357479572296143 2.033203125 1.4147460460662842 -0.7742640978878869 0.0 0.0 20003 0 False
car -85.18112589528656 41.70537801902071 -1.6420021583553108 4.4777727127075195 2.069315195083618 2.0377910137176514 0.796530768954298 0.0 0.0 20011 0 False
car -5.9056113549759175 76.69697995388032 -2.6899660203682316 3.633375883102417 1.845113754272461 1.5012825727462769 2.3686437662643853 -7.3673360015854765 -7.572321414543064 7259 0 False
car -19.32645926989187 -24.11643715040364 -0.5974083330542621 4.552699089050293 2.097072124481201 1.7671663761138916 0.7962783015285911 -0.0004511913976734779 -0.0004555699595411895 7256 30 True
car -0.0026061386067794956 -9.485657528784941e-06 -1.2215850044252488 4.673638820648193 1.8118125200271606 1.441947340965271 0.0 5.87107728261768 -4.966783525817689 -100 1349 False
car -12.252180163993586 8.196146911856061 -1.3973946276590503 4.673638820648193 1.8118125200271606 1.441947340965271 -0.7738892582810719 -5.547129479453038 -5.675625859121312 7255 158 True
car -48.655974195997544 38.1443700771228 -2.023029003916875 4.673638820648193 1.8118125200271606 1.441947340965271 2.3681257818698884 -9.794401602685728 -10.043170660563774 7258 2 False
truck -27.318222382729232 -38.0045434054895 0.6816487316742257 8.46804141998291 2.8910882472991943 3.8274123668670654 -2.3447553646221158 4.7703288625999996 4.8819029959721485 7261 62 True
car -40.76176694439266 -51.76790832106519 -0.14160133426204258 4.611005783081055 2.241713285446167 1.6672759056091309 -2.344918616259045 7.940229880499678 8.120795352629507 7260 0 True
car 5.448163192067824 1.2286457725297453 -1.1512607075255215 4.855708599090576 2.0327565670013428 1.6493593454360962 0.7977282373908829 11.587869275923575 11.909187217171556 7242 2175 True
car 17.248314855416425 7.5930013210576135 -1.254909048895687 5.237514495849609 1.9297595024108887 1.638383150100708 -2.3448325962284935 1.9987391780099915 2.0460360319791717 7243 98 True
motorcycle -29.449588879018762 -34.47973635995538 -0.5355907545598777 2.0333523750305176 0.8025798797607422 1.4992752075195312 0.7969975097773228 1.5612813385760138 1.5985708647026664 7257 2 True
pedestrian -20.31080923634019 4.032837369578203 -0.9888338722320817 0.3753577768802643 0.3753577768802643 1.8600000143051147 2.4702203728673724 -0.9318570372405742 -1.3133348945489722 7251 4 True
pedestrian 15.807676317879498 -1.1002736172103482 -0.8479226911445021 0.9953577518463135 0.3753577768802643 1.8600000143051147 -2.3539959931672416 2.2321134625293912 2.203573115305707 7249 18 True
pedestrian -6.313127920145462 7.807476605117159 -1.038076221885916 0.3753577768802643 0.3753577768802643 1.8600000143051147 -0.9480097790703244 -1.5382576430282777 -0.7400174225956737 7245 7 True
pedestrian -5.20457627774266 -12.030646648658745 -1.5248077684570287 0.3753577768802643 0.3753577768802643 1.8600000143051147 1.89188027693367 -0.10848514971864971 0.02854180519107086 7247 7 True
pedestrian -25.82542259629082 9.167788377904913 -1.095377310299524 0.3753577768802643 0.3753577768802643 1.8600000143051147 2.3848402993852824 -1.1830236584834943 -1.3003934462805227 7253 5 True