0.003915828187018633 -6.159430980682373
car -39.27436786930555 -19.78623124699186 -0.8974147145433728 4.181210041046143 1.994117259979248 1.3805816173553467 -0.0005873596822950576 0.0 0.0 20001 1 True
car -38.877456515784644 -94.06468916102418 -0.9235708947451773 5.357479572296143 2.033203125 1.4147460460662842 -0.0005868270505269369 0.0 0.0 20003 0 True
car -61.80747024081292 -26.982495129478423 -0.5762479522075932 4.4777727127075195 2.069315195083618 2.0377910137176514 1.570208039791658 0.0 0.0 20011 0 False
car -9.798267741632507 53.46579806827998 -1.155322467472038 3.633375883102417 1.845113754272461 1.5012825727462769 -3.1409929197879367 0.0038985844485968243 -2.1993674406813546 7259 0 False
car 31.298589718202383 -47.921776898773146 -1.1236443764562747 4.552699089050293 2.097072124481201 1.7671663761138916 1.5705107699514766 -0.0008693606922979404 5.3733390432797075 7256 0 True
car -0.0025930289005842155 7.938230965010007e-06 -1.221585228198793 4.673638820648193 1.8118125200271606 1.441947340965271 0.0 0.003915827944848618 -6.1594308846177555 -100 1335 False
car -14.890293844361977 -0.15101458124490819 -1.1842367958942381 4.673638820648193 1.8118125200271606 1.441947340965271 0.11389970834816826 1.2237418767513109 -6.257944814833039 7255 112 True
car -6.114734298056966 -3.999042770338292 -1.2060932450523358 4.673638820648193 1.8118125200271606 1.441947340965271 3.141573222099304 0.002896961220384975 -5.404516599670433 7258 901 True
truck 35.30845457645126 -26.95350003572986 -0.11989464124875715 8.46804141998291 2.8910882472991943 3.8274123668670654 -1.5706996589135063 -0.0013804538294039485 3.329008558186051 7261 98 True
car 35.29854100862714 -39.730023422392264 -1.1980464535012039 4.611005783081055 2.241713285446167 1.6672759056091309 -1.57101604218377 -0.0001480511977242945 2.3284944526259284 7260 0 False
car 31.29980142372591 -33.92467507533382 -1.209417563508349 4.855708599090576 2.0327565670013428 1.6493593454360962 1.5711171492432203 -0.00648042475968402 7.103945464362149 7242 0 False
car 35.302545041731136 24.534877208700607 -1.2119818438798338 5.237514495849609 1.9297595024108887 1.638383150100708 -1.5744334076080322 9.741102711516563e-05 -0.002902920712036286 7243 0 False
motorcycle 31.29115327198839 -63.55553452776326 -1.2533704261429928 2.0333523750305176 0.8025798797607422 1.4992748498916626 1.5703067097290475 0.0007625949141136614 2.19677752090324 7257 0 False
pedestrian 15.910531359983136 -8.305592494786197 -0.9261476999797802 0.3753577768802643 0.3753577768802643 1.8600000143051147 -3.134770449156867 0.018738244620204934 -1.372950995664643 7251 2 True
pedestrian 40.3813109795355 23.3853020697091 -0.9864832247691413 0.9953577518463135 0.3753577768802643 1.8600000143051147 -1.5624595791447955 -0.07420660578056623 3.2244934492279977 7249 0 False
pedestrian 13.86686798275096 3.341905899039034 -0.9116074921414197 0.3753577768802643 0.3753577768802643 1.8600000143051147 0.2540640218141344 0.6484385917906665 -1.0797132458949223 7245 24 True
pedestrian 37.79538249593065 -11.247041399323734 -0.9801868251976396 0.9953577518463135 0.3753577768802643 1.8600000143051147 -2.8091004777001274 2.8825623552101605 -0.8332368382017454 7247 2 True
pedestrian 9.2680463596101 -8.42826430508677 -0.9094936153159123 0.3753577768802643 0.3753577768802643 1.8600000143051147 -3.11837977175649 0.07765231484988039 -1.6618778045607725 7253 19 True