0.005193629302084446 -7.321136474609375
car -39.95893329884821 -19.781314555944903 -0.8031266990060864 4.181210041046143 1.994117259979248 1.3805816173553467 -0.0007099981469048394 0.0 0.0 20001 0 True
car -39.57119594321797 -94.0598221016185 -0.830080342785682 5.357479572296143 2.033203125 1.4147460460662842 -0.0007094655151367187 0.0 0.0 20003 0 False
car -62.492114133114555 -26.974813705091833 -0.4296844111521274 4.4777727127075195 2.069315195083618 2.0377910137176514 1.570085401327048 0.0 0.0 20011 0 False
car -10.703360003433517 53.46686431715062 -1.1283808983727148 3.633375883102417 1.845113754272461 1.5012825727462769 -3.1411210177281697 0.003880183575189854 -2.3608089313987572 7259 0 False
car 30.61003519958186 -47.37025145587404 -1.1933036367812921 4.552699089050293 2.097072124481201 1.7671663761138916 1.5704460614334286 -0.0005848862886325438 5.559567061922925 7256 0 True
car -0.0025913273552404803 2.0039289040596486e-05 -1.2215854063825837 4.673638820648193 1.8118125200271606 1.441947340965271 0.0 0.005193629578075609 -7.3211366484995395 -100 1389 False
car -14.875294459498846 -0.10337963358574598 -1.1498099187778854 4.673638820648193 1.8118125200271606 1.441947340965271 0.08749901581361558 1.0909152387001695 -7.368652916281357 7255 109 True
car -7.337745733430708 -3.9982093384263635 -1.1862064487376713 4.673638820648193 1.8118125200271606 1.441947340965271 3.1414540457411873 0.002320898588477924 -5.396039834767462 7258 647 True
truck 34.62457977893159 -27.286254031546605 -0.19807571355921105 8.46804141998291 2.8910882472991943 3.8274123668670654 -1.5708268247481454 -0.002216027652907875 3.2468277449942553 7261 105 True
car 34.610540518685944 -39.9824860324091 -1.2767180215748306 4.611005783081055 2.241713285446167 1.6672759056091309 -1.5711477353884378 0.0001348327802585508 2.594531372872058 7260 0 False
car 30.61261585268955 -33.1803700338134 -1.2793234144052406 4.855708599090576 2.0327565670013428 1.6493593454360962 1.5710120951691076 -0.006557360551832874 7.7841011184846085 7242 0 False
car 34.62247952658558 24.531224690252145 -1.2907085009826973 5.237514495849609 1.9297595024108887 1.638383150100708 -1.5745552471249897 5.480714346720715e-05 -0.0016535350870935832 7243 0 False
motorcycle 30.600392842951482 -63.25486309843512 -1.3220534327432203 2.0333523750305176 0.8025798797607422 1.499274730682373 1.5701853656126243 0.001517827566641878 3.6343696374860803 7257 0 False
pedestrian 15.089669928277182 -8.308386155380333 -0.9592137722748553 0.3753577768802643 0.3753577768802643 1.8600000143051147 -3.1348544718182882 0.018629113692422802 -1.3739046804461506 7251 3 True
pedestrian 39.705760376608445 23.044445388292615 -1.0770418541117208 0.9953577518463135 0.3753577768802643 1.8600000143051147 -1.5593840301577249 -0.0747782570394792 3.2056053898995636 7249 0 False
pedestrian 13.356794048486819 3.3753381310281725 -0.9414458366196241 0.3753577768802643 0.3753577768802643 1.8600000143051147 0.22227935420947606 0.7101727193883554 -1.341931524389037 7245 10 True
pedestrian 36.74962716712716 -11.256145474241805 -1.0629259307181051 0.9953577518463135 0.3753577768802643 1.8600000143051147 -3.0511066483896045 1.9233455072190695 -2.730741070694628 7247 2 True
pedestrian 8.418245905048146 -8.433213258595686 -0.9270127156141956 0.3753577768802643 0.3753577768802643 1.8600000143051147 -3.118405071765476 0.07762663887970886 -1.6626120213425952 7253 23 True