13.974021911621094 -0.015135950408875942
car -48.68353163922285 70.49160284942324 -0.961174234097516 4.181210041046143 1.994117259979248 1.3805816173553467 -1.5698654245367245 0.0 0.0 20001 0 False
car -55.91367710622387 93.01456893244851 -0.6945666331139035 4.4777727127075195 2.069315195083618 2.0377910137176514 0.0009299749372286084 0.0 0.0 20011 0 False
car 24.50566470473882 103.57552897586764 -1.2334337749689468 3.633375883102417 1.845113754272461 1.5012825727462769 1.5711036599795887 -17.325575295274426 0.00416624854684393 7259 0 False
car -56.846001681659175 -0.09550038406097983 -0.9843364688183275 4.552699089050293 2.097072124481201 1.7671663761138916 0.0006775074790124263 -1.512496530377527e-09 -1.1499977532084074e-09 7256 10 True
car -0.0026319415666762325 -1.7393228812778716e-07 -1.2215852083285184 4.673638820648193 1.8118125200271606 1.441947340965271 0.0 13.974022439276844 -0.015135950221686742 -100 1360 False
car -18.129082437083753 0.44566506141098516 -1.2019876552834015 4.673638820648193 1.8118125200271606 1.441947340965271 -0.12255173730770041 6.453540190693551 -1.4772171992337428 7255 92 True
car -32.94923496963395 104.58725777789769 -1.2133933607348661 4.673638820648193 1.8118125200271606 1.441947340965271 1.5723329741004115 -9.131986327255365 -0.019913635350820948 7258 0 False
truck -96.44257691717132 -4.150571461679949 0.07519851283391477 8.46804141998291 2.8910882472991943 3.8274123668670654 -3.1405953103030715 8.986218421331838 0.009562454214310262 7261 0 True
car 24.524466475335714 8.146173749527282 -1.1420598336451415 4.855708599090576 2.0327565670013428 1.6493593454360962 1.4536236008861134 -11.7313662181314 5.362219346425613 7242 81 True
car -8.973351065105646 -4.023952817824419 -1.112250600453677 5.237514495849609 1.9297595024108887 1.638383150100708 -3.1404411134062005 6.3693875015319394e-09 1.475158581407422e-07 7243 540 True
motorcycle -63.42880743219672 -0.1047748801143169 -1.1081026696580163 2.0333523750305176 0.8025798797607422 1.4992746114730835 0.001485113843407275 1.0618193505657672 0.0021674004306432913 7257 0 False
pedestrian -37.55106881172776 24.927869576391547 -0.8516647639094685 0.3753577768802643 0.3753577768802643 1.8600000143051147 1.590685733776603 -1.541166720331258 -0.06660313773623773 7251 0 False
pedestrian -26.393202918800853 -8.400613253098012 -0.8538994617431825 0.9953577518463135 0.3753577768802643 1.8600000143051147 3.0360764455529123 3.5080749234819124 -0.7465041198939667 7249 4 True
pedestrian -26.04480001802034 9.69927854184327 -0.8507514657748 0.3753577768802643 0.3753577768802643 1.8600000143051147 -2.724613361507329 0.8627273666907249 1.5264852606690895 7245 3 True
pedestrian -38.23169140658547 -1.540350810520875 -1.71094268291584 0.3753577768802643 0.3753577768802643 1.8600000143051147 -2.0465291785688593 0.011129132117373748 0.022242117487274976 7247 1 True
pedestrian -37.81264272415575 33.21956214514593 -0.8535632221172337 0.3753577768802643 0.3753577768802643 1.8600000143051147 1.593755423814224 -1.8043242757887366 -0.04924948809322146 7253 0 False