0.0010264274897053838 -3.6557133197784424
car -36.689437212659854 -19.809354121319473 -0.819559353575082 4.181210041046143 1.994117259979248 1.3805816173553467 4.407527881198459e-05 0.0 0.0 20001 0 True
car -36.24569427591108 -94.08754695076186 -0.8477249610590949 5.357479572296143 2.033203125 1.4147460460662842 4.460791058010525e-05 0.0 0.0 20003 0 False
car -59.21719329935942 -27.01984706514537 -0.44660858309940954 4.4777727127075195 2.069315195083618 2.0377910137176514 1.5708394747527648 0.0 0.0 20011 0 False
car -6.374385938762138 53.462475184057496 -1.149287254743901 3.633375883102417 1.845113754272461 1.5012825727462769 -3.1403708058827715 0.0029346714791882098 -1.2288444481856768 7259 0 False
car 33.90141355399735 -50.10483377493017 -1.208818492847641 4.552699089050293 2.097072124481201 1.7671663761138916 1.5709223193921433 -0.0014633571490477299 2.941647777042046 7256 0 False
car -0.002591084355202611 3.4992208952644432e-06 -1.2215853400500962 4.673638820648193 1.8118125200271606 1.441947340965271 0.0 0.0010264275045200524 -3.6557133278545115 -100 1373 False
car -14.902894223690168 -0.4743536879801695 -1.149930337783311 4.673638820648193 1.8118125200271606 1.441947340965271 0.26845719692611697 1.615100269415409 -3.2539966850770106 7255 139 True
car -1.5427663385976373 -4.000098746845026 -1.2143352499570716 4.673638820648193 1.8118125200271606 1.441947340965271 -3.1411284745729233 0.0021289693279502564 -2.41089301938629 7258 2803 True
truck 37.89835229163229 -25.268350575216402 -0.21577926841410955 8.46804141998291 2.8910882472991943 3.8274123668670654 -1.5699611649670069 -0.0036074736007176422 2.725518163593311 7261 75 True
car 37.89478129378543 -38.84829971355657 -1.2919976621007048 4.611005783081055 2.241713285446167 1.6672759056091309 -1.5702759503419663 -0.0008043136682741304 1.0608150383766901 7260 0 True
car 33.89424831499656 -36.823827648673955 -1.2952144065414495 4.855708599090576 2.0327565670013428 1.6493593454360962 1.5711677185074286 -0.003817476591204918 4.729340273196452 7242 0 True
car 37.85817273934363 24.951137286479195 -1.305025937164158 5.237514495849609 1.9297595024108887 1.638383150100708 -1.571453332865397 0.0017068686085504057 2.5459066044380454 7243 0 False
motorcycle 33.90270767140843 -63.69437144922273 -1.340419510508791 2.0333523750305176 0.8025798797607422 1.499275803565979 1.5709489661542482 6.089860883452755e-08 -4.0058254709639864e-08 7257 0 False
pedestrian 19.17402878650671 -8.288809114657681 -0.9785066807054354 0.3753577768802643 0.3753577768802643 1.8600000143051147 -3.1343004016215006 0.01934873431339708 -1.3682058851355248 7251 2 True
pedestrian 42.91545391674157 25.034317991109447 -1.0913067630714648 0.9953577518463135 0.3753577768802643 1.8600000143051147 -1.5490266059527926 -0.1505680493625743 3.2834378083726943 7249 0 False
pedestrian 15.598682348955244 3.0977431057155513 -0.9517582137245917 0.3753577768802643 0.3753577768802643 1.8600000143051147 0.17964830643675062 0.6172957473973489 -1.6414812528740348 7245 25 True
pedestrian 41.270834906516626 -10.007781371736712 -1.0839908866314307 0.3753577768802643 0.3753577768802643 1.8600000143051147 -1.823317585477193 0.09791594360817016 0.3265160527707739 7247 0 True
pedestrian 12.676893860408011 -8.401019623248146 -0.9472559773976037 0.3753577768802643 0.3753577768802643 1.8600000143051147 -3.1182462143406338 0.07700931810210412 -1.6583222190841882 7253 13 True