0.007592891342937946 -11.889575004577637
car -47.90466548151183 -19.782234882713 -0.8222002264539223 4.181210041046143 1.994117259979248 1.3805816173553467 -0.0006988128797743055 0.0 0.0 20001 1 True
car -47.51606328217537 -94.06073714981906 -0.8496232807480304 5.357479572296143 2.033203125 1.4147460460662842 -0.0006982802480061848 0.0 0.0 20003 0 False
car -70.43819490182867 -26.975991001566854 -0.47580156764088155 4.4777727127075195 2.069315195083618 2.0377910137176514 1.5700965865941787 0.0 0.0 20011 0 False
car -21.09042029973687 53.464800706576966 -1.1027449264384248 3.633375883102417 1.845113754272461 1.5012825727462769 -3.141173881431156 0.004438888643365311 -3.7685597033203027 7259 0 False
car 22.666306461794758 -41.14015115375918 -1.1293031338014567 4.552699089050293 2.097072124481201 1.7671663761138916 1.570613891122328 -0.0028443004894842592 8.319626588464427 7256 0 False
car -0.002590808091461838 1.7359425328322686e-06 -1.2215851063856231 4.673638820648193 1.8118125200271606 1.441947340965271 0.0 0.0075928911741686275 -11.889575099032115 -100 1425 False
car -16.10171722600265 0.01908413342954418 -1.1634166727551125 4.673638820648193 1.8118125200271606 1.441947340965271 0.005366664537641737 0.06543919833096773 -8.120272822613794 7255 94 True
car -20.427115409187444 -3.998169011929747 -1.1479240600479688 4.673638820648193 1.8118125200271606 1.441947340965271 3.139012594874064 -0.012592874730491178 -5.48407266493694 7258 68 True
truck 26.67788718770702 -30.14270098237415 -0.12962877734325273 8.46804141998291 2.8910882472991943 3.8274123668670654 -1.5708981974050735 -0.002204657215398206 4.333187091950229 7261 111 True
car 26.664732022047396 -43.02440498039289 -1.2071251616039216 4.611005783081055 2.241713285446167 1.6672759056091309 -1.5710569216719732 -0.0008591902283518408 5.0132693675994195 7260 0 True
car 22.668733795007395 -24.991833130342968 -1.2140455587841181 4.855708599090576 2.0327565670013428 1.6493593454360962 1.5706162222965727 -0.003907836912910587 12.52836428342007 7242 29 True
car 26.676763059386765 24.531450500502217 -1.2199770320755867 5.237514495849609 1.9297595024108887 1.638383150100708 -1.5745440618578594 5.4891334519946416e-08 -2.183698769344678e-05 7243 0 False
motorcycle 22.65896575768685 -57.60151437314647 -1.26003905054172 2.0333523750305176 0.8025798797607422 1.4992746114730835 1.5702808387598723 0.0026543676262361115 7.538843647849991 7257 0 False
pedestrian 6.021076858773963 -8.32878040380831 -0.9082207752266362 0.3753577768802643 0.3753577768802643 1.8600000143051147 -3.1161632246534556 0.07542084628373413 -1.4291352100738912 7251 7 True
pedestrian 31.761055657620513 20.431045950958946 -1.0003070758101646 0.9953577518463135 0.3753577768802643 1.8600000143051147 -1.5857263995136686 0.05099920169084994 3.2370993126007446 7249 3 True
pedestrian 6.671388781583534 3.4860162813172337 -0.9010299705259721 0.3753577768802643 0.3753577768802643 1.8600000143051147 0.10528159318203395 0.24380390411666958 -1.2738150892634685 7245 87 True
pedestrian 25.85646260422749 -11.068329422244574 -1.0834181826665077 0.9953577518463135 0.3753577768802643 1.8600000143051147 3.070922680690765 -0.5149986349091998 -3.6574557174340017 7247 6 True
pedestrian -0.9375734878448654 -8.529074722220457 -0.8829592019079202 0.3753577768802643 0.3753577768802643 1.8600000143051147 -3.0530239895968965 0.311944339802917 -1.7906079208105106 7253 33 True