0.5978533029556274 -7.504397869110107
car -62.92843761537476 -16.256670917532688 -1.0504315046207546 4.181210041046143 1.994117259979248 1.3805816173553467 -0.058825849840376115 0.0 0.0 20001 1 True
car -66.85551432337684 -90.43200136549527 -0.8354493442407351 5.357479572296143 2.033203125 1.4147460460662842 -0.05882531720860799 0.0 0.0 20003 0 False
car -85.84335756648363 -22.128355055516067 -0.8057908497375585 4.4777727127075195 2.069315195083618 2.0377910137176514 1.511969549633577 0.0 0.0 20011 0 False
car -41.439210598162404 55.859770253782926 -1.4376202472436872 3.633375883102417 1.845113754272461 1.5012825727462769 3.0838536484413144 -0.4765424760471257 -8.40617795239573 7259 0 False
car 6.967925362103053 -29.944941071043218 -0.9362397260828674 4.552699089050293 2.097072124481201 1.7671663761138916 1.5125191382982694 0.267725131539976 4.6312859528283585 7256 37 True
car -0.0025938782966345997 -1.9515914289058856e-05 -1.2215851397302309 4.673638820648193 1.8118125200271606 1.441947340965271 0.0 0.5978533197421346 -7.504398116201211 -100 1462 False
car -15.711680022629917 0.814289125136554 -1.251790295880109 4.673638820648193 1.8118125200271606 1.441947340965271 -0.056295982099745005 -0.455756882583034 -8.245953295194337 7255 107 True
car -45.991936221161836 -1.4316254880181418 -1.2962331439639576 4.673638820648193 1.8118125200271606 1.441947340965271 3.0836581725824144 -0.6256424470913144 -10.928826538660056 7258 8 True
truck 10.438635291208158 -39.216752993656314 0.1168598173038985 8.46804141998291 2.8910882472991943 3.8274123668670654 -1.6299618673299154 0.35154387290814 5.942042429092599 7261 65 True
car 9.494767144408879 -55.239979035368776 -0.9090526125799597 4.611005783081055 2.241713285446167 1.6672759056091309 -1.6293887555474176 0.5466821278139532 9.337142105278328 7260 14 False
car 8.46519260790582 -4.9496220785902665 -1.105870623305589 4.855708599090576 2.0327565670013428 1.6493593454360962 1.5159504654757943 0.6140812447382761 12.53244191019761 7242 669 True
car 14.036022395046157 22.523548299471827 -1.1739775617925363 5.237514495849609 1.9297595024108887 1.638383150100708 -1.6313570962465074 0.20533555528264164 3.384492056156237 7243 61 True
motorcycle 5.97366870247213 -46.982291397019026 -1.0092956367192734 2.0333523750305176 0.8025798797607422 1.4992748498916626 1.5122190443307304 0.42093188498646306 7.208295239042832 7257 2 False
pedestrian -10.917363676353572 -8.03359027827139 -0.8783450409048195 0.3753577768802643 0.3753577768802643 1.8600000143051147 3.0879220230441624 -0.07534033402743316 -1.5044154823215983 7251 3 True
pedestrian 18.642542959108074 14.307080162670331 -0.9006003855188827 0.9953577518463135 0.3753577768802643 1.8600000143051147 -1.6458348266516791 0.2779648937015159 3.142676733886739 7249 7 True
pedestrian -5.141233691176306 4.2663586988741145 -0.8999007935888819 0.3753577768802643 0.3753577768802643 1.8600000143051147 0.09439899405373467 0.3355232250201267 -0.8334551272334826 7245 68 True
pedestrian 9.462627405424879 -10.788573963416923 -1.0338050037170363 0.3753577768802643 0.3753577768802643 1.8600000143051147 1.9932116398969226 -0.0014057001038661058 0.7107973339485569 7247 4 True
pedestrian -18.2821442455957 -7.79904726468726 -0.8918461109247326 0.3753577768802643 0.3753577768802643 1.8600000143051147 -3.086167400842031 0.2901984196434568 -1.7894927916793455 7253 14 True