3.480745792388916 -0.5324512720108032
car -39.62835686900871 64.53110764260823 -1.68297295987551 4.181210041046143 1.994117259979248 1.3805816173553467 -1.4130355123242802 0.0 0.0 20001 0 True
car -50.289850553071744 85.64884857421399 -1.6220974056258584 4.4777727127075195 2.069315195083618 2.0377910137176514 0.15775988714967287 0.0 0.0 20011 0 False
car 32.534008719650444 77.03470736000494 -1.264096409772936 3.633375883102417 1.845113754272461 1.5012825727462769 1.7295453159223662 -12.816237810297554 -2.066213756768667 7259 0 False
car -36.66540614647158 -6.463802463218194 -1.3516275675370597 4.552699089050293 2.097072124481201 1.7671663761138916 0.15750741969145668 -2.4916657923221777e-07 -1.942806359528058e-08 7256 18 True
car -0.002577077165653918 4.418726355481795e-06 -1.2215850046274155 4.673638820648193 1.8118125200271606 1.441947340965271 0.0 3.4807458757802703 -0.5324513390585409 -100 1348 False
car -10.653641033621511 8.629190978354913 -1.3623811722131611 4.673638820648193 1.8118125200271606 1.441947340965271 -1.406275882555061 -7.870716092148849 -1.4267418804436243 7255 221 True
car -25.26840335157175 74.71716452115459 -1.8273817589616925 4.673638820648193 1.8118125200271606 1.441947340965271 1.729046506271521 -15.76419599023838 -2.5244102078612523 7258 0 True
truck -57.84567785908905 -13.89366698256542 -0.4945400369308146 8.46804141998291 2.8910882472991943 3.8274123668670654 -2.9834665916687113 7.517075759860847 1.2015964624274362 7261 33 False
car -81.39146450848415 -17.6452238601505 -1.7706892885868641 4.611005783081055 2.241713285446167 1.6672759056091309 -2.9835941569771767 13.163141982857962 2.1007823077236383 7260 0 True
car 13.522788261902235 1.5487398415103257 -1.0122094693611654 4.855708599090576 2.0327565670013428 1.6493593454360962 0.15839132835243144 16.733246440507134 2.684583857045909 7242 190 True
car 11.232014268983221 -2.865091951185086 -1.0047815278112227 5.237514495849609 1.9297595024108887 1.638383150100708 -2.9836112011937566 -0.00029083989915684207 -4.648606555503083e-05 7243 349 True
motorcycle -48.640502985271894 -8.376653546156867 -1.583659642477226 2.0333523750305176 0.8025798797607422 1.4992748498916626 0.15838372612625276 2.1631568341858434 0.3470849414906075 7257 0 False
pedestrian -20.95031226255992 18.09804811087588 -1.1691428459041457 0.3753577768802643 0.3753577768802643 1.8600000143051147 1.7447634044852256 -1.4926069326110736 -0.2893642953072286 7251 0 True
pedestrian 2.2023455528706677 -9.323457326573482 -0.8175635022038099 0.9953577518463135 0.3753577768802643 1.8600000143051147 -3.008903753334734 3.542689640701409 0.2837631188366723 7249 18 True
pedestrian -6.881459114450195 10.12950042516458 -0.9901823136301093 0.3753577768802643 0.3753577768802643 1.8600000143051147 -1.39502456908528 -1.4259378282278048 -0.3358451276960254 7245 23 True
pedestrian -18.090926546679327 -5.117405038527409 -1.8938713838319226 0.3753577768802643 0.3753577768802643 1.8600000143051147 1.2518862062735556 0.01742300666775722 0.0558506961625415 7247 4 True
pedestrian -22.37068517460068 25.708750234082956 -1.220260091118548 0.3753577768802643 0.3753577768802643 1.8600000143051147 1.7870125552802083 -1.728259019056374 -0.48688735249670034 7253 3 True