5.05632209777832 -5.4833550453186035
car -66.5089534778113 23.46626439391372 -1.5781601175054547 4.181210041046143 1.994117259979248 1.3805816173553467 -0.656079566702101 0.0 0.0 20001 1 True
car -111.47052929244947 -35.65172541026308 -0.5942076190290528 5.357479572296143 2.033203125 1.4147460460662842 -0.6560790340703329 0.0 0.0 20003 0 False
car -88.75959864399852 31.499597312911988 -1.5112098089126462 4.4777727127075195 2.069315195083618 2.0377910137176514 0.914715832771852 0.0 0.0 20011 0 False
car -13.33866517699147 74.96159719772999 -2.611521354434462 3.633375883102417 1.845113754272461 1.5012825727462769 2.4868685111486646 -6.205818853231643 -8.105753685723231 7259 0 False
car -15.60253238334127 -26.099398022596574 -0.5943710617698663 4.552699089050293 2.097072124481201 1.7671663761138916 0.9144633653136359 -0.0006564029910735241 -0.0008417189038616085 7256 34 True
car -0.002589568993528246 -2.208778653312038e-06 -1.2215847311621504 4.673638820648193 1.8118125200271606 1.441947340965271 0.0 5.056322411102014 -5.483355168466703 -100 1369 False
car -13.040940088523286 7.325247223663268 -1.3881245123224488 4.673638820648193 1.8118125200271606 1.441947340965271 -0.6551997921791076 -5.229305061645757 -6.809694440895367 7255 126 True
car -50.97027837924972 31.425418854568363 -1.9195317567697998 4.673638820648193 1.8118125200271606 1.441947340965271 2.4864132441448636 -8.319429578552128 -10.844492208061109 7258 6 True
truck -21.484601991078875 -40.294705606011405 0.6748554852827806 8.46804141998291 2.8910882472991943 3.8274123668670654 -2.226597465024736 4.105631745057784 5.338665893223313 7261 67 True
car -32.939238338013695 -55.19169413347572 -0.14919453443254005 4.611005783081055 2.241713285446167 1.6672759056091309 -2.226720769279056 6.7790203884232945 8.808372082543501 7260 0 True
car 5.011547588213489 0.6894230201860978 -1.1349746456950491 4.855708599090576 2.0327565670013428 1.6493593454360962 0.9161889906834085 9.811803901757044 12.827274642268462 7242 2729 True
car 17.1672331925798 9.948460653615427 -1.2741282508424518 5.237514495849609 1.9297595024108887 1.638383150100708 -2.2266957355859542 2.063608056591591 2.6852976896106577 7243 115 True
motorcycle -24.528848360413434 -37.70855490826733 -0.5291871522349405 2.0333523750305176 0.8025798797607422 1.499274730682373 0.9152120745483799 0.4633634485326691 0.603876621995449 7257 4 True
pedestrian -19.75434838550612 1.6522990799613808 -0.96071109482126 0.3753577768802643 0.3753577768802643 1.8600000143051147 2.5623051484675936 -0.846579738818339 -1.3938650377436015 7251 0 True
pedestrian 16.766382186360403 1.1462755136174678 -0.8720875306734994 0.9953577518463135 0.3753577768802643 1.8600000143051147 -2.23520372913403 1.956846381058026 2.452289603758244 7249 12 True
pedestrian -6.4442123039785315 7.137023587752424 -1.0253749022649785 0.3753577768802643 0.3753577768802643 1.8600000143051147 -0.8298247152527704 -1.4553220322516958 -0.924725364146772 7245 35 True
pedestrian -3.0058423877289613 -12.438171297263239 -1.5152390966138896 0.3753577768802643 0.3753577768802643 1.8600000143051147 1.958554122982449 -0.24795677701785937 -0.06738478007044428 7247 7 True
pedestrian -25.83967388699 6.082364032389819 -1.0565466334275655 0.3753577768802643 0.3753577768802643 1.8600000143051147 2.5033195090967815 -1.017593440715863 -1.433100544032524 7253 2 True