0.2505144774913788 10.451600074768066
car 58.144470471336405 73.55464731815749 -2.0221364972705995 4.181210041046143 1.994117259979248 1.3805816173553467 -3.1290099034267 0.0 0.0 20001 0 False
car 80.58158334985119 81.0499825115595 -1.8608518090286372 4.4777727127075195 2.069315195083618 2.0377910137176514 -1.558214503952747 0.0 0.0 20011 0 False
car -12.532925479187755 80.89266284818558 -2.1801695253893705 4.552699089050293 2.097072124481201 1.7671663761138916 -1.5584669714109631 3.402768050559954e-10 -3.554783321445988e-09 7256 0 False
car -0.0025934321770257895 5.979141690204415e-06 -1.221585694081309 4.673638820648193 1.8118125200271606 1.441947340965271 0.0 0.2505144838302839 10.451599882815765 -100 1359 False
car -11.712706054102979 18.918383295522858 -1.4884040556828717 4.673638820648193 1.8118125200271606 1.441947340965271 -1.5591386200055448 0.09877293342425772 -9.104369250471743 7255 75 True
car 29.442492522901794 -0.07730631573821256 -1.1256421996508825 4.855708599090576 2.0327565670013428 1.6493593454360962 0.013526050593482122 -0.12129211077157039 8.271977556492908 7242 30 True
car -15.903342949511034 32.98099697220346 -1.586698012025571 5.237514495849609 1.9297595024108887 1.638383150100708 1.5835944077038235 -2.3457491108491646e-08 1.497962868866296e-08 7243 16 True
motorcycle -12.618634509693477 87.456410463532 -2.4023651720828463 2.0333523750305176 0.8025798797607422 1.4992756843566895 -1.5576942872448012 0.0 0.0 7257 0 False
pedestrian 16.41861636528563 62.02338707442391 -1.7538851240426228 0.3753577768802643 0.3753577768802643 1.8600000143051147 0.03340759660212199 -0.09202494421486235 1.7008825815225714 7251 0 False
pedestrian -19.89106798570557 58.17513423121852 -1.7012662049057674 0.9953577518463135 0.3753577768802643 1.8600000143051147 1.5111780588260226 -0.4715957610684865 -3.555214408683462 7249 0 True
pedestrian -3.675180177947608 54.03118107569287 -1.7465812913694112 0.3753577768802643 0.3753577768802643 1.8600000143051147 1.8976988129475911 1.049010224670584 -1.4054166448031522 7245 0 False
pedestrian -13.601339959498901 62.17430842143261 -2.6251315967830893 0.3753577768802643 0.3753577768802643 1.8600000143051147 2.677502214644962 -0.04259816157758764 0.022863584089937477 7247 0 False
pedestrian 25.177860156743492 62.3638552469194 -1.7580682402407781 0.3753577768802643 0.3753577768802643 1.8600000143051147 0.03260385526402791 -0.05631722811524601 1.8223918776934418 7253 0 False