10.847684860229492 8.932289123535156
car 0.6744454624040372 96.51335054881005 -11.122841248383573 4.181210041046143 1.994117259979248 1.3805816173553467 -2.3798501389287314 0.0 0.0 20001 0 False
car 12.002603716041392 117.19152174647223 -13.050583526506706 4.4777727127075195 2.069315195083618 2.0377910137176514 -0.8090547394547781 0.0 0.0 20011 0 True
car -56.078104037438834 53.99924491093998 -6.555031394111225 4.552699089050293 2.097072124481201 1.7671663761138916 -0.8093072069129944 -5.601584814902695e-10 -3.128984848973576e-08 7256 0 False
car -0.0026163784622212916 1.7194207202919642e-05 -1.221584165208487 4.673638820648193 1.8118125200271606 1.441947340965271 0.0 10.84768535357952 8.932289719079131 -100 1356 False
car -18.95619929415065 15.340557662066374 -2.8183858600364005 4.673638820648193 1.8118125200271606 1.441947340965271 -0.8138154016782195 7.320531914269703 -7.778069946909742 7255 48 True
car 23.43319316616021 17.356996029287927 -3.070936858256239 4.855708599090576 2.0327565670013428 1.6493593454360962 0.7646000936660766 -9.807180630902067 10.134182566978353 7242 34 True
car -25.915069680333147 16.801156699364242 -2.84917219388689 5.237514495849609 1.9297595024108887 1.638383150100708 2.3327541722017924 -2.3143315937134705e-07 -4.6841026899041007e-07 7243 42 True
motorcycle -60.61301838553089 58.71140476168742 -7.162982031463375 2.0333523750305176 0.8025798797607422 1.499274730682373 -0.8085345227468324 -2.3587904162998502e-07 2.871214317348324e-07 7257 0 False
pedestrian -22.986372545836673 58.91868823630605 -7.0141049596719185 0.3753577768802643 0.3753577768802643 1.8600000143051147 0.7970079404394361 -1.1559715587795336 1.0694141379465687 7251 0 False
pedestrian -44.16721260896804 30.276319576620608 -3.9563815163424394 0.9953577518463135 0.3753577768802643 1.8600000143051147 2.247279023949093 1.9594076273700785 -2.891260723386364 7249 2 False
pedestrian -30.06147703465146 39.767782492973765 -5.0971103856299464 0.3753577768802643 0.3753577768802643 1.8600000143051147 2.6468585774455597 1.7253573525621817 -0.31370883042894226 7245 0 True
pedestrian -44.18555649748433 39.55241987696584 -5.796909890130085 0.3753577768802643 0.3753577768802643 1.8600000143051147 -2.856516556119707 -0.016771885390748906 -0.012160504016646196 7247 3 True
pedestrian -16.879466384876906 65.02884499942923 -7.671283659576979 0.3753577768802643 0.3753577768802643 1.8600000143051147 0.7624904723904927 -1.271401496826034 1.2938996880310043 7253 0 False