12.602579116821289 -0.07021235674619675
car -42.13402278225158 70.28861301666846 -0.8919821627521696 4.181210041046143 1.994117259979248 1.3805816173553467 -1.5653023680491975 0.0 0.0 20001 0 False
car -49.46604732378677 92.7785378798411 -0.6185212557474316 4.4777727127075195 2.069315195083618 2.0377910137176514 0.005493031424755353 0.0 0.0 20011 0 False
car 30.945255660576493 95.25951895018703 -1.389304051601913 3.633375883102417 1.845113754272461 1.5012825727462769 1.5759829665794372 -16.43086965062433 -0.08201964942674883 7259 0 False
car -49.97440503948371 -0.3349809137611395 -0.8474255224713358 4.552699089050293 2.097072124481201 1.7671663761138916 0.005240563966539171 -1.6002954746410373e-09 -1.135972628388844e-08 7256 15 True
car -0.00261617516446222 -1.4251810043219848e-07 -1.2215853517159774 4.673638820648193 1.8118125200271606 1.441947340965271 0.0 12.60257973470461 -0.07021235431885357 -100 1410 False
car -14.484815513447927 0.8453127506052116 -1.1653866921980285 4.673638820648193 1.8118125200271606 1.441947340965271 -0.23446808294640645 6.7853919538332885 -3.319574563617663 7255 137 True
car -26.525226708866512 99.52301170471195 -1.206784372059312 4.673638820648193 1.8118125200271606 1.441947340965271 1.5768010889752704 -10.098499674644414 -0.06699342924161565 7258 0 False
truck -85.12340636276667 -4.545211439666564 0.3115525292833565 8.46804141998291 2.8910882472991943 3.8274123668670654 -3.1360053559112546 8.702792555906624 0.04935767194325887 7261 0 True
car -117.7408766960011 -4.723591684404616 -0.6351575923353042 4.611005783081055 2.241713285446167 1.6672759056091309 -3.1362040275607637 13.644913882651228 0.07191814127125314 7260 0 False
car 27.253903818706704 2.689679019172388 -1.1829259111249835 4.855708599090576 2.0327565670013428 1.6493593454360962 0.7554900930620829 2.6424993977196296 14.498192996359629 7242 57 True
car -2.0848997144792065 -4.045153911191863 -1.111432263265438 5.237514495849609 1.9297595024108887 1.638383150100708 -3.135878056918674 -6.640133525189502e-08 8.852278304334479e-08 7243 3222 True
motorcycle -57.77873576199181 -0.3817367481430036 -0.9455704524325648 2.0333523750305176 0.8025798797607422 1.4992748498916626 0.006048578387205592 3.2001982626244874 0.021094509853996638 7257 0 False
pedestrian -30.77339879694881 24.005684096421717 -0.7856093310038119 0.3753577768802643 0.3753577768802643 1.8600000143051147 1.599616770236545 -1.535370666928014 -0.07864834697579354 7251 0 False
pedestrian -17.699175474064077 -8.676578601444161 -0.8068833746497672 0.9953577518463135 0.3753577768802643 1.8600000143051147 3.087528141851637 3.542704488512756 -0.4760773980139293 7249 9 True
pedestrian -18.534047593119055 10.110984173789607 -0.8122883370824181 0.3753577768802643 0.3753577768802643 1.8600000143051147 -2.109251362820943 -0.6444423154525655 1.335008953496985 7245 7 True
pedestrian -31.3712429930672 -1.7255616684986737 -1.6269210556878133 0.3753577768802643 0.3753577768802643 1.8600000143051147 -2.0419659889233905 0.014858573166712115 0.03134867654304583 7247 6 True
pedestrian -31.074383424347616 32.16715685644652 -0.7918074230847951 0.3753577768802643 0.3753577768802643 1.8600000143051147 1.5779234772686428 -1.7774493745790756 -0.030633631692051615 7253 0 False