0.0036317240446805954 -7.425538539886475
car -54.6519355944925 -19.795009008457214 -1.2170660705464567 4.181210041046143 1.994117259979248 1.3805816173553467 -0.0004459459478590223 0.0 0.0 20001 2 True
car -54.244356936175066 -94.07340905502596 -1.240613178793561 5.357479572296143 2.033203125 1.4147460460662842 -0.00044541331609090163 0.0 0.0 20003 0 False
car -77.18564306126696 -26.99445948697445 -1.0438206688667941 4.4777727127075195 2.069315195083618 2.0377910137176514 1.570349453526094 0.0 0.0 20011 0 False
car -31.006263917933516 53.45742057697521 -1.3054683725328815 3.633375883102417 1.845113754272461 1.5012825727462769 -3.1410284729584586 0.008798723511886689 -5.552978781311156 7259 0 False
car 15.924327328009422 -36.0644935626662 -0.9802223230113735 4.552699089050293 2.097072124481201 1.7671663761138916 1.5709693950971468 -0.005437905579811141 8.082342441088082 7256 9 True
car -0.0025929549537373475 4.763568313137512e-06 -1.2215852586346785 4.673638820648193 1.8118125200271606 1.441947340965271 0.0 0.0036317239402763354 -7.4255382295279055 -100 1404 False
car -16.609377434156904 0.011182894962757928 -1.288797445009258 4.673638820648193 1.8118125200271606 1.441947340965271 -0.0018708690855238172 -0.028956236977144768 -8.26782821083636 7255 94 True
car -30.744756097846754 -4.0035153775633034 -1.3459126520676086 4.673638820648193 1.8118125200271606 1.441947340965271 3.141567496307797 0.0035518922438397505 -5.748592508366587 7258 22 True
truck 19.926127895007088 -33.58579597761923 0.05043311652406568 8.46804141998291 2.8910882472991943 3.8274123668670654 -1.570614171514723 -0.004137664996320317 5.140474593319477 7261 130 True
car 19.924320766112956 -47.1001121975911 -1.0284814207646376 4.611005783081055 2.241713285446167 1.6672759056091309 -1.5707585147238836 -0.0008436231320906749 6.951218485753739 7260 4 True
car 15.92279259032588 -15.112282038582805 -1.0640625835963518 4.855708599090576 2.0327565670013428 1.6493593454360962 1.570886642637657 -0.00872715794118126 14.107654994796532 7242 114 True
car 19.9191430982398 24.537651951102816 -1.0420077326875443 5.237514495849609 1.9297595024108887 1.638383150100708 -1.574291993873596 -4.2513738947899186e-05 -0.013133853277499845 7243 38 True
motorcycle 15.923866264993638 -53.03632733806268 -1.1106568027734478 2.0333523750305176 0.8025798797607422 1.4992746114730835 1.5705121996275988 0.0010604891268487602 7.24299578105305 7257 0 False
pedestrian -1.8125488535379723 -8.488846896013229 -0.8930524718975321 0.3753577768802643 0.3753577768802643 1.8600000143051147 -2.992233261163923 0.47173281997052563 -1.5231039164401377 7251 16 True
pedestrian 25.01307004276308 18.294152083505367 -0.7831565647132175 0.9953577518463135 0.3753577768802643 1.8600000143051147 -1.569113215192159 -0.019078100793031565 3.018722052224173 7249 3 True
pedestrian 0.7538077293739143 3.7320925741595374 -0.8732188149497564 0.3753577768802643 0.3753577768802643 1.8600000143051147 0.3302379546580844 0.8532394041873691 -1.1591983692794867 7245 82 True
pedestrian 16.72436396913048 -10.892452383067166 -0.9210013384119395 0.9953577518463135 0.3753577768802643 1.8600000143051147 3.076311449446784 -0.47835867217490685 -3.509098553662098 7247 13 True
pedestrian -8.916878446104938 -8.596811353201076 -0.9218764508891428 0.3753577768802643 0.3753577768802643 1.8600000143051147 -3.110394156814999 0.12389446538468103 -1.7410254986391873 7253 23 True