1.0704487562179565 -7.686137676239014
car -64.27326155121939 -13.817032570024423 -0.9517829029183531 4.181210041046143 1.994117259979248 1.3805816173553467 -0.09761222835286458 0.0 0.0 20001 6 True
car -71.0737049286335 -87.78354493298266 -0.5570646292266659 5.357479572296143 2.033203125 1.4147460460662842 -0.09761169572109646 0.0 0.0 20003 0 False
car -87.39837942956832 -18.79500741190111 -0.6711188370134522 4.4777727127075195 2.069315195083618 2.0377910137176514 1.4731831711210885 0.0 0.0 20011 0 False
car -40.85656883386547 57.493019333994425 -1.531668083110361 3.633375883102417 1.845113754272461 1.5012825727462769 3.0452116131379867 -0.8221927911333909 -8.646147683471764 7259 0 False
car 5.078715912494033 -29.805522211226275 -0.8754364309310041 4.552699089050293 2.097072124481201 1.7671663761138916 1.47372514530361 0.34714906432866177 3.584671925690744 7256 50 True
car -0.0025908655400215252 -6.393861156084313e-06 -1.2215852033057342 4.673638820648193 1.8118125200271606 1.441947340965271 0.0 1.0704488201737559 -7.686136525148462 -100 1357 False
car -15.613657555828851 1.3301786150319685 -1.2382531865985271 4.673638820648193 1.8118125200271606 1.441947340965271 -0.09527464068052503 -0.7570296005229212 -8.0041119184558 7255 113 True
car -47.86609592284819 0.4454527844368954 -1.2503582416385441 4.673638820648193 1.8118125200271606 1.441947340965271 3.0448369066891137 -1.0427961867733755 -10.84234530667505 7258 7 True
truck 8.091363139882048 -40.201546565852766 0.2026629548926313 8.46804141998291 2.8910882472991943 3.8274123668670654 -1.6693392007891337 0.5972493307406228 6.05306967769233 7261 67 False
car 6.49101885495476 -56.52793118969771 -0.7823703038636629 4.611005783081055 2.241713285446167 1.6672759056091309 -1.6681852540635003 0.9335828894042881 9.566574641296546 7260 11 False
car 7.622523136260568 -4.0091658933693 -1.1062773178362497 4.855708599090576 2.0327565670013428 1.6493593454360962 1.4776729380753653 1.1469155475755002 13.03572610903221 7242 903 True
car 14.10059473622298 21.57644902211291 -1.239407270388834 5.237514495849609 1.9297595024108887 1.638383150100708 -1.6697429356693694 0.39625739652497066 3.995171391645752 7243 66 True
motorcycle 3.458194988131183 -46.44689420792315 -0.9081742646732947 2.0333523750305176 0.8025798797607422 1.4992748498916626 1.4734331927121254 0.7449022606971211 7.645708096216821 7257 5 True
pedestrian -12.128574528379986 -7.601280846723796 -0.8495240434566362 0.3753577768802643 0.3753577768802643 1.8600000143051147 3.0409688016310796 -0.1444224177585476 -1.5004305866910224 7251 4 True
pedestrian 18.385793844128287 13.247177985161215 -0.9513321558466048 0.9953577518463135 0.3753577768802643 1.8600000143051147 -1.6849724758152431 0.4072680479146089 3.128608297777792 7249 8 True
pedestrian -5.63604686640268 4.428260762618663 -0.9054816699118806 0.3753577768802643 0.3753577768802643 1.8600000143051147 -0.05297928407965766 0.12853871380043935 -0.8955236157658565 7245 56 True
pedestrian 8.32808883039695 -11.073945490123492 -1.0625302963397973 0.3753577768802643 0.3753577768802643 1.8600000143051147 1.921819242303848 -0.002317168393982666 0.6476105132763166 7247 13 True
pedestrian -19.510003838438834 -7.0957966833560135 -0.8564137571956678 0.3753577768802643 0.3753577768802643 1.8600000143051147 -3.1389184522090487 0.2055743577560626 -1.793909330568496 7253 6 True