7.340543746948242 -0.47441351413726807
car -38.166569867252576 67.4521918794359 -0.9452961153271584 4.181210041046143 1.994117259979248 1.3805816173553467 -1.4902326890513897 0.0 0.0 20001 0 True
car -47.164466095982846 89.32905753834558 -0.6794999707592666 4.4777727127075195 2.069315195083618 2.0377910137176514 0.08056271042256338 0.0 0.0 20011 0 False
car 33.96125002420314 83.92930910601945 -1.4864887013102734 3.633375883102417 1.845113754272461 1.5012825727462769 1.652451602916214 -14.313269457703939 -1.187237107088721 7259 0 False
car -40.688217465016294 -3.5604710171509026 -0.8555157987577315 4.552699089050293 2.097072124481201 1.7671663761138916 0.0803102429643472 -2.6188814931212355e-09 1.854053042296391e-09 7256 19 True
car -0.00255969023913849 4.076876994218992e-06 -1.2215855974850771 4.673638820648193 1.8118125200271606 1.441947340965271 0.0 7.340543993362174 -0.47441346428245845 -100 1341 False
car -12.121824799794183 3.9771816350994342 -1.1743623186632357 4.673638820648193 1.8118125200271606 1.441947340965271 -1.0980267565948432 -4.600264260840097 -6.2035407841905705 7255 243 True
car -23.918190553660395 86.97884918089692 -1.2716001325714306 4.673638820648193 1.8118125200271606 1.441947340965271 1.6518092490038607 -13.656899536543943 -1.1157236456825417 7258 0 False
truck -67.86729512819215 -9.783376956873362 0.2944634441159111 8.46804141998291 2.8910882472991943 3.8274123668670654 -3.0608011873919962 8.09156565367145 0.6570709429379709 7261 20 True
car -95.69176243926788 -12.029487766733915 -0.6515789453915044 4.611005783081055 2.241713285446167 1.6672759056091309 -3.0607987905490397 13.58004512577708 1.1025418114253929 7260 0 True
car 21.915492450228044 1.526736057714615 -1.231635936341405 4.855708599090576 2.0327565670013428 1.6493593454360962 0.08111542173202253 16.69551662510248 1.3663332042634337 7242 66 True
car 7.344491929891888 -3.668761695565351 -1.1502528297598187 5.237514495849609 1.9297595024108887 1.638383150100708 -3.060808377920866 -7.348759229064782e-06 -6.387361397898262e-07 7243 818 True
motorcycle -50.85431084314507 -4.386471693709517 -0.9378247647501827 2.0333523750305176 0.8025798797607422 1.4992746114730835 0.0811870531626857 2.7734914186724504 0.2273738797633405 7257 0 False
pedestrian -23.225751092107146 20.778090677821673 -0.8187398515052311 0.3753577768802643 0.3753577768802643 1.8600000143051147 1.6669089601562552 -1.5183434693471944 -0.1707048564598319 7251 1 True
pedestrian -4.654377339605901 -9.495451198428373 -0.8469742758325647 0.9953577518463135 0.3753577768802643 1.8600000143051147 3.130532855776813 3.5769682132175453 -0.2623862050263145 7249 43 True
pedestrian -9.691970312864612 10.292379253811042 -0.8517261738246757 0.3753577768802643 0.3753577768802643 1.8600000143051147 -1.5041642055783535 0.0 0.0 7245 25 True
pedestrian -22.056560005087306 -3.6070517396062733 -1.6467649620041531 0.3753577768802643 0.3753577768802643 1.8600000143051147 -1.966898174136771 0.01817954103964054 0.04518314656829884 7247 7 True
pedestrian -24.125037279806747 28.66082036644717 -0.8289720206008031 0.3753577768802643 0.3753577768802643 1.8600000143051147 1.7074156061218313 -1.768157725581623 -0.34637496702467685 7253 2 False