0.31675106287002563 10.147908210754395
car 63.677400512969605 70.51123531894353 -3.4753491258539775 4.181210041046143 1.994117259979248 1.3805816173553467 3.1057189814703197 0.0 0.0 20001 0 False
car 86.45034574556261 76.91563934750405 -3.393437524566828 4.4777727127075195 2.069315195083618 2.0377910137176514 -1.6066656190557267 0.0 0.0 20011 0 False
car -6.561250434067487 81.24929078236607 -4.101547528685176 4.552699089050293 2.097072124481201 1.7671663761138916 -1.606918086513943 6.190134135182134e-10 -4.7439632640487636e-09 7256 0 True
car -0.00259370479107357 -1.160859261517544e-05 -1.2215843582402375 4.673638820648193 1.8118125200271606 1.441947340965271 0.0 0.3167511231434217 10.147909552272585 -100 1387 False
car -8.674299937040786 21.210646658187784 -2.0383005914685555 4.673638820648193 1.8118125200271606 1.441947340965271 -1.6080248951980607 -0.36652855054812167 -9.513389129283471 7255 54 True
car 29.671309943128303 -1.5457655558944907 -0.9980711962005113 4.855708599090576 2.0327565670013428 1.6493593454360962 -0.034763277609931094 0.3210489511743592 9.5361926508508 7242 24 True
car -12.24814885583899 33.583365672694356 -2.410759079025306 5.237514495849609 1.9297595024108887 1.638383150100708 1.5351432926008435 1.5094148427381418e-07 -6.86075539679551e-08 7243 15 True
motorcycle -6.32852968286689 87.80252488974514 -4.476340768697083 2.0333523750305176 0.8025798797607422 1.4992756843566895 -1.606145402347781 1.799623518252489e-08 1.8420953852119775e-08 7257 0 False
pedestrian 21.101524809166282 61.023631459041155 -3.1165446024935974 0.3753577768802643 0.3753577768802643 1.8600000143051147 -0.015303043329874675 -0.009137248297493558 1.6992005337954956 7251 0 False
pedestrian -15.088971330938733 58.218417949498246 -3.1002360453488045 0.9953577518463135 0.3753577768802643 1.8600000143051147 1.4626822026545208 -0.5565876218756134 -3.0462904195538774 7249 1 True
pedestrian 1.0812194410039027 53.67176642697075 -2.9946406218240753 0.3753577768802643 0.3753577768802643 1.8600000143051147 1.8492476978446113 0.9797022067240542 -1.4536059268355224 7245 0 False
pedestrian -8.548174493526933 62.60769385750751 -4.116950140700508 0.3753577768802643 0.3753577768802643 1.8600000143051147 2.629051099541982 -0.0341703680482044 0.019415048393937318 7247 0 True
pedestrian 29.842604576596823 60.94261050301208 -3.091845381359601 0.3753577768802643 0.3753577768802643 1.8600000143051147 -0.03743988540267944 0.05494456337426161 1.8204149754538468 7253 0 False