11.506237983703613 -0.12509138882160187
car -40.13331224785992 70.04541188487009 -0.9201473642639106 4.181210041046143 1.994117259979248 1.3805816173553467 -1.559340085956262 0.0 0.0 20001 0 False
car -47.59925641640615 92.49131487697309 -0.6533317994865051 4.4777727127075195 2.069315195083618 2.0377910137176514 0.011455313517690862 0.0 0.0 20011 0 False
car 32.8325313482178 92.20131001210727 -1.431963169395332 3.633375883102417 1.845113754272461 1.5012825727462769 1.5820204829096196 -16.04766012786796 -0.17926863152129727 7259 0 False
car -47.55248521662401 -0.6236516377919914 -0.8505286153751839 4.552699089050293 2.097072124481201 1.7671663761138916 0.01120284605947468 4.435981861573485e-09 2.172086656428797e-08 7256 18 True
car -0.002612145786486053 -1.9357650415940952e-07 -1.2215852607374227 4.673638820648193 1.8118125200271606 1.441947340965271 0.0 11.506237985353128 -0.12509137868587403 -100 1372 False
car -13.654409688780675 1.1865248360107676 -1.1676344761129753 4.673638820648193 1.8118125200271606 1.441947340965271 -0.34226377921709084 6.925776679875816 -5.590544740394438 7255 173 True
car -24.673946033318884 97.27515804231362 -1.2443733845706628 4.673638820648193 1.8118125200271606 1.441947340965271 1.582596257850958 -11.143053516865976 -0.13574650974574742 7258 0 False
truck -80.94645568142397 -5.02296641474517 0.30750853416664703 8.46804141998291 2.8910882472991943 3.8274123668670654 -3.1300611832984355 8.580703132800116 0.10130829055607153 7261 0 True
car -112.55942623785515 -5.385073068515412 -0.6388861462413329 4.611005783081055 2.241713285446167 1.6672759056091309 -3.13023002756893 13.658991968200018 0.15442891994776167 7260 0 True
car 26.993613519026894 1.3965441253144295 -1.2153178597440348 4.855708599090576 2.0327565670013428 1.6493593454360962 0.4524820075241658 10.31345431436559 11.433387945769262 7242 53 True
car 0.35825236826821083 -4.048329361732246 -1.1197825157142076 5.237514495849609 1.9297595024108887 1.638383150100708 -3.1299157748257387 -2.159865335297717e-07 -2.5006794201983696e-08 7243 3948 True
motorcycle -55.84619089750055 -0.722853626689365 -0.9484497299445507 2.0333523750305176 0.8025798797607422 1.4992746114730835 0.012010200021950114 1.4447330161082215 0.018164602876525413 7257 0 False
pedestrian -28.48614803853303 23.52368769891769 -0.7992459398072975 0.3753577768802643 0.3753577768802643 1.8600000143051147 1.6038609154034655 -1.5331503797398691 -0.0811913524966196 7251 1 True
pedestrian -14.515025297624902 -8.805751647544673 -0.8144280411529543 0.9953577518463135 0.3753577768802643 1.8600000143051147 3.0505573739593226 3.5198396918238397 -0.6894424498020837 7249 15 True
pedestrian -16.004693181694677 10.283752119741663 -0.8242618457071487 0.3753577768802643 0.3753577768802643 1.8600000143051147 -2.1146569073970647 -0.6403281044189022 0.9806424141337521 7245 4 True
pedestrian -28.947435463087402 -1.915463874160313 -1.6320318072822853 0.3753577768802643 0.3753577768802643 1.8600000143051147 -2.036003174198687 0.01660486862113861 0.03448839785540648 7247 2 True
pedestrian -28.841038349104224 31.632741734598333 -0.8080905162508021 0.3753577768802643 0.3753577768802643 1.8600000143051147 1.5888741221859124 -1.7976469063736735 -0.06453068679451034 7253 0 False