5.487088680267334 -0.5278977155685425
car -38.79784996357597 66.0774893914468 -1.046569674439942 4.181210041046143 1.994117259979248 1.3805816173553467 -1.453583836725712 0.0 0.0 20001 0 True
car -48.59203758501491 87.60990724425659 -0.8038282457827535 4.4777727127075195 2.069315195083618 2.0377910137176514 0.11721156274824125 0.0 0.0 20011 0 False
car 33.17868580819436 80.98196813402453 -1.3964000377313468 3.633375883102417 1.845113754272461 1.5012825727462769 1.6891341442012258 -13.772647387329014 -1.6527822652638913 7259 0 False
car -38.71574283645856 -4.979893356137971 -0.9631796903577223 4.552699089050293 2.097072124481201 1.7671663761138916 0.11695909529002507 -5.4180790050114295e-09 -1.8503564601568895e-08 7256 17 True
car -0.0025476678268887554 3.2507095752976056e-06 -1.2215853335783788 4.673638820648193 1.8118125200271606 1.441947340965271 0.0 5.487088317952859 -0.5278976789896496 -100 1349 False
car -11.44078556730193 5.660425075738054 -1.2108405472592367 4.673638820648193 1.8118125200271606 1.441947340965271 -1.3056834463016191 -7.293401204126226 -3.598094400521341 7255 260 True
car -24.770350221746185 81.85719497340074 -1.3292822219138394 4.673638820648193 1.8118125200271606 1.441947340965271 1.6886268124420907 -14.822267223197159 -1.7641416391552798 7258 0 True
truck -63.260297842482885 -11.912467165934064 0.11206755886945441 8.46804141998291 2.8910882472991943 3.8274123668670654 -3.024097207678318 7.867234378511993 0.9309679407120913 7261 22 False
car -89.28651469684365 -14.976814210810936 -0.9094796250206159 4.611005783081055 2.241713285446167 1.6672759056091309 -3.0241499382233616 13.690532590463457 1.6183426105241008 7260 0 True
car 18.67574206934256 1.8082821865091958 -1.1692899267136747 4.855708599090576 2.0327565670013428 1.6493593454360962 0.11778338508319688 17.031244151123925 2.0252260787371656 7242 92 True
car 9.289237011948444 -3.3279188338926318 -1.134956822478161 5.237514495849609 1.9297595024108887 1.638383150100708 -3.024159525595188 -3.418836932349208e-05 -4.050069132636196e-06 7243 512 True
motorcycle -49.625269303945174 -6.270302769600583 -1.0718724094488128 2.0333523750305176 0.8025798797607422 1.499274730682373 0.11783549645681411 1.6897277437270288 0.20112948324096983 7257 0 False
pedestrian -22.096361533133347 19.52789390568187 -0.8809819235529388 0.3753577768802643 0.3753577768802643 1.8600000143051147 1.7037363772821954 -1.5078468169203514 -0.22607356610539148 7251 3 True
pedestrian -1.4174228080237299 -9.543370571883472 -0.86453265184205 0.9953577518463135 0.3753577768802643 1.8600000143051147 -3.055988002162774 3.5703148703308494 0.20761169433275892 7249 37 True
pedestrian -8.267261008257378 10.090209963838468 -0.8801898371020824 0.3753577768802643 0.3753577768802643 1.8600000143051147 -1.5294765399960941 -0.7832400959746487 -0.005792807349730052 7245 6 True
pedestrian -20.0998188261849 -4.361830483328234 -1.7066902474187302 0.3753577768802643 0.3753577768802643 1.8600000143051147 -1.9302369381224844 0.017705443475601254 0.049282189857784 7247 1 True
pedestrian -23.251331812322462 27.294294038992305 -0.8934382735001254 0.3753577768802643 0.3753577768802643 1.8600000143051147 1.74518018884378 -1.7508217631588259 -0.41395053910430474 7253 3 True