0.0030994017142802477 -8.376173973083496
car -53.09290032619339 -19.798408691707664 -1.269073474827087 4.181210041046143 1.994117259979248 1.3805816173553467 -0.00037923381890190975 0.0 0.0 20001 3 True
car -52.68033719202634 -94.07678340695671 -1.2932828065443958 5.357479572296143 2.033203125 1.4147460460662842 -0.00037870118713378905 0.0 0.0 20003 0 False
car -75.62630336666818 -26.999366000873692 -1.120600562075403 4.4777727127075195 2.069315195083618 2.0377910137176514 1.570416165655051 0.0 0.0 20011 0 False
car -28.429931028698498 53.45601105616828 -1.3247098853738033 3.633375883102417 1.845113754272461 1.5012825727462769 -3.140910761337704 0.007978368949376468 -4.590041240582203 7259 0 False
car 17.48433719243802 -37.599746902618676 -0.9561159697349491 4.552699089050293 2.097072124481201 1.7671663761138916 1.5709386631803932 -0.004742067021814346 7.0634852169604505 7256 7 True
car -0.002592739573987757 1.615583113334651e-05 -1.221585333008603 4.673638820648193 1.8118125200271606 1.441947340965271 0.0 0.003099401709158585 -8.376174164160807 -100 1390 False
car -16.73253576996312 0.01333764313096708 -1.3074587721973683 4.673638820648193 1.8118125200271606 1.441947340965271 -0.0012283820152282714 -0.021190713726135405 -8.826858393365537 7255 80 True
car -28.088980019946632 -4.004906501806943 -1.3657950871522653 4.673638820648193 1.8118125200271606 1.441947340965271 3.141214228287591 9.26699480639307e-05 -5.374934670805185 7258 39 True
truck 21.484490270094582 -32.56165419097431 0.07927083427788184 8.46804141998291 2.8910882472991943 3.8274123668670654 -1.570600722562578 -0.003714364477279651 5.055344132801985 7261 132 True
car 21.485024116087068 -45.74108544418391 -0.999757904848604 4.611005783081055 2.241713285446167 1.6672759056091309 -1.5707674363059996 -0.0030658876090915903 6.422080480900487 7260 3 True
car 17.481788234379586 -18.040661247947867 -1.0408172617533693 4.855708599090576 2.0327565670013428 1.6493593454360962 1.570958640382698 -0.011089597742754361 14.992078453637468 7242 41 True
car 21.474982390399823 24.539167198839152 -1.0117293954564675 5.237514495849609 1.9297595024108887 1.638383150100708 -1.5742244827969867 -1.0972709173428348e-07 -1.5927007095751374e-06 7243 24 True
motorcycle 17.484670377231488 -54.40242013272808 -1.0866335263306006 2.0333523750305176 0.8025798797607422 1.4992748498916626 1.5705782102229109 0.0003821091355890791 6.40171193738609 7257 0 False
pedestrian 0.06157479803687238 -8.441022402802616 -0.8854246585554602 0.3753577768802643 0.3753577768802643 1.8600000143051147 -2.9897392129096985 0.45576477193176856 -1.5063987919440127 7251 28 True
pedestrian 26.566950172757384 18.900099553866426 -0.74740057943818 0.9953577518463135 0.3753577768802643 1.8600000143051147 -1.569122136774275 -0.029583983954690512 3.15620500626368 7249 6 True
pedestrian 2.0335416508648194 3.635414555700322 -0.8656591504911639 0.3753577768802643 0.3753577768802643 1.8600000143051147 0.2931824962340461 0.6112860404429322 -1.0247278438706802 7245 133 True
pedestrian 18.850082542565815 -10.927469386651126 -0.8918247870038434 0.9953577518463135 0.3753577768802643 1.8600000143051147 3.0664533675244647 -0.5128806534229982 -3.399546223965393 7247 16 True
pedestrian -7.009969498310159 -8.5867959467069 -0.9218581872957461 0.3753577768802643 0.3753577768802643 1.8600000143051147 -3.1014577941674126 0.19781842964115454 -1.7331558527449311 7253 17 True