0.0026131444610655308 -5.134109973907471
car -37.58386277402873 -19.797465640064274 -0.8038687881754905 4.181210041046143 1.994117259979248 1.3805816173553467 -0.000281762205335829 0.0 0.0 20001 0 True
car -37.16432761081548 -94.07579788318753 -0.8310942998224409 5.357479572296143 2.033203125 1.4147460460662842 -0.00028122957356770833 0.0 0.0 20003 0 True
car -60.11385368765592 -27.000613216507077 -0.4240840602280298 4.4777727127075195 2.069315195083618 2.0377910137176514 1.5705136372686173 0.0 0.0 20011 0 False
car -7.5427089768317614 53.464529517676 -1.1418285501953236 3.633375883102417 1.845113754272461 1.5012825727462769 -3.1407088938975862 0.003445384729661743 -1.689138411575254 7259 0 False
car 32.99698631439311 -49.40122520989837 -1.2136943339845028 4.552699089050293 2.097072124481201 1.7671663761138916 1.5706737184882904 -0.001052803378397706 4.149458449161868 7256 0 True
car -0.002595293663944176 1.9912012874101492e-05 -1.2215851291277062 4.673638820648193 1.8118125200271606 1.441947340965271 0.0 0.002613144304661226 -5.134109762577192 -100 1345 False
car -14.916830710505558 -0.3316604960135692 -1.1454016276566152 4.673638820648193 1.8118125200271606 1.441947340965271 0.2057346130701701 1.7372457865218298 -4.818383503307483 7255 126 True
car -3.046096583011341 -3.999557359034611 -1.2061638913355037 4.673638820648193 1.8118125200271606 1.441947340965271 -3.1413947904569834 0.0024642570694611973 -3.7118684900821988 7258 2099 True
truck 37.00255409393542 -25.89617106478204 -0.22169662420946867 8.46804141998291 2.8910882472991943 3.8274123668670654 -1.5703509182633293 -0.0022646432436733946 3.377114495625003 7261 72 True
car 36.99406893308645 -39.12826353938573 -1.2984569438500784 4.611005783081055 2.241713285446167 1.6672759056091309 -1.570685144697825 -0.0005424643455988409 1.5709826374667992 7260 0 True
car 32.993924997913766 -35.78040568415878 -1.2996669447599958 4.855708599090576 2.0327565670013428 1.6493593454360962 1.570929157081725 -0.0033378553140080577 5.557114062797869 7242 0 True
car 36.97840476142833 24.54795039591062 -1.3124665290368502 5.237514495849609 1.9297595024108887 1.638383150100708 -1.5741078364397683 -0.002784976970434214 0.3906712178902713 7243 0 False
motorcycle 32.993820049999215 -63.70548587142508 -1.3451827464925998 2.0333523750305176 0.8025798797607422 1.4992752075195312 1.5706231286701002 -3.006066111194971e-08 -3.190149524056211e-08 7257 0 False
pedestrian 18.009173156926956 -8.297061528216318 -0.9782704957708717 0.3753577768802643 0.3753577768802643 1.8600000143051147 -3.134568049084981 0.01899574300034714 -1.3700907588145614 7251 3 True
pedestrian 42.04750986287613 24.366024979883264 -1.1001015469871425 0.9953577518463135 0.3753577768802643 1.8600000143051147 -1.5530510384347704 -0.12638527049368029 3.2748353983533263 7249 0 False
pedestrian 15.042826742132075 3.2080092013083004 -0.9537112244700632 0.3753577768802643 0.3753577768802643 1.8600000143051147 0.30610840398279826 0.26042357883555606 -0.40663417110139094 7245 7 True
pedestrian 40.2088294067763 -10.73752706668472 -1.0908548649022025 0.3753577768802643 0.3753577768802643 1.8600000143051147 -1.8368452339659798 0.6409055341399356 1.2755867886275594 7247 0 True
pedestrian 11.453855924693851 -8.412936929300315 -0.9447801184379538 0.3753577768802643 0.3753577768802643 1.8600000143051147 -3.118371649122026 0.07683411254510454 -1.659747483727151 7253 18 True