13.618208885192871 -0.008414353244006634
car -51.3895862319136 70.50810525547304 -1.0361994708950641 4.181210041046143 1.994117259979248 1.3805816173553467 -1.5701940582726364 0.0 0.0 20001 0 False
car -58.61277880371887 93.03341249485383 -0.779048029288322 4.4777727127075195 2.069315195083618 2.0377910137176514 0.0006013412013166877 0.0 0.0 20011 0 False
car 21.81032221712934 107.0693331218536 -1.1814697777674177 3.633375883102417 1.845113754272461 1.5012825727462769 1.5708843489140836 -17.669376112927374 0.006754996814390019 7259 0 False
car -59.57517092975672 -0.07631185362112447 -1.0817154659026025 4.552699089050293 2.097072124481201 1.7671663761138916 0.0003488737431005057 3.2788624616879035e-10 1.118307418907386e-09 7256 7 True
car -0.0025418535276457987 -1.6710336092629063e-07 -1.221585371644301 4.673638820648193 1.8118125200271606 1.441947340965271 0.0 13.618208897901562 -0.008414353005685994 -100 1366 False
car -19.47445063946708 0.328606262805625 -1.232936267796148 4.673638820648193 1.8118125200271606 1.441947340965271 -0.09303858600400201 7.786657969812425 -1.344102976344866 7255 62 True
car -35.64553573080923 106.32940307776799 -1.2580176027297654 4.673638820648193 1.8118125200271606 1.441947340965271 1.571901675591194 -8.329217839186247 -0.013739210378776292 7258 0 False
truck -100.98376424640406 -4.119722380548774 -0.09053329247424902 8.46804141998291 2.8910882472991943 3.8274123668670654 -3.140934596674346 9.094781704874588 0.006495363197959537 7261 0 True
car 22.20377367086911 10.826096140721123 -1.139150564606537 4.855708599090576 2.0327565670013428 1.6493593454360962 1.6347113447412287 -14.230043659992653 -0.5072754848100086 7242 78 True
car -11.70366539001759 -4.020469728541973 -1.1293586339364752 5.237514495849609 1.9297595024108887 1.638383150100708 -3.1407697471421123 7.39390399902075e-08 2.1927712425105827e-07 7243 309 True
motorcycle -66.14616404465443 -0.08339448213380729 -1.2172572150230003 2.0333523750305176 0.8025798797607422 1.4992748498916626 0.0011500552367923987 -0.00439227082869147 3.5319874131558246e-05 7257 0 False
pedestrian -40.27862930980933 25.249697131677568 -0.9135024490655135 0.3753577768802643 0.3753577768802643 1.8600000143051147 1.5897729361490047 -1.5435325393638373 -0.0621151573366761 7251 0 False
pedestrian -29.838696626431442 -8.315362221953045 -0.9013569808363937 0.9953577518463135 0.3753577768802643 1.8600000143051147 3.035340348514388 3.5058869934944923 -0.7570861388977173 7249 5 True
pedestrian -29.10451766921915 9.599698648794229 -0.8951681184472644 0.3753577768802643 0.3753577768802643 1.8600000143051147 -2.8103923761187226 1.3101466721316093 1.1655952969541858 7245 7 True
pedestrian -40.95376630293225 -1.5148665783803725 -1.777097063248871 0.3753577768802643 0.3753577768802643 1.8600000143051147 -2.0468586112524236 0.009205678702927104 0.018308185635630605 7247 0 True
pedestrian -40.53708273579099 33.5938343747698 -0.9148407647726626 0.3753577768802643 0.3753577768802643 1.8600000143051147 1.5953181654869086 -1.8058220210245057 -0.061486275693376675 7253 0 False