3.2911453247070312 -7.988157749176025
car -68.22826844293675 1.704335739392377 -0.9314137892111596 4.181210041046143 1.994117259979248 1.3805816173553467 -0.3330338719668918 0.0 0.0 20001 3 True
car -92.09432513457166 -68.6299005733394 0.04551138802029442 5.357479572296143 2.033203125 1.4147460460662842 -0.3330333393351237 0.0 0.0 20003 0 False
car -91.87648692222504 2.2601911777412624 -0.6434956416237654 4.4777727127075195 2.069315195083618 2.0377910137176514 1.2377615275070613 0.0 0.0 20011 0 False
car -31.401724922857696 66.4660074844628 -2.0576882753035655 3.633375883102417 1.845113754272461 1.5012825727462769 2.8098193974291483 -3.0694059153034523 -8.945984434532313 7259 0 False
car -4.256234043067181 -29.25805668999766 -0.6394652608559763 4.552699089050293 2.097072124481201 1.7671663761138916 1.2381805677157707 0.6460848563415389 1.8736832056324257 7256 28 True
car -0.0025948195879976765 7.758387710055104e-07 -1.2215852606589266 4.673638820648193 1.8118125200271606 1.441947340965271 0.0 3.2911455979529602 -7.98815825959747 -100 1310 False
car -14.998288601908385 4.261678265926605 -1.2621106321519973 4.673638820648193 1.8118125200271606 1.441947340965271 -0.32975432501263086 -2.914935618340826 -8.567540242476976 7255 113 True
car -52.2980793035436 12.899891411579574 -1.332512145536386 4.673638820648193 1.8118125200271606 1.441947340965271 2.809295687243144 -4.080105062511166 -11.851140076753522 7258 6 True
truck -4.630302323439395 -42.60512755239154 0.5615912233372047 8.46804141998291 2.8910882472991943 3.8274123668670654 -1.9048159717911615 2.1104653056303553 6.085227307882459 7261 71 True
car -10.363079383003253 -59.178308648534596 -0.28000252055806785 4.611005783081055 2.241713285446167 1.6672759056091309 -1.903639920847151 3.3887417047420105 9.804463499637766 7260 3 True
car 5.319515923493228 -1.5794474643859644 -1.1160598316458925 4.855708599090576 2.0327565670013428 1.6493593454360962 1.241049966134789 4.7078387250099825 13.896523043844486 7242 2266 True
car 15.767979180150434 16.473368549592124 -1.3721193715818956 5.237514495849609 1.9297595024108887 1.638383150100708 -1.9041318062850106 1.5533953729531762 4.4905090565830195 7243 75 True
motorcycle -9.214437057522758 -43.616434481171325 -0.5650913867763894 2.0333523750305176 0.8025798797607422 1.4992749691009521 1.2382876878510871 1.9911135134602231 5.774763756239027 7257 4 True
pedestrian -16.50995195198206 -4.271878265829741 -0.8068468940885838 0.3753577768802643 0.3753577768802643 1.8600000143051147 2.8332796962877906 -0.46529561176731765 -1.502096724466021 7251 17 True
pedestrian 18.143831964805983 7.8528230032466695 -1.0184251767832473 0.9953577518463135 0.3753577768802643 1.8600000143051147 -1.914305605687883 1.1012670728632241 2.9454242144742273 7249 9 True
pedestrian -6.535332628288458 5.5345609968147755 -0.9458329525239684 0.3753577768802643 0.3753577768802643 1.8600000143051147 -0.5024516537174648 -0.8210184448404807 -1.1841631460649218 7245 55 True
pedestrian 3.2853343214845268 -12.384148635928966 -1.165799788515712 0.9953577518463135 0.3753577768802643 1.8600000143051147 1.7685686989269256 -0.7058659022006745 -0.6006440572565264 7247 10 True
pedestrian -23.640240085207694 -2.038402522445949 -0.8283627489059961 0.3753577768802643 0.3753577768802643 1.8600000143051147 2.8309792596812775 -0.4459433774047425 -1.7213486937901983 7253 9 True