8.397371292114258 -3.0457496643066406
car -49.55120833130934 54.609953293398604 -1.8817721611126998 4.181210041046143 1.994117259979248 1.3805816173553467 -1.1881178165856465 0.0 0.0 20001 0 True
car -64.65168451715456 72.81997007455331 -1.9131817276969656 4.4777727127075195 2.069315195083618 2.0377910137176514 0.38267758288830633 0.0 0.0 20011 0 False
car 20.32838391025865 77.13555868704776 -2.5067707717595695 3.633375883102417 1.845113754272461 1.5012825727462769 1.9546355843538707 -10.898269708342262 -4.4161444831452545 7259 0 False
car -30.82939298762136 -13.928056811580731 -0.7858894778537042 4.552699089050293 2.097072124481201 1.7671663761138916 0.3824251154300901 -8.532356125087155e-06 -3.2354781319378245e-06 7256 19 True
car -0.002592463010842039 -5.657703070482967e-07 -1.2215852073832147 4.673638820648193 1.8118125200271606 1.441947340965271 0.0 8.397370687363848 -3.045749769687483 -100 1351 False
car -10.235080084271772 10.027756530649071 -1.3847509474593132 4.673638820648193 1.8118125200271606 1.441947340965271 -1.1881657534447776 -7.185982406392053 -2.8881666824977534 7255 172 True
car -34.84725673439539 60.34660776765398 -2.217211019422237 4.673638820648193 1.8118125200271606 1.441947340965271 1.9539198604154586 -14.321149977251187 -5.7774076764380835 7258 6 True
truck -46.36152560628034 -24.488936205412074 0.4214796310745643 8.46804141998291 2.8910882472991943 3.8274123668670654 -2.758998703458256 6.714365606229775 2.7044044671198826 7261 41 False
car -65.97962213869917 -32.399291034117454 -0.5057689087054866 4.611005783081055 2.241713285446167 1.6672759056091309 -2.7587481002113554 11.400016974318339 4.593268913835817 7260 0 False
car 8.510160077438513 1.9244251777985824 -1.171871879392702 4.855708599090576 2.0327565670013428 1.6493593454360962 0.3834714102013707 16.37110920993815 6.620456191508664 7242 642 True
car 15.058598049825207 0.25615020570506886 -1.1419960659794035 5.237514495849609 1.9297595024108887 1.638383150100708 -2.758693505455123 -0.00525248007646118 -0.0021219163709544405 7243 172 True
motorcycle -43.37090907723723 -18.985188888690843 -0.8180436968981515 2.0333523750305176 0.8025798797607422 1.499274730682373 0.38334275544247776 3.803718314540465 1.537035783355178 7257 0 True
pedestrian -20.690519640844457 12.817974495029034 -1.087670864548146 0.3753577768802643 0.3753577768802643 1.8600000143051147 1.9870587442905636 -1.328717224291402 -0.7282429315055556 7251 2 True
pedestrian 9.350017935279254 -7.466289820494268 -0.7678453134286327 0.9953577518463135 0.3753577768802643 1.8600000143051147 -2.7760612958341175 3.1251849029021668 1.1560868300444718 7249 21 True
pedestrian -5.819535703093038 9.592441669138736 -1.0360468889262853 0.3753577768802643 0.3753577768802643 1.8600000143051147 -1.0959505496403377 -0.682610678668653 -0.41145710356065845 7245 35 True
pedestrian -13.032768604905016 -8.516154034820957 -1.599444968214959 0.3753577768802643 0.3753577768802643 1.8600000143051147 1.4768084293822181 0.004800894712362755 0.05796012655548961 7247 11 True
pedestrian -23.684111177598595 19.808168672744443 -1.2036948470685882 0.3753577768802643 0.3753577768802643 1.8600000143051147 2.0065369548927943 -1.5965686092919533 -0.812148448489895 7253 5 True