15.104777336120605 1.2242183685302734
car -55.61890478066442 75.2651580677884 -1.5612337124759073 4.181210041046143 1.994117259979248 1.3805816173553467 -1.653827973339266 0.0 0.0 20001 0 False
car -60.93484941099558 98.3164858463214 -1.4767403047774739 4.4777727127075195 2.069315195083618 2.0377910137176514 -0.08303257386531317 0.0 0.0 20011 0 False
car -69.67231491207258 5.613127776075093 -1.049131253488202 4.552699089050293 2.097072124481201 1.7671663761138916 -0.08328504132352935 2.994362943745304e-12 -1.7442320353638105e-09 7256 2 True
car -0.0025494729796378124 -6.721455818592403e-07 -1.2215852662693178 4.673638820648193 1.8118125200271606 1.441947340965271 0.0 15.104778303807361 1.2242183546160348 -100 1369 False
car -22.474625163891346 1.7919612149252622 -1.2226270940028614 4.673638820648193 1.8118125200271606 1.441947340965271 -0.09711216098364525 11.593260783016591 -1.2937129451068288 7255 45 True
truck -117.74921087241796 5.589798560490198 -0.004288629788857357 8.46804141998291 2.8910882472991943 3.8274123668670654 3.0585742040352555 9.428744737072217 -0.7843700147445293 7261 0 True
car 13.409617065518148 21.13763271341469 -1.3056426843693671 4.855708599090576 2.0327565670013428 1.6493593454360962 1.481031824796703 -17.848645137697762 1.614935904538687 7242 79 True
car -22.297705720251372 -2.3168431018396234 -1.091656415586881 5.237514495849609 1.9297595024108887 1.638383150100708 3.058776337791257 -1.1571475170999221e-09 -9.940002295097774e-09 7243 64 True
motorcycle -76.21683020390924 6.153642172933047 -1.179783828904685 2.0333523750305176 0.8025798797607422 1.499274730682373 -0.08251235761249696 -4.026939259841287e-05 3.0842890218206137e-06 7257 0 False
pedestrian -48.25919859636741 30.329869602203285 -1.0985354483654213 0.3753577768802643 0.3753577768802643 1.8600000143051147 1.499722006697999 -1.5706938977554037 0.07109998528614658 7251 0 False
pedestrian -43.19342183717788 -4.6056870708062405 -0.8224904493846341 0.9953577518463135 0.3753577768802643 1.8600000143051147 2.951631066052569 3.4299754793277986 -1.049290012073253 7249 2 True
pedestrian -39.69463476233676 12.428571928109825 -1.0645235501916623 0.3753577768802643 0.3753577768802643 1.8600000143051147 -2.9102739569559892 1.4991465971293803 0.9105110856853538 7245 3 True
pedestrian -51.210249109281165 2.661201431086088 -1.743636130856945 0.3753577768802643 0.3753577768802643 1.8600000143051147 -2.130493991056416 4.911600944501055e-05 0.00202307226973432 7247 0 True
pedestrian -47.79920703987722 38.84001844939108 -1.1665275597896319 0.3753577768802643 0.3753577768802643 1.8600000143051147 1.5115711993274954 -1.8111191340479773 0.09017543091202726 7253 0 False