15.232436180114746 0.1755354255437851
car -57.91891900541947 71.09013591262845 -0.9909548037213032 4.181210041046143 1.994117259979248 1.3805816173553467 -1.5804261204519072 0.0 0.0 20001 0 False
car -64.91063681731208 93.68847962523519 -0.7443327332271075 4.4777727127075195 2.069315195083618 2.0377910137176514 -0.009630720977954236 0.0 0.0 20011 0 False
car 15.741796494600464 115.9491791750533 -1.3604551349294383 3.633375883102417 1.845113754272461 1.5012825727462769 1.5607355104485816 -18.503914309079438 0.193769218884244 7259 0 False
car -66.82639239719595 0.5931918800671443 -0.9327166608081869 4.552699089050293 2.097072124481201 1.7671663761138916 -0.009883188436170419 3.0599654119749425e-10 3.6162210581860855e-10 7256 6 True
car -0.002590931383736006 1.0904055991467487e-07 -1.2215851013457082 4.673638820648193 1.8118125200271606 1.441947340965271 0.0 15.232435113066433 0.1755354287020706 -100 1358 False
car -21.799447114007478 0.30954044915371215 -1.1845503639096724 4.673638820648193 1.8118125200271606 1.441947340965271 -0.0361408693409827 11.124508116624648 -0.6818516029855607 7255 42 True
car -41.773618489147 110.69988207316395 -1.297304417815873 4.673638820648193 1.8118125200271606 1.441947340965271 1.5616846602593726 -7.203012724500478 0.061714933062245785 7258 0 False
truck -112.88750887495496 -2.9807920457700945 0.16627079249744048 8.46804141998291 2.8910882472991943 3.8274123668670654 3.1319861769262087 9.358298150161579 -0.08959990922357877 7261 0 True
car 14.876561785312333 18.63364252154414 -1.1789619940157094 4.855708599090576 2.0327565670013428 1.6493593454360962 1.5626524521820477 -17.250509650972013 -0.0767481212284198 7242 56 True
car -18.99798958183112 -3.8407752326890785 -1.0855249126963549 5.237514495849609 1.9297595024108887 1.638383150100708 3.132178190678616 -1.041525069135338e-09 -3.656914553438289e-11 7243 101 True
motorcycle -73.39325669979831 0.6531704045420965 -1.0519084292322212 2.0333523750305176 0.8025798797607422 1.499274730682373 -0.009110448256547872 -0.00013021874094838677 6.861641130346777e-07 7257 0 False
pedestrian -47.28012435160764 26.4990030520526 -0.8403120427384501 0.3753577768802643 0.3753577768802643 1.8600000143051147 1.5744249458369348 -1.569402853346033 -0.05100598504524768 7251 0 False
pedestrian -38.956625823323236 -7.7410001302855935 -0.8079363665128448 0.9953577518463135 0.3753577768802643 1.8600000143051147 3.025032918939928 3.4976867635165516 -0.7949474655284318 7249 3 True
pedestrian -37.09463542582682 9.693851596657879 -0.9386445701655022 0.3753577768802643 0.3753577768802643 1.8600000143051147 -2.836733353493035 1.4269764564405296 1.0194867738441087 7245 2 True
pedestrian -48.20570696838723 -1.0052303760864088 -1.6692177069557435 0.3753577768802643 0.3753577768802643 1.8600000143051147 -2.0570918718531725 0.002470127273422618 0.007510072087473766 7247 0 False
pedestrian -47.44650491480945 34.972033279475696 -0.851280251495738 0.3753577768802643 0.3753577768802643 1.8600000143051147 1.58275583932211 -1.811355762777384 -0.028694006311743077 7253 0 False