14.644227027893066 2.169510841369629
car -51.511621453013845 79.14797479767964 -2.069653245562492 4.181210041046143 1.994117259979248 1.3805816173553467 -1.7263424180084863 0.0 0.0 20001 0 False
car -55.14394442647847 102.52390979975331 -2.1141176469959646 4.4777727127075195 2.069315195083618 2.0377910137176514 -0.15554701853453334 0.0 0.0 20011 0 False
car -70.57452410367779 10.70036894355222 -1.2349981736712934 4.552699089050293 2.097072124481201 1.7671663761138916 -0.15579948599274954 2.682816880176724e-10 -3.126409009754269e-09 7256 0 True
car -0.0026176300652878126 2.4332910371072103e-06 -1.221585245190703 4.673638820648193 1.8118125200271606 1.441947340965271 0.0 14.644226886047619 2.1695109448403995 -100 1386 False
car -22.653343725154855 3.2798903918430256 -1.2808529660227648 4.673638820648193 1.8118125200271606 1.441947340965271 -0.166346658184482 10.946198127671309 -1.9593371583511492 7255 54 True
car 13.693711185627876 21.92102847468314 -1.408203191244823 4.855708599090576 2.0327565670013428 1.6493593454360962 1.4108243414731554 -17.343004108066935 2.8290081502427697 7242 55 True
car -23.89881327667166 -0.6401338585719643 -1.1316889122740394 5.237514495849609 1.9297595024108887 1.638383150100708 2.9862618931220375 -5.1281914966092474e-11 -2.5643113162256046e-08 7243 55 True
motorcycle -77.06240826899705 11.712774070199224 -1.382970778599889 2.0333523750305176 0.8025798797607422 1.499274730682373 -0.15502680146898556 -1.8287144066233325e-05 2.874797312037659e-06 7257 0 False
pedestrian -47.40900627232986 33.957058386599535 -1.3643095362238036 0.3753577768802643 0.3753577768802643 1.8600000143051147 1.4439235442815357 -1.5637138866214562 0.17344345775953418 7251 0 False
pedestrian -45.24560349382773 -1.3285455181106656 -0.898722086349661 0.9953577518463135 0.3753577768802643 1.8600000143051147 2.904171619755745 3.3763322340034803 -1.2107152568742976 7249 3 True
pedestrian -40.35508695287325 15.29879280159657 -1.2179812303541606 0.3753577768802643 0.3753577768802643 1.8600000143051147 -2.9828043805782527 1.5612434380208444 0.7991220118599174 7245 0 True
pedestrian -52.369123696523104 6.421524277729283 -1.873420231396635 0.3753577768802643 0.3753577768802643 1.8600000143051147 -2.2030084357256356 -0.0003058478158801988 -0.0016184654822758973 7247 0 False
pedestrian -46.323011910005675 42.433900215350455 -1.4748044262470401 0.3753577768802643 0.3753577768802643 1.8600000143051147 1.4225129456245635 -1.7991559209666592 0.23317326337334804 7253 0 False