11.999601364135742 7.518895149230957
car -15.121538013624331 95.21160935359055 -9.932314154210701 4.181210041046143 1.994117259979248 1.3805816173553467 -2.201606582201428 0.0 0.0 20001 0 False
car -7.653473088426949 117.57580355316381 -11.85609099964313 4.4777727127075195 2.069315195083618 2.0377910137176514 -0.6308111827274748 0.0 0.0 20011 0 False
car -63.39235474072703 43.33794998563616 -4.620317088914845 4.552699089050293 2.097072124481201 1.7671663761138916 -0.6310636501856909 -2.1962154072870686e-09 -1.982820862569979e-08 7256 0 False
car -0.0025627103505598825 -6.26535245373816e-06 -1.2215838554102447 4.673638820648193 1.8118125200271606 1.441947340965271 0.0 11.999600923046126 7.518895158025508 -100 1363 False
car -20.818723602244233 12.40491528839209 -2.25345948245365 4.673638820648193 1.8118125200271606 1.441947340965271 -0.6365241915926122 8.213580842323536 -6.119289643450328 7255 40 True
car 20.528078146086443 20.063089763552398 -3.264695749277223 4.855708599090576 2.0327565670013428 1.6493593454360962 0.9437161012295617 -12.127433196112685 8.72897807027391 7242 51 True
car -27.08117835909161 11.99828980804972 -2.0583147726587256 5.237514495849609 1.9297595024108887 1.638383150100708 2.5109977289290955 -6.297580291623362e-08 -1.5806277813500707e-07 7243 51 True
motorcycle -68.69814729655147 47.183506288695526 -5.067264968374342 2.0333523750305176 0.8025798797607422 1.4992748498916626 -0.6302909660195289 -1.0631260912884005e-06 7.040378817332108e-07 7257 0 False
pedestrian -31.79087996183779 53.87409475300572 -5.748601836535656 0.3753577768802643 0.3753577768802643 1.8600000143051147 0.968645398504681 -1.3139046805457713 0.869981255698341 7251 0 False
pedestrian -47.438602969795 22.06024318358834 -2.5864898475681066 0.9953577518463135 0.3753577768802643 1.8600000143051147 2.425528972257614 2.4546919043467397 -2.493369347601727 7249 0 False
pedestrian -35.08553414877497 33.8404020531558 -3.9219690148982664 0.3753577768802643 0.3753577768802643 1.8600000143051147 2.8251021341728637 1.753777432189708 -0.005429805002668604 7245 0 True
pedestrian -49.138476221214944 31.199841570811344 -4.309882426435017 0.3753577768802643 0.3753577768802643 1.8600000143051147 -2.6782729993924033 -0.014062307000184725 -0.011654325343107305 7247 1 True
pedestrian -26.888532477769047 60.95607513880813 -6.4652718514720675 0.3753577768802643 0.3753577768802643 1.8600000143051147 0.9472940551319121 -1.4968782363229858 1.0280675690766046 7253 0 False