9.956329345703125 -0.19456124305725098
car -38.67155626496998 69.65014336371583 -1.0027269731037052 4.181210041046143 1.994117259979248 1.3805816173553467 -1.5491854696194132 0.0 0.0 20001 0 False
car -46.36540812746654 92.01915576029215 -0.7536072033414953 4.4777727127075195 2.069315195083618 2.0377910137176514 0.021609929854539862 0.0 0.0 20011 0 False
car 34.134880616759744 89.37500288030292 -1.4257149838388372 3.633375883102417 1.845113754272461 1.5012825727462769 1.5922969387634265 -15.635876955402022 -0.33913239544686985 7259 0 False
car -45.37271204692797 -1.0906024584035894 -0.9163844492564976 4.552699089050293 2.097072124481201 1.7671663761138916 0.02135746239632368 -4.577348507931172e-09 -6.726946765522881e-09 7256 14 True
car -0.002552840275939161 1.1824216272771082e-08 -1.2215853892602428 4.673638820648193 1.8118125200271606 1.441947340965271 0.0 9.956329799941157 -0.19456127824696337 -100 1358 False
car -13.243380296884368 1.7791210818904943 -1.1874230350564403 4.673638820648193 1.8118125200271606 1.441947340965271 -0.5375999637585547 4.907241801399193 -8.546140214184907 7255 185 True
car -23.43772342533333 94.69361063779508 -1.3137370717882675 4.673638820648193 1.8118125200271606 1.441947340965271 1.592829570531547 -11.94897082068432 -0.2681712090044526 7258 0 False
truck -77.01768989390473 -5.791466937699215 0.19628076625063962 8.46804141998291 2.8910882472991943 3.8274123668670654 -3.1198889901132385 8.452472230502783 0.18241005421441905 7261 0 True
car -107.5945565654417 -6.452892311206218 -0.7928327362713858 4.611005783081055 2.241713285446167 1.6672759056091309 -3.119906034329818 13.655188964168923 0.29758844423216574 7260 0 True
car 26.051610192678197 0.8276107887459752 -1.2011977470158133 4.855708599090576 2.0327565670013428 1.6493593454360962 0.18933422554298904 15.815945385838308 5.8344287830356505 7242 43 True
car 2.57063895950904 -4.028594928033966 -1.123970214241199 5.237514495849609 1.9297595024108887 1.638383150100708 -3.119761158488889 -4.1672548860707343e-07 -6.137611415149819e-08 7243 2897 True
motorcycle -54.09976429647861 -1.2837039892076767 -1.0208336393654625 2.0333523750305176 0.8025798797607422 1.499274730682373 0.022165585332910635 3.753300464531722 0.08522977060326432 7257 0 False
pedestrian -26.540031691730974 22.94225423389267 -0.8494979829077423 0.3753577768802643 0.3753577768802643 1.8600000143051147 1.6156710844335755 -1.5297699039128996 -0.10309869776292849 7251 3 True
pedestrian -11.53889008826178 -8.99468102354717 -0.8375420025014542 0.9953577518463135 0.3753577768802643 1.8600000143051147 3.060805999803245 3.5269152440951475 -0.6511168236863237 7249 18 True
pedestrian -13.789153914533358 10.376761067767045 -0.8551890676121232 0.3753577768802643 0.3753577768802643 1.8600000143051147 -1.9584920776232415 -0.6079135030633708 0.49213588470304265 7245 14 True
pedestrian -26.76031523121958 -2.2055567439180175 -1.6739135325180179 0.3753577768802643 0.3753577768802643 1.8600000143051147 -2.025849090493606 0.018087008732766457 0.03766067375873483 7247 0 True
pedestrian -26.97644619254288 30.99465418132892 -0.8616967658647496 0.3753577768802643 0.3753577768802643 1.8600000143051147 1.5953266814184388 -1.7724928470752408 -0.07786797507714502 7253 0 True