0.1752920150756836 10.154848098754883
car 61.202156630744796 71.86096068340584 -2.646610839629105 4.181210041046143 1.994117259979248 1.3805816173553467 3.126281230878618 0.0 0.0 20001 0 False
car 83.83905473184747 78.72996946405993 -2.513723757753141 4.4777727127075195 2.069315195083618 2.0377910137176514 -1.586103369647429 0.0 0.0 20011 0 False
car -9.242932992148994 81.16188377041897 -3.0311715133064894 4.552699089050293 2.097072124481201 1.7671663761138916 -1.586355837105645 4.1304771571165465e-10 -4.818140448781112e-09 7256 0 False
car -0.0025933059873377573 -1.3923424035056087e-05 -1.2215849400274195 4.673638820648193 1.8118125200271606 1.441947340965271 0.0 0.1752920223256778 10.154848609190042 -100 1341 False
car -10.136152723180073 20.119178017167712 -1.727253367244634 4.673638820648193 1.8118125200271606 1.441947340965271 -1.5872213634687669 -0.16429912865818683 -9.43044787593937 7255 60 True
car 29.60334638660686 -0.918035139253675 -1.0614865024664226 4.855708599090576 2.0327565670013428 1.6493593454360962 -0.014351363518185084 0.11746488571705395 8.885706995685657 7242 26 True
car -13.948052565422362 33.37124374638438 -1.955819212499602 5.237514495849609 1.9297595024108887 1.638383150100708 1.5557055420091417 -3.432831669113343e-08 -1.9016410060802974e-08 7243 18 True
motorcycle -9.14531648399576 87.72284663746075 -3.320550046441758 2.0333523750305176 0.8025798797607422 1.4992756843566895 -1.585583152939483 -5.6963267425430835e-08 -2.8926692914865317e-09 7257 0 False
pedestrian 19.000865408370277 61.49826372813732 -2.3503979063482845 0.3753577768802643 0.3753577768802643 1.8600000143051147 0.00536107190407647 -0.044294355786068544 1.7039228374721298 7251 0 False
pedestrian -17.263397463332677 58.3068891909698 -2.3275325402058815 0.9953577518463135 0.3753577768802643 1.8600000143051147 1.483276409968906 -0.570859642431696 -3.5399792738676825 7249 0 True
pedestrian -1.0862023910092642 53.902530386775936 -2.300225353515991 0.3753577768802643 0.3753577768802643 1.8600000143051147 1.8698099472529093 1.009406805911678 -1.4338012227804338 7245 0 False
pedestrian -10.83941830694604 62.48112839951153 -3.2873577933653344 0.3753577768802643 0.3753577768802643 1.8600000143051147 2.649613881582048 -0.03842413062316602 0.01973931200475922 7247 0 True
pedestrian 27.75375908905297 61.59202113172387 -2.339220863558822 0.3753577768802643 0.3753577768802643 1.8600000143051147 -0.01818298330010308 0.030802334495565933 1.822204574752503 7253 0 False