2.7661209106445312 10.819211959838867
car 58.25862676566041 76.46426698188685 -5.122439016037351 4.181210041046143 1.994117259979248 1.3805816173553467 -3.0755061102133854 0.0 0.0 20001 0 False
car 80.26246754347326 85.1493154302388 -5.298668444137757 4.4777727127075195 2.069315195083618 2.0377910137176514 -1.5047107107394326 0.0 0.0 20011 0 False
car -12.709939103188937 79.99838156211877 -5.494963566816356 4.552699089050293 2.097072124481201 1.7671663761138916 -1.5049631781976487 1.7745519544796411e-09 -1.6619516017769964e-08 7256 0 True
car -0.002598820217755815 1.8925186338947242e-05 -1.2215869277325488 4.673638820648193 1.8118125200271606 1.441947340965271 0.0 2.7661211728529542 10.819212149758394 -100 1359 False
car -8.826337879514455 22.08563290341442 -2.4600570342121983 4.673638820648193 1.8118125200271606 1.441947340965271 -1.506655349324968 0.6579005741922777 -10.531236697821353 7255 52 True
car 29.726554881715913 1.2457846227036953 -1.1439386954929986 4.855708599090576 2.0327565670013428 1.6493593454360962 0.06723370861604479 -0.7530590717411059 10.950841398245917 7242 26 True
car -13.512971431944095 32.04042208204214 -2.920280815122588 5.237514495849609 1.9297595024108887 1.638383150100708 1.637098200917138 9.7452724667157e-08 -6.989335724525531e-08 7243 11 True
motorcycle -13.146452103416745 86.53337154756088 -5.98777543417653 2.0333523750305176 0.8025798797607422 1.4992754459381104 -1.5041904940314867 2.8904159232636296e-09 1.3879754541040656e-08 7257 0 False
pedestrian 16.530911307541118 62.67947846603977 -4.324321359586651 0.3753577768802643 0.3753577768802643 1.8600000143051147 0.08680046924972533 -0.18390884353344433 1.6782794750899321 7251 0 False
pedestrian -18.851479920916933 55.52636081212955 -3.9904080000483155 0.9953577518463135 0.3753577768802643 1.8600000143051147 1.5643561477131314 -0.16315677285514174 -2.0302788332585022 7249 1 True
pedestrian -2.167836937004722 53.03968013255269 -3.9276856113033496 0.3753577768802643 0.3753577768802643 1.8600000143051147 1.9512026061609054 1.1226741324917588 -1.3452775958756604 7245 0 False
pedestrian -12.806816312005385 61.26109421485256 -5.166395369422073 0.3753577768802643 0.3753577768802643 1.8600000143051147 2.7310069399638706 -0.0295590979084134 0.00850187068631174 7247 0 True
pedestrian 25.21036266940007 63.49415540134703 -4.353943010113181 0.3753577768802643 0.3753577768802643 1.8600000143051147 0.07811431037521363 -0.20747639649707353 1.8069065104219577 7253 0 False