0.004690423607826233 -8.089889526367188
car -56.916447895415516 -19.787467593374174 -0.9537824902852434 4.181210041046143 1.994117259979248 1.3805816173553467 -0.0005812344169616699 0.0 0.0 20001 2 True
car -56.51903856883693 -94.06592279811522 -0.9793153239531366 5.357479572296143 2.033203125 1.4147460460662842 -0.0005807017851935493 0.0 0.0 20003 0 False
car -79.45003948139478 -26.983868960081395 -0.6725213729481843 4.4777727127075195 2.069315195083618 2.0377910137176514 1.5702141650569914 0.0 0.0 20011 0 False
car -35.108159566239586 53.460755810923445 -1.1543041485248497 3.633375883102417 1.845113754272461 1.5012825727462769 -3.141065890340169 0.010848197238485555 -6.671735290434977 7259 0 False
car 13.658125376831507 -33.52939325874786 -1.055720387027609 4.552699089050293 2.097072124481201 1.7671663761138916 1.5708747295531427 -0.005609974534804983 8.620879533460634 7256 21 True
car -0.002593474978070276 1.2665433359870804e-06 -1.2215854177741652 4.673638820648193 1.8118125200271606 1.441947340965271 0.0 0.004690423314621796 -8.08988934278906 -100 1378 False
car -16.21972157672254 0.008531963292227829 -1.2095246327840883 4.673638820648193 1.8118125200271606 1.441947340965271 -0.0017025574467976886 -0.027813105601777185 -9.656893409022244 7255 80 True
car -35.179609370291764 -3.9995391518509678 -1.1954324193305041 4.673638820648193 1.8118125200271606 1.441947340965271 -3.141316227271186 0.00980237380710949 -8.07083936349469 7258 17 True
truck 17.664870532752026 -35.11254859967363 -0.043783424020447326 8.46804141998291 2.8910882472991943 3.8274123668670654 -1.5707297526084052 -0.0014238580972873946 5.192385694757423 7261 107 True
car 17.65534006355391 -49.322938541373446 -1.1222746241713977 4.611005783081055 2.241713285446167 1.6672759056091309 -1.571029624293857 0.0018549021204848043 7.74866035216969 7260 0 True
car 13.631577338088903 -11.23063792397329 -1.0733466279006285 4.855708599090576 2.0327565670013428 1.6493593454360962 1.5807553690680232 0.037425307774298575 12.11541547189643 7242 187 True
car 17.660527746908574 24.48844076457175 -1.1361458637941015 5.237514495849609 1.9297595024108887 1.638383150100708 -1.5745732234471639 0.0019500573529257078 0.47315789178192974 7243 48 True
motorcycle 13.655539507643905 -50.67365164029394 -1.1857892243367711 2.0333523750305176 0.8025798797607422 1.499274730682373 1.5703779119399086 0.0020740167674577104 8.242010940229985 7257 0 False
pedestrian -4.569423432608133 -8.55094444417125 -0.8827016506213079 0.3753577768802643 0.3753577768802643 1.8600000143051147 -3.023022439993964 0.42703723154006223 -1.6298003694248224 7251 18 True
pedestrian 22.756986904213157 17.36195618574169 -0.9017527463840636 0.9953577518463135 0.3753577768802643 1.8600000143051147 -1.5659685572331745 -0.026063018920489938 3.128816879817797 7249 0 True
pedestrian -1.0491421036933204 3.903502218486608 -0.8758674316152304 0.3753577768802643 0.3753577768802643 1.8600000143051147 0.35661108349863685 1.0758978500685024 -1.2610670213977542 7245 155 True
pedestrian 14.76398899806977 -10.489288564230662 -1.031618690142746 0.3753577768802643 0.3753577768802643 1.8600000143051147 2.4223877764051225 0.1233231849328175 0.6928824363661849 7247 7 True
pedestrian -11.719921026806531 -8.62548063153622 -0.8774352052536338 0.3753577768802643 0.3753577768802643 1.8600000143051147 -3.0677532553545634 0.1809990708758015 -1.7373286505961507 7253 17 True