0.003546021180227399 -7.777093887329102
car -53.89567134973589 -19.795571003521275 -1.2619863941404288 4.181210041046143 1.994117259979248 1.3805816173553467 -0.00043396173307630746 0.0 0.0 20001 2 True
car -53.487186105979745 -94.07396572334159 -1.285403549158861 5.357479572296143 2.033203125 1.4147460460662842 -0.0004334291013081868 0.0 0.0 20003 0 False
car -76.42943854720508 -26.995290642186603 -1.108829741420505 4.4777727127075195 2.069315195083618 2.0377910137176514 1.5703614377408768 0.0 0.0 20011 0 False
car -29.715838056669888 53.45730627776976 -1.326220518809469 3.633375883102417 1.845113754272461 1.5012825727462769 -3.140986794522603 0.008397890046157321 -5.099461087605098 7259 0 False
car 16.680581725555623 -36.86096778527798 -0.9626906402190697 4.552699089050293 2.097072124481201 1.7671663761138916 1.5708922272739438 -0.004721419096976274 7.609753404849628 7256 9 True
car -0.0025938464306634046 -6.811235778059199e-06 -1.2215852488901966 4.673638820648193 1.8118125200271606 1.441947340965271 0.0 0.0035460210434436128 -7.77709348108598 -100 1343 False
car -16.680765841673484 0.012621804398349923 -1.303895461800394 4.673638820648193 1.8118125200271606 1.441947340965271 -0.0017335832472907173 -0.027666478261997463 -8.348463779287865 7255 100 True
car -29.436011123226933 -4.003603203083117 -1.366723033191189 4.673638820648193 1.8118125200271606 1.441947340965271 3.1414021141437956 0.0020205527944724007 -5.512362981569225 7258 32 True
truck 20.68128952320294 -33.06722315531687 0.07171998485138809 8.46804141998291 2.8910882472991943 3.8274123668670654 -1.5705758220274184 -0.0041382216973832224 5.0873851009655064 7261 124 True
car 20.680821713422446 -46.41005774001144 -1.007646056330855 4.611005783081055 2.241713285446167 1.6672759056091309 -1.57067169574568 -0.003303962683707431 6.73038142491872 7260 2 True
car 16.67899578311627 -16.552829709035336 -1.0473910168987588 4.855708599090576 2.0327565670013428 1.6493593454360962 1.5709015809041675 -0.009740272002838939 14.706094428569532 7242 77 True
car 20.67469376363104 24.53791719189843 -1.0203837679625072 5.237514495849609 1.9297595024108887 1.638383150100708 -1.5742792107111614 6.052476121474761e-07 -8.16844786874255e-07 7243 40 True
motorcycle 16.680215243874567 -53.740759947361084 -1.0931103555022816 2.0333523750305176 0.8025798797607422 1.4992748498916626 1.5705237945114454 0.0008829618284068932 6.791985844332446 7257 0 False
pedestrian -0.8981221086328866 -8.465105765085013 -0.8900996155534557 0.3753577768802643 0.3753577768802643 1.8600000143051147 -2.99031059363895 0.4686190029008623 -1.5136809989920559 7251 33 True
pedestrian 25.76819424070287 18.59672350364582 -0.7570182886286356 0.9953577518463135 0.3753577768802643 1.8600000143051147 -1.5656939855567082 -0.028135346361887872 3.156147414306218 7249 1 True
pedestrian 1.3681972050603832 3.682202058439941 -0.8694259804448562 0.3753577768802643 0.3753577768802643 1.8600000143051147 0.3157534331978692 0.7349658182725667 -1.0874917221264446 7245 81 True
pedestrian 17.694441355316293 -10.906111800839483 -0.9012738346528325 0.9953577518463135 0.3753577768802643 1.8600000143051147 3.0754995854742257 -0.5159095936849324 -3.642672968970093 7247 13 True
pedestrian -7.9865190936448975 -8.591685863859027 -0.9251715568780156 0.3753577768802643 0.3753577768802643 1.8600000143051147 -3.10770702954483 0.14804525404092353 -1.738658412569651 7253 18 True