0.10563721507787704 -8.594629287719727
car -59.63383299296616 -19.433568008071575 -0.9326717256030861 4.181210041046143 1.994117259979248 1.3805816173553467 -0.006641918148464626 0.0 0.0 20001 3 True
car -59.686610790494015 -93.7130653142691 -0.9009372345529485 5.357479572296143 2.033203125 1.4147460460662842 -0.006641385516696506 0.0 0.0 20003 0 False
car -82.21060682727571 -26.49304813547849 -0.6443509853961444 4.4777727127075195 2.069315195083618 2.0377910137176514 1.5641534813254883 0.0 0.0 20011 0 False
car -39.52896846052657 53.6928353940155 -1.189234238126474 3.633375883102417 1.845113754272461 1.5012825727462769 3.1359666069501237 -0.03478141196361606 -7.588844950760725 7259 0 False
car 10.87033160098577 -31.26444043847772 -1.032034402395005 4.552699089050293 2.097072124481201 1.7671663761138916 1.5647544436635978 0.03854237037996822 7.010715719597258 7256 27 True
car -0.002593378583485517 1.1639596039003663e-05 -1.2215853840385567 4.673638820648193 1.8118125200271606 1.441947340965271 0.0 0.10563721773350646 -8.594629122160569 -100 1355 False
car -15.952437368728273 0.09380527914913728 -1.2088853943088331 4.673638820648193 1.8118125200271606 1.441947340965271 -0.006335921197679307 -0.06319364151270268 -9.254656889222213 7255 87 True
car -40.42819946966885 -3.762771429725092 -1.1858946222835058 4.673638820648193 1.8118125200271606 1.441947340965271 3.1358060184720356 -0.04659655965918645 -9.447897072782437 7258 14 True
truck 14.843545660250287 -36.81762090439446 -0.015275387120793127 8.46804141998291 2.8910882472991943 3.8274123668670654 -1.5768452974120244 0.029527261647130352 5.521455754834712 7261 98 True
car 14.741558445543621 -51.88375098347592 -1.0814700747374544 4.611005783081055 2.241713285446167 1.6672759056091309 -1.5771752627923752 0.05352641480986258 8.561123498623155 7260 9 True
car 11.064226424845248 -7.950135361391858 -1.1393396939670009 4.855708599090576 2.0327565670013428 1.6493593454360962 1.56350526839854 0.1250321987801035 11.074141757007842 7242 323 True
car 15.207951997355224 24.06944335969723 -1.153876650193429 5.237514495849609 1.9297595024108887 1.638383150100708 -1.580458937642839 0.01659529169852408 1.7198860205523148 7243 37 True
motorcycle 10.763835600174158 -48.53441299735431 -1.1496905320450035 2.0333523750305176 0.8025798797607422 1.4992749691009521 1.5644312819518849 0.037024241242239755 6.248603713599469 7257 0 True
pedestrian -7.670253054958788 -8.51095035102486 -0.87340185314347 0.3753577768802643 0.3753577768802643 1.8600000143051147 3.1400255273390876 0.05937063009439057 -1.5008754835402955 7251 14 True
pedestrian 20.252690960841374 16.288738969559574 -0.9138958504333692 0.9953577518463135 0.3753577768802643 1.8600000143051147 -1.5855535605049134 0.05176442250464197 3.1456712486198906 7249 8 True
pedestrian -3.2707348246577403 4.040927502004251 -0.8771510608061348 0.3753577768802643 0.3753577768802643 1.8600000143051147 0.3376126409615411 0.8002459445600998 -0.9799731908421292 7245 92 True
pedestrian 12.252999302961143 -10.40651285990549 -1.027331193234458 0.3753577768802643 0.3753577768802643 1.8600000143051147 2.2091721504147848 -0.009632303123900683 0.6793759227803563 7247 0 True
pedestrian -14.940948280236992 -8.601560308126011 -0.867456487929779 0.3753577768802643 0.3753577768802643 1.8600000143051147 -3.046836938978407 0.3596101583724787 -1.8763952381727047 7253 13 True