0.00407762685790658 -7.595959186553955
car -56.131290626269646 -19.791540904053193 -1.0551390464248418 4.181210041046143 1.994117259979248 1.3805816173553467 -0.0005105275497436524 0.0 0.0 20001 1 True
car -55.72858461907411 -94.0699693993783 -1.0799518054454125 5.357479572296143 2.033203125 1.4147460460662842 -0.0005099949179755317 0.0 0.0 20003 0 False
car -78.66484430877985 -26.989535516435296 -0.8143885847155592 4.4777727127075195 2.069315195083618 2.0377910137176514 1.5702848719242093 0.0 0.0 20011 0 False
car -33.675788720740364 53.458687891630404 -1.2158040677624862 3.633375883102417 1.845113754272461 1.5012825727462769 -3.141024478220198 0.012778086107326234 -6.3300194097620635 7259 0 False
car 14.444306537186533 -34.39841147791424 -1.0298435240664348 4.552699089050293 2.097072124481201 1.7671663761138916 1.5708569642160866 -0.004820420699787702 8.80392629570621 7256 16 True
car -0.0025931023269336606 -1.5767735931149218e-05 -1.2215852396959068 4.673638820648193 1.8118125200271606 1.441947340965271 0.0 0.004077627170960458 -7.595959336085567 -100 1338 False
car -16.371438606593024 0.009001872023020496 -1.2388081721410256 4.673638820648193 1.8118125200271606 1.441947340965271 -0.0018038906406826441 -0.02953666502956604 -9.022212662816477 7255 82 True
car -33.604544864045 -4.0017141017540325 -1.2568280260200915 4.673638820648193 1.8118125200271606 1.441947340965271 -3.141418226254781 0.0073777429245658385 -7.678201972975321 7258 25 True
truck 18.44944850397364 -34.594473190551184 -0.010864173395179089 8.46804141998291 2.8910882472991943 3.8274123668670654 -1.570685144697825 -0.003538495864129515 5.074410608686416 7261 111 True
car 18.44304721996501 -48.55492511101062 -1.0895790617711194 4.611005783081055 2.241713285446167 1.6672759056091309 -1.570882751083798 -0.001127149263142223 7.475683622284719 7260 4 True
car 14.394901893534607 -12.460395141924494 -1.0543432056592834 4.855708599090576 2.0327565670013428 1.6493593454360962 1.574315196644995 -0.09321408751874136 12.489595723493267 7242 165 True
car 18.442834211989364 24.52348475398628 -1.1034550934331202 5.237514495849609 1.9297595024108887 1.638383150100708 -1.574327547044118 0.0004324609464843581 0.14712507221664312 7243 47 True
motorcycle 14.442905083586915 -51.48999687629225 -1.1600152046081809 2.0333523750305176 0.8025798797607422 1.499274730682373 1.5704484564233572 0.0015643317482426154 8.104053716278049 7257 0 False
pedestrian -3.617186178186241 -8.532847379645034 -0.8897716418345891 0.3753577768802643 0.3753577768802643 1.8600000143051147 -3.00879904125807 0.4473332345571983 -1.5491865399385045 7251 17 True
pedestrian 23.537806363273276 17.67699374360558 -0.8598786692516014 0.9953577518463135 0.3753577768802643 1.8600000143051147 -1.5654038344010248 -0.010896504568004823 3.026547704821496 7249 4 True
pedestrian -0.4139511288224469 3.847912315090923 -0.8769449222283878 0.3753577768802643 0.3753577768802643 1.8600000143051147 0.35409000418217973 1.0522706886462891 -1.2647998845351267 7245 139 True
pedestrian 15.049363800447672 -10.6749909913014 -0.9731209020357243 0.3753577768802643 0.3753577768802643 1.8600000143051147 3.0762468678448998 -0.03665758677295924 -0.2730517804641727 7247 3 True
pedestrian -10.74398118348881 -8.606375258694925 -0.8973351729847512 0.3753577768802643 0.3753577768802643 1.8600000143051147 -3.112408037530263 0.1055927853152718 -1.7431201623593082 7253 21 True