7.013395309448242 -1.3466205596923828
car -41.98663768693217 62.31945181449805 -1.7849329788312858 4.181210041046143 1.994117259979248 1.3805816173553467 -1.3583234605897265 0.0 0.0 20001 0 True
car -53.78581269277271 82.82333900755003 -1.7728238209600349 4.4777727127075195 2.069315195083618 2.0377910137176514 0.2124719388842263 0.0 0.0 20011 0 False
car 29.926665632188644 76.253897178387 -1.8690406429310684 3.633375883102417 1.845113754272461 1.5012825727462769 1.7843244792597028 -12.226559482293707 -2.6656641887267107 7259 0 False
car -35.14594516841572 -8.404467423011823 -1.079446444247555 4.552699089050293 2.097072124481201 1.7671663761138916 0.21221947142601014 -1.2065985955366834e-06 -1.9303292967768497e-07 7256 22 True
car -0.0025976589448646337 4.5621334834322624e-06 -1.221585247121387 4.673638820648193 1.8118125200271606 1.441947340965271 0.0 7.013394585267995 -1.3466205690677422 -100 1414 False
car -10.323706757508376 9.557995880604594 -1.3566021197393292 4.673638820648193 1.8118125200271606 1.441947340965271 -1.3580929641920725 -7.020486351790084 -1.517378467573714 7255 214 True
car -27.527876177282792 70.13773169180521 -2.042650619172406 4.673638820648193 1.8118125200271606 1.441947340965271 1.7837536311622195 -15.723059792299239 -3.4078460400626365 7258 0 True
truck -54.40678411586242 -16.655952707734905 -0.04416318334057845 8.46804141998291 2.8910882472991943 3.8274123668670654 -2.928940162105348 7.3135591587102775 1.5827111869820931 7261 42 False
car -76.62413585654167 -21.458913605086863 -1.1477021118318615 4.611005783081055 2.241713285446167 1.6672759056091309 -2.9288805073473188 12.636861264590005 2.7321517667816138 7260 0 True
car 11.273370434093351 1.6342430416545 -1.1075076638138106 4.855708599090576 2.0327565670013428 1.6493593454360962 0.21314254172070263 16.101253415787998 3.4955358704130775 7242 283 True
car 12.484266894034647 -2.1930687198438363 -1.0587869416703901 5.237514495849609 1.9297595024108887 1.638383150100708 -2.928899682090971 -0.0010414724356878854 -0.00022573478501221967 7243 273 True
motorcycle -47.48185313420089 -11.07418283044693 -1.2235974580525948 2.0333523750305176 0.8025798797607422 1.499274730682373 0.2130965544420853 3.347535054259294 0.7265465126049888 7257 0 True
pedestrian -20.72703241861751 16.683442441624052 -1.130136250631347 0.3753577768802643 0.3753577768802643 1.8600000143051147 1.800578403453615 -1.4702320324818459 -0.37924573267799894 7251 1 True
pedestrian 4.521638431752308 -8.999765217506479 -0.7770835146418018 0.9953577518463135 0.3753577768802643 1.8600000143051147 -3.0065033317584993 3.5720308008640393 0.32164490719896843 7249 41 True
pedestrian -6.3725746755148975 10.066246505382296 -1.0033554316035609 0.3753577768802643 0.3753577768802643 1.8600000143051147 -1.2873955511879391 -1.408900641046681 -0.541356366161429 7245 23 True
pedestrian -16.679850295088954 -6.061264773514949 -1.7477608729601708 0.3753577768802643 0.3753577768802643 1.8600000143051147 1.306606314063602 0.014417634306548997 0.057344280781456085 7247 7 True
pedestrian -22.534297427228466 24.15495976129526 -1.2137020893208739 0.3753577768802643 0.3753577768802643 1.8600000143051147 1.8419726802607643 -1.6980933700748078 -0.578372395224381 7253 3 True