8.034132957458496 -2.376911163330078
car -46.4218423935564 57.98056224348369 -1.9060487271081143 4.181210041046143 1.994117259979248 1.3805816173553467 -1.2590400667748982 0.0 0.0 20001 0 True
car -60.1946020541115 77.21438478344811 -1.9410988093420656 4.4777727127075195 2.069315195083618 2.0377910137176514 0.311755332699055 0.0 0.0 20011 0 False
car 24.512553163774612 76.63393329620831 -2.287649272075683 3.633375883102417 1.845113754272461 1.5012825727462769 1.8836777809940972 -11.4318467472593 -3.7129926255735173 7259 0 False
car -32.604415994132864 -11.713437595425617 -0.9105125354677241 4.552699089050293 2.097072124481201 1.7671663761138916 0.3115028652408388 -5.8121175035344925e-06 -1.8377123131730786e-06 7256 22 True
car -0.002653781341564354 -1.3830886061327874e-05 -1.2215850086045625 4.673638820648193 1.8118125200271606 1.441947340965271 0.0 8.03413245203118 -2.376911123884492 -100 1392 False
car -10.129243765304523 9.99680495112895 -1.3820992997895978 4.673638820648193 1.8118125200271606 1.441947340965271 -1.2590204925574195 -7.14998305873363 -2.3015528276583916 7255 197 True
car -31.82758501968044 64.1489335123228 -2.206927366818441 4.673638820648193 1.8118125200271606 1.441947340965271 1.8829645870565839 -15.004707603170809 -4.849404143402796 7258 6 True
truck -49.54132381852634 -21.373466624021333 0.22885837257130692 8.46804141998291 2.8910882472991943 3.8274123668670654 -2.829887131530232 6.950068974115057 2.241995651552613 7261 34 False
car -70.15826511192921 -28.030760684598718 -0.7733555473384373 4.611005783081055 2.241713285446167 1.6672759056091309 -2.829609896694925 11.90479037355916 3.8412510167262615 7260 0 False
car 9.415649666857519 1.848703418773809 -1.1475891407590497 4.855708599090576 2.0327565670013428 1.6493593454360962 0.3125013720454139 16.297366545309018 5.278715470510233 7242 472 True
car 14.17478694897352 -0.8138975074638779 -1.0968706459189472 5.237514495849609 1.9297595024108887 1.638383150100708 -2.829615755644374 -0.003385888465679073 -0.0010940615904721774 7243 190 True
motorcycle -45.11448272594771 -15.753996011534483 -0.9944638841238032 2.0333523750305176 0.8025798797607422 1.4992748498916626 0.3123872666122065 2.838107279329232 0.9180245055114654 7257 0 False
pedestrian -20.644841904887187 14.391511938727817 -1.1231165558116913 0.3753577768802643 0.3753577768802643 1.8600000143051147 1.9057985109559163 -1.4055582591304852 -0.5686862556662281 7251 2 True
pedestrian 7.625256641974033 -8.208177889981627 -0.7564404191214678 0.9953577518463135 0.3753577768802643 1.8600000143051147 -2.843302794189771 3.1900994118435606 0.9276797831584038 7249 38 True
pedestrian -5.927835434194549 9.830336010797978 -1.0299331798139626 0.3753577768802643 0.3753577768802643 1.8600000143051147 -1.165539223040157 -0.8951549377108106 -0.47834837702608685 7245 43 True
pedestrian -14.465746563936477 -7.567845739431206 -1.6585896220356768 0.3753577768802643 0.3753577768802643 1.8600000143051147 1.405887111298561 0.008518426570620139 0.05896351465606663 7247 9 True
pedestrian -23.151644892924878 21.599851565879845 -1.232514525002081 0.3753577768802643 0.3753577768802643 1.8600000143051147 1.9395063787173163 -1.6394605116972933 -0.7238597737999793 7253 2 True