0.1701585203409195 -8.06598949432373
car -60.63407213721186 -18.911517562213874 -1.0345183193257919 4.181210041046143 1.994117259979248 1.3805816173553467 -0.015419556529151068 0.0 0.0 20001 2 True
car -61.338790614759006 -93.18767572882058 -0.9797426519752976 5.357479572296143 2.033203125 1.4147460460662842 -0.015419023897382948 0.0 0.0 20003 0 False
car -83.27241178563645 -25.772507441016614 -0.7845687657223763 4.4777727127075195 2.069315195083618 2.0377910137176514 1.5553758429448021 0.0 0.0 20011 0 False
car -40.662321431276936 54.0466361662223 -1.2784534463979518 3.633375883102417 1.845113754272461 1.5012825727462769 3.1272587433310615 -0.10247348431978058 -7.871992684159576 7259 0 False
car 9.773489774021112 -30.69592715688384 -1.0043579599701675 4.552699089050293 2.097072124481201 1.7671663761138916 1.555954278184039 0.09202825449301748 6.434109791075924 7256 33 True
car -0.0025937921258787355 -5.0747791533467534e-06 -1.2215852318482647 4.673638820648193 1.8118125200271606 1.441947340965271 0.0 0.17015852064205356 -8.065989028927584 -100 1395 False
car -15.882288985248078 0.21762092504349084 -1.2375284594839902 4.673638820648193 1.8118125200271606 1.441947340965271 -0.013963740748935274 -0.12237172408206466 -8.713986372015077 7255 111 True
car -42.26296646754894 -3.395760390363762 -1.259075574434144 4.673638820648193 1.8118125200271606 1.441947340965271 3.127089233270857 -0.13538609076625938 -9.941372982068032 7258 11 True
truck 13.677918253540344 -37.50625523711494 0.022630387794541296 8.46804141998291 2.8910882472991943 3.8274123668670654 -1.5856983031879 0.0814794731584187 5.688728351664064 7261 96 True
car 13.44045113145792 -52.88768279567478 -1.0386111693400313 4.611005783081055 2.241713285446167 1.6672759056091309 -1.585962754860772 0.13283832764303014 8.826721598401994 7260 19 False
car 10.178768271875716 -6.921908693880312 -1.1246067095354257 4.855708599090576 2.0327565670013428 1.6493593454360962 1.5563104870572118 0.13632995710209542 11.49997241954794 7242 382 True
car 14.583804940330594 23.73175640209024 -1.134552951788117 5.237514495849609 1.9297595024108887 1.638383150100708 -1.5886107336959838 0.03966356065501893 2.2386739580144406 7243 54 True
motorcycle 9.515506924003645 -47.989727593257726 -1.11559288260721 2.0333523750305176 0.8025798797607422 1.4992743730545044 1.5556297202807448 0.09683761398343214 6.460933151900276 7257 2 True
pedestrian -8.72729824422301 -8.442868824357106 -0.8854242808142547 0.3753577768802643 0.3753577768802643 1.8600000143051147 3.127660480842166 0.003277228614765807 -1.503461985875662 7251 9 True
pedestrian 19.55382183910664 15.79322268408339 -0.8829811412278559 0.9953577518463135 0.3753577768802643 1.8600000143051147 -1.5980558928400674 0.105116642427645 3.1483024995012996 7249 10 True
pedestrian -3.9714255097016107 4.091602275901437 -0.8849596299042903 0.3753577768802643 0.3753577768802643 1.8600000143051147 0.2961790825614929 0.6319414482799444 -0.8449479809629467 7245 93 True
pedestrian 11.369833283399666 -10.454948240623537 -1.0148805539654178 0.3753577768802643 0.3753577768802643 1.8600000143051147 2.13725534355651 -0.015848905043180594 0.6880403914555056 7247 1 True
pedestrian -16.03669075197969 -8.488186590396879 -0.8925330473859394 0.3753577768802643 0.3753577768802643 1.8600000143051147 -3.0562239081018236 0.34893633077074165 -1.8693395476445174 7253 7 True