6.7403154373168945 -4.67380428314209
car -60.968508978976075 38.00033087047012 -1.6857616771305217 4.181210041046143 1.994117259979248 1.3805816173553467 -0.8857817438110775 0.0 0.0 20001 1 False
car -118.21156313829911 -9.327020194822552 -0.7903074688546248 5.357479572296143 2.033203125 1.4147460460662842 -0.8857812111793094 0.0 0.0 20003 0 False
car -80.80560508877514 50.889036656337396 -1.6548857004402535 4.4777727127075195 2.069315195083618 2.0377910137176514 0.6850136556628755 0.0 0.0 20011 0 False
car 1.1911983546578995 77.67216986259206 -2.648711540891682 3.633375883102417 1.845113754272461 1.5012825727462769 2.257086705590354 -8.418629936220631 -6.91320794953153 7259 0 False
car -22.68611411593335 -21.853678652706236 -0.6250082033390258 4.552699089050293 2.097072124481201 1.7671663761138916 0.6847611882371686 -0.0002330549521630638 -0.00018797467739732913 7256 24 True
car -0.002659265022373347 -1.819402828573402e-05 -1.2215845425962009 4.673638820648193 1.8118125200271606 1.441947340965271 0.0 6.740315175980687 -4.673804203273584 -100 1361 False
car -11.576950159900747 8.88074998643637 -1.3858419939953137 4.673638820648193 1.8118125200271606 1.441947340965271 -0.8856939927272797 -5.750992607883402 -4.695873797681489 7255 184 True
car -45.80447124822706 44.38608479216907 -2.039329000286653 4.673638820648193 1.8118125200271606 1.441947340965271 2.2565819038321173 -11.126906847382452 -9.11778607057989 7258 5 True
truck -32.71002343188957 -35.204542966497996 0.6472766896275357 8.46804141998291 2.8910882472991943 3.8274123668670654 -2.456343850570467 5.400152681354722 4.415705184686569 7261 50 False
car -47.957969140475484 -47.67674973181735 -0.18805889755060923 4.611005783081055 2.241713285446167 1.6672759056091309 -2.456450376924091 8.980460363530167 7.338187615514415 7260 0 False
car 6.060398975690646 1.6453895077513607 -1.1671434854418639 4.855708599090576 2.0327565670013428 1.6493593454360962 0.6860401033988139 13.196578382050623 10.829164200423925 7242 1652 True
car 16.991566640270946 5.425652480839318 -1.2356435786998112 5.237514495849609 1.9297595024108887 1.638383150100708 -2.4563576989964377 1.8023742793001625 1.4735047913002637 7243 34 True
motorcycle -33.72161150039713 -30.880086848168986 -0.5791532255437497 2.0333523750305176 0.8025798797607422 1.4992746114730835 0.6856136823193719 1.3129690518269597 1.0762694657019771 7257 1 True
pedestrian -20.65315325817187 6.3478709546320715 -0.9978386554483336 0.3753577768802643 0.3753577768802643 1.8600000143051147 2.367378765815099 -1.0670469633298612 -1.3021419768621938 7251 4 True
pedestrian 14.530132641025943 -3.101371491077117 -0.8351535715807943 0.9953577518463135 0.3753577768802643 1.8600000143051147 -2.4634672678373124 2.4600687925230966 1.9458652388747975 7249 23 True
pedestrian -6.109043064233731 8.335195930822607 -1.0328614323434167 0.3753577768802643 0.3753577768802643 1.8600000143051147 -0.910914905895445 -0.1934971791536766 -0.10166399896831818 7245 33 True
pedestrian -7.307842431694979 -11.408538513054452 -1.5361626141329703 0.3753577768802643 0.3753577768802643 1.8600000143051147 1.7791464995259179 -0.012100868701743378 0.056174823097240714 7247 7 True
pedestrian -25.553901630039462 12.081431308119164 -1.103732392582021 0.3753577768802643 0.3753577768802643 1.8600000143051147 2.2730849665355684 -1.3220750513613988 -1.1594738651103074 7253 3 True