13.621191024780273 -0.04038183018565178
car -44.56106851103732 70.41223750781424 -0.8699033874948396 4.181210041046143 1.994117259979248 1.3805816173553467 -1.5681615356405434 0.0 0.0 20001 0 False
car -51.82883664758765 92.92294185075104 -0.5909427888099792 4.4777727127075195 2.069315195083618 2.0377910137176514 0.002633863833409546 0.0 0.0 20011 0 False
car 28.581881146995045 98.49913571957723 -1.3419910191534248 3.633375883102417 1.845113754272461 1.5012825727462769 1.572856417840495 -16.796649423034644 -0.027717800617844894 7259 0 False
car -52.6033363942812 -0.1886630713416495 -0.8505782914695597 4.552699089050293 2.097072124481201 1.7671663761138916 0.0023813963751933643 6.261581717020147e-09 2.6011885720799943e-09 7256 15 True
car -0.0026183427527826098 2.692561729134013e-09 -1.221585538046179 4.673638820648193 1.8118125200271606 1.441947340965271 0.0 13.621190723689843 -0.040381828124673495 -100 1389 False
car -15.745752329666402 0.645222950727991 -1.1639455685844597 4.673638820648193 1.8118125200271606 1.441947340965271 -0.1745005371711378 5.950725004950142 -2.025798707673778 7255 105 True
car -28.875549025577527 101.60711610448882 -1.172028452219127 4.673638820648193 1.8118125200271606 1.441947340965271 1.5741182224991725 -10.041238281949092 -0.03988709129319668 7258 0 False
truck -89.5176528789799 -4.303552607145958 0.3045012242747325 8.46804141998291 2.8910882472991943 3.8274123668670654 -3.138873578242659 8.819515352269308 0.024681834011743925 7261 0 True
car 26.779538831130935 4.6336433430044455 -1.1601402950988216 4.855708599090576 2.0327565670013428 1.6493593454360962 1.057068530175912 -4.963995453257977 13.034774504749183 7242 63 True
car -4.724568802385761 -4.035650107819726 -1.1034518378228613 5.237514495849609 1.9297595024108887 1.638383150100708 -3.13873722451002 -4.33938553552687e-08 -2.0170615016415117e-08 7243 1675 True
motorcycle -59.727123006076454 -0.21090480733904204 -0.9547678259101611 2.0333523750305176 0.8025798797607422 1.4992749691009521 0.003189229589226759 2.199575142345017 0.00823233601992161 7257 0 False
pedestrian -33.33975328125604 24.40490381281035 -0.7759592282149417 0.3753577768802643 0.3753577768802643 1.8600000143051147 1.5951920647207507 -1.5379290755664516 -0.0687847552104435 7251 0 False
pedestrian -21.065933695123192 -8.552988365221442 -0.8018314257598571 0.9953577518463135 0.3753577768802643 1.8600000143051147 3.0448752559163443 3.5302246099680388 -0.6342844161305974 7249 14 True
pedestrian -21.355044114163604 9.896729969045492 -0.802918468911098 0.3753577768802643 0.3753577768802643 1.8600000143051147 -2.259130214207794 -0.5243635332650015 1.6735389751844045 7245 1 True
pedestrian -33.99792286836424 -1.620247298308299 -1.625772486130313 0.3753577768802643 0.3753577768802643 1.8600000143051147 -2.0448264880941567 0.0129692550150479 0.028127835648424117 7247 4 True
pedestrian -33.61714381082868 32.619717406056544 -0.7795835782878822 0.3753577768802643 0.3753577768802643 1.8600000143051147 1.579902869816847 -1.8017419576251652 -0.04609559093541101 7253 0 False