9.40096664428711 10.05412483215332
car 17.717779444737545 95.00122999412073 -10.389584780728129 4.181210041046143 1.994117259979248 1.3805816173553467 -2.5708017570116253 0.0 0.0 20001 0 False
car 32.78166104501983 113.17349403478667 -11.963867433901171 4.4777727127075195 2.069315195083618 2.0377910137176514 -1.0000063575376723 0.0 0.0 20011 0 False
car -46.11823701670008 63.96149687382314 -7.1241020437941245 4.552699089050293 2.097072124481201 1.7671663761138916 -1.0002588249958886 4.763598948750266e-10 -6.661488776594855e-09 7256 0 True
car -0.002575176086963893 -2.731892777774192e-06 -1.2215852752118224 4.673638820648193 1.8118125200271606 1.441947340965271 0.0 9.400965877468174 10.054124916261038 -100 1362 False
car -16.453948215910515 18.046957425674236 -2.958440591394748 4.673638820648193 1.8118125200271606 1.441947340965271 -1.0038258599469927 5.920280014037249 -9.329079162274121 7255 51 True
car 26.112369543168114 13.674634411443662 -2.630621960031725 4.855708599090576 2.0327565670013428 1.6493593454360962 0.5728043873886532 -7.243126675544799 11.136165277807931 7242 33 True
car -23.598449850964357 21.71718990393066 -3.184868112963912 5.237514495849609 1.9297595024108887 1.638383150100708 2.141802554118898 -1.1344216723879546e-07 -1.4792467881488412e-07 7243 40 True
motorcycle -49.66940767965511 69.44843514710266 -7.773870252035277 2.0333523750305176 0.8025798797607422 1.4992752075195312 -0.9994861408297265 -2.7256707312216527e-07 4.1014890595337915e-07 7257 0 False
pedestrian -12.550704262297586 62.63248946752498 -6.9860118145286805 0.3753577768802643 0.3753577768802643 1.8600000143051147 0.5971014507550133 -0.9481855657754235 1.2971888237966078 7251 0 False
pedestrian -39.185142890393365 38.83204820443177 -4.543328158424515 0.3753577768802643 0.3753577768802643 1.8600000143051147 2.0641682781247033 0.18003665015667156 -0.41224674566689073 7249 0 False
pedestrian -23.42542757180493 45.17354233606477 -5.33808514198725 0.3753577768802643 0.3753577768802643 1.8600000143051147 2.455906959362666 1.634236354813238 -0.6342861415646422 7245 0 False
pedestrian -37.17689046239175 47.52480965226556 -6.272312474845478 0.3753577768802643 0.3753577768802643 1.8600000143051147 -3.047468706834369 -0.021258037043930877 -0.007681622469927634 7247 0 True
pedestrian -5.37844968754888 67.49097383683593 -7.492292841211523 0.3753577768802643 0.3753577768802643 1.8600000143051147 0.5923361274835798 -1.0223718972562066 1.4986178176141747 7253 0 False