7.725626468658447 -4.224274635314941
car -57.25022988103433 44.46986163647114 -1.7585283795371538 4.181210041046143 1.994117259979248 1.3805816173553467 -0.9964541031182605 0.0 0.0 20001 0 False
car -119.37109973884566 3.755266087741461 -0.8828529869909509 5.357479572296143 2.033203125 1.4147460460662842 -0.9964535704864925 0.0 0.0 20003 0 False
car -75.54239417128107 59.47075399772194 -1.752328567987412 4.4777727127075195 2.069315195083618 2.0377910137176514 0.5743412963556923 0.0 0.0 20011 0 False
car 8.30926370233334 77.96057402318718 -2.709759016195701 3.633375883102417 1.845113754272461 1.5012825727462769 2.1463742657426197 -9.387368278333202 -6.106904368927361 7259 0 False
car -25.813737127403726 -19.245424151118783 -0.6287415852020048 4.552699089050293 2.097072124481201 1.7671663761138916 0.5740888288974761 -9.897372795671096e-05 -6.309859327102013e-05 7256 28 True
car -0.0025905510421466715 1.2054879277911823e-05 -1.2215852862885397 4.673638820648193 1.8118125200271606 1.441947340965271 0.0 7.725626314391985 -4.224274648959315 -100 1384 False
car -10.97953293945426 9.45799179760752 -1.38769570474593 4.673638820648193 1.8118125200271606 1.441947340965271 -0.9965060347156525 -6.133462393336596 -3.963751483486351 7255 180 True
car -42.26633630443507 50.36494615392991 -2.125448458643053 4.673638820648193 1.8118125200271606 1.441947340965271 2.145746825519774 -12.366782553792886 -8.02039019713568 7258 7 True
truck -37.84239749960494 -31.78910831539406 0.6514579632125725 8.46804141998291 2.8910882472991943 3.8274123668670654 -2.567210886788898 5.929523106056891 3.8402685887005843 7261 53 False
car -54.77017469560468 -42.75736438256439 -0.18348677493183807 4.611005783081055 2.241713285446167 1.6672759056091309 -2.5671381825525494 9.934622681627907 6.429450139305316 7260 0 False
car 6.805473272589552 1.8763946683037602 -1.181657456908872 4.855708599090576 2.0327565670013428 1.6493593454360962 0.575261183928373 14.685265895743507 9.542824090964501 7242 1231 True
car 16.52993527867079 3.4163195422089814 -1.2210716755316593 5.237514495849609 1.9297595024108887 1.638383150100708 -2.5670239330382874 0.17405462802370703 0.1127818113547387 7243 31 True
motorcycle -37.67037886705805 -26.927605667446045 -0.589187501351693 2.0333523750305176 0.8025798797607422 1.499274730682373 0.5748937675517336 1.379459438491039 0.8940576797484554 7257 1 False
pedestrian -20.785568535112134 8.690110564891825 -1.019493671399939 0.3753577768802643 0.3753577768802643 1.8600000143051147 2.256284029515796 -1.191362174836613 -1.2010833257694429 7251 1 True
pedestrian 12.963810953065433 -4.897668031402645 -0.8148648386882869 0.9953577518463135 0.3753577768802643 1.8600000143051147 -2.575793182468626 2.8447015441713743 1.7763516749296338 7249 23 True
pedestrian -5.9199378718870435 8.826829344567301 -1.0392214825334003 0.3753577768802643 0.3753577768802643 1.8600000143051147 -0.946158217886395 -0.3412823446270558 -0.21902201257793558 7245 34 True
pedestrian -9.375860727757754 -10.557542080919859 -1.533460930223773 0.3753577768802643 0.3753577768802643 1.8600000143051147 1.6684734078500536 -0.0065246646813232265 0.057465183482643054 7247 18 True
pedestrian -25.013642480373562 14.944379117257569 -1.1333343332679746 0.3753577768802643 0.3753577768802643 1.8600000143051147 2.1622016850482093 -1.442524217507597 -1.0061985160297848 7253 4 True