13.91506576538086 -0.006662809755653143
car -52.75482845212338 70.51628440643678 -0.9826384610429666 4.181210041046143 1.994117259979248 1.3805816173553467 -1.5703511845467042 0.0 0.0 20001 0 False
car -59.97422353201284 93.04271596001175 -0.7175134228041105 4.4777727127075195 2.069315195083618 2.0377910137176514 0.00044421492724888267 0.0 0.0 20011 0 False
car 20.450682573369875 108.84230642719602 -1.1981863679891374 3.633375883102417 1.845113754272461 1.5012825727462769 1.570816971092944 -17.839286857057488 0.007130442505110292 7259 0 False
car -60.95155408466627 -0.06684097211860252 -1.023003088942299 4.552699089050293 2.097072124481201 1.7671663761138916 0.0001917474690327007 5.413567945619697e-11 8.547518280400481e-10 7256 4 True
car -0.002553356385249117 3.1139839551386217e-07 -1.2215854583696606 4.673638820648193 1.8118125200271606 1.441947340965271 0.0 13.915065619135333 -0.0066628094208493836 -100 1367 False
car -20.003834769970865 0.2721248182648588 -1.2135991034638156 4.673638820648193 1.8118125200271606 1.441947340965271 -0.07747770718897228 8.841976687824705 -1.284795001846231 7255 72 True
car -37.00610397133664 107.16085112900788 -1.2184351988154716 4.673638820648193 1.8118125200271606 1.441947340965271 1.5717211135193292 -8.254484693499347 -0.011798926459150006 7258 0 False
truck -103.27239098376918 -4.10424222821659 0.00885849704787578 8.46804141998291 2.8910882472991943 3.8274123668670654 -3.141097049266095 9.148427305157842 0.004997603550676376 7261 0 True
car 20.816054723466834 12.29513914114491 -1.1544621509929633 4.855708599090576 2.0327565670013428 1.6493593454360962 1.6508148005581746 -14.938162961672331 -1.5969198245331258 7242 77 True
car -13.080739165619207 -4.018523390211335 -1.1176171719434134 5.237514495849609 1.9297595024108887 1.638383150100708 -3.1409268734161806 -5.7262479602207395e-08 -1.956712021029255e-07 7243 241 True
motorcycle -67.5205411130878 -0.0728742944824603 -1.1514604454605024 2.0333523750305176 0.8025798797607422 1.499274730682373 0.00097206302218253 -0.002675257305046886 -3.0314122483515e-06 7257 0 False
pedestrian -41.654636300877996 25.410776208505634 -0.872650041168603 0.3753577768802643 0.3753577768802643 1.8600000143051147 1.592953680007807 -1.544519376906321 -0.06392486442348842 7251 0 False
pedestrian -31.57282881072973 -8.272457577078002 -0.8719224790902316 0.9953577518463135 0.3753577768802643 1.8600000143051147 3.035136883276494 3.5056216045319366 -0.7588442389508754 7249 3 True
pedestrian -30.64599667825405 9.550079009670489 -0.8657910252375933 0.3753577768802643 0.3753577768802643 1.8600000143051147 -2.820315305861283 1.372211360620515 1.0921474312145432 7245 2 True
pedestrian -42.32792439085944 -1.5020684430584044 -1.7366794930999372 0.3753577768802643 0.3753577768802643 1.8600000143051147 -2.047016003842375 0.007289087361987707 0.016742404755690034 7247 0 True
pedestrian -41.90739583671592 33.78117798602263 -0.873402712678993 0.3753577768802643 0.3753577768802643 1.8600000143051147 1.5785246854094181 -1.8071447935270277 -0.049126230652300935 7253 0 False