0.4097299575805664 10.895657539367676
car 55.43524284806031 74.82072764982189 -1.5964628417679565 4.181210041046143 1.994117259979248 1.3805816173553467 -3.106898627678765 0.0 0.0 20001 0 False
car 77.70155821288986 82.80878394261549 -1.4169059563529025 4.4777727127075195 2.069315195083618 2.0377910137176514 -1.5361032282048122 0.0 0.0 20011 0 False
car -15.387158568810614 80.59594123530184 -1.596936469189075 4.552699089050293 2.097072124481201 1.7671663761138916 -1.5363556956630282 1.9597108773780094e-10 -6.523262471718825e-11 7256 0 False
car -0.002594121787073078 3.796712871917407e-05 -1.221585810524783 4.673638820648193 1.8118125200271606 1.441947340965271 0.0 0.40972994857695033 10.895657113915174 -100 1344 False
car -13.165954466290545 17.737105131885016 -1.330717316648891 4.673638820648193 1.8118125200271606 1.441947340965271 -1.5368169548392392 0.3085287380810914 -9.238625158192226 7255 67 True
car 29.161196137129913 0.5966053388336263 -1.1698706020836256 4.855708599090576 2.0327565670013428 1.6493593454360962 0.035713359526316324 -0.2843914473408582 7.656410912976762 7242 21 True
car -17.697471194686052 32.618534392554636 -1.3314378262298119 5.237514495849609 1.9297595024108887 1.638383150100708 1.6057056834517585 -5.2752410806692665e-08 5.32375001227161e-08 7243 0 True
motorcycle -15.618198289018927 87.15757136523325 -1.773372012582549 2.0333523750305176 0.8025798797607422 1.4992756843566895 -1.5355830114968663 5.6210895360937933e-08 1.3935370066921032e-08 7257 0 False
pedestrian 14.144025370327434 62.378033557671415 -1.3457546877782764 0.3753577768802643 0.3753577768802643 1.8600000143051147 0.055700766098870175 -0.1296814546234603 1.6942436572748065 7251 0 False
pedestrian -22.227458135938804 58.07698195137999 -1.2674152113217185 0.9953577518463135 0.3753577768802643 1.8600000143051147 1.5332938619439866 -0.39274253429999023 -3.5650326243245094 7249 0 False
pedestrian -5.997509991936948 54.09920844696188 -1.3645171615274014 0.3753577768802643 0.3753577768802643 1.8600000143051147 1.919810088695526 1.0798290105151649 -1.381993759544223 7245 0 False
pedestrian -16.03463374007857 61.858348600146485 -2.1703316106430277 0.3753577768802643 0.3753577768802643 1.8600000143051147 2.6996134903928968 -0.045933230197699314 0.022728114188351214 7247 0 False
pedestrian 22.906699110617872 62.908193133492375 -1.3607657157137192 0.3753577768802643 0.3753577768802643 1.8600000143051147 0.04042541962093777 -0.09790386740222962 1.821217009898191 7253 0 False