1.8181970119476318 -7.995604515075684
car -65.83359959661783 -9.62519139319221 -0.8528857543327186 4.181210041046143 1.994117259979248 1.3805816173553467 -0.16274843306605022 0.0 0.0 20001 5 True
car -77.43421281987456 -82.99022810139067 -0.18587014738273577 5.357479572296143 2.033203125 1.4147460460662842 -0.16274790043428208 0.0 0.0 20003 0 False
car -89.23342908008539 -13.086133014965128 -0.5367804977791302 4.4777727127075195 2.069315195083618 2.0377910137176514 1.4080469664079027 0.0 0.0 20011 0 False
car -38.69656994659252 60.148580059798576 -1.7086058556967982 3.633375883102417 1.845113754272461 1.5012825727462769 2.9801518410835266 -1.4266487775997414 -8.831763838194519 7259 0 False
car 2.3823546191113465 -29.777170632070806 -0.7740301847040811 4.552699089050293 2.097072124481201 1.7671663761138916 1.4084921241360395 0.47094134551287997 2.886413495765096 7256 34 True
car -0.0025986780474127613 -3.614942903595875e-05 -1.2215849274678074 4.673638820648193 1.8118125200271606 1.441947340965271 0.0 1.8181969637263236 -7.995604746570584 -100 1405 False
car -15.495432338762292 2.191254663140512 -1.2302207605187911 4.673638820648193 1.8118125200271606 1.441947340965271 -0.15979632149124146 -1.2771722282088405 -7.99141722419655 7255 100 True
car -49.64263053508012 3.7189779522516346 -1.2161161906397693 4.673638820648193 1.8118125200271606 1.441947340965271 2.97974411146503 -1.8523252065684053 -11.407171578361929 7258 7 True
truck 4.561703027151971 -41.26836497954315 0.34799794803057793 8.46804141998291 2.8910882472991943 3.8274123668670654 -1.7348479814241196 1.0164900582151768 6.146989176059732 7261 70 False
car 1.8419016454964279 -57.81720725833401 -0.5735076333264382 4.611005783081055 2.241713285446167 1.6672759056091309 -1.7333318450961641 1.5958941498726897 9.738352226121224 7260 6 True
car 6.757971923154159 -3.1974959460437162 -1.1070881423695065 4.855708599090576 2.0327565670013428 1.6493593454360962 1.4125051255158383 2.084070036109886 13.46398913709576 7242 1261 True
car 14.607607015391899 20.162609323167885 -1.3234959242797908 5.237514495849609 1.9297595024108887 1.638383150100708 -1.734491384455363 0.7456976036313624 4.520027682372089 7243 63 True
motorcycle -0.24148371807478952 -45.81003792029151 -0.7498336526858131 2.0333523750305176 0.8025798797607422 1.499274730682373 1.408486726753109 1.3143600796981116 8.056751780977676 7257 3 True
pedestrian -13.549336325441942 -6.7935251616325445 -0.8125462927075029 0.3753577768802643 0.3753577768802643 1.8600000143051147 2.9850885386263526 -0.22779958030385786 -1.4536313765062165 7251 3 True
pedestrian 18.356057273151578 11.69036048301814 -1.0096778372910213 0.9953577518463135 0.3753577768802643 1.8600000143051147 -1.7492080002085368 0.6095956769613005 3.093121955023671 7249 5 True
pedestrian -5.9967989784652715 4.718821769836325 -0.9164556475284482 0.3753577768802643 0.3753577768802643 1.8600000143051147 -0.2346776901919047 -0.14216993861173327 -0.9876975797934076 7245 21 True
pedestrian 6.857057571359391 -11.520623709287293 -1.0949742238685198 0.3753577768802643 0.3753577768802643 1.8600000143051147 1.842436336214913 -0.04770869083725358 0.4433086251819909 7247 13 True
pedestrian -20.90677171429249 -5.812245833455108 -0.8156336630276755 0.3753577768802643 0.3753577768802643 1.8600000143051147 3.0508295467122393 0.027455087043674945 -1.7755893502664595 7253 6 True