7.516870975494385 -1.7562460899353027
car -43.89270868477166 60.49255865324423 -1.8932888723946348 4.181210041046143 1.994117259979248 1.3805816173553467 -1.3152606981241968 0.0 0.0 20001 0 True
car -56.563395833873926 80.46962116806927 -1.9198818978948182 4.4777727127075195 2.069315195083618 2.0377910137176514 0.25553470134975625 0.0 0.0 20011 0 False
car 27.66920653478161 76.3089303088102 -2.0935659251834835 3.633375883102417 1.845113754272461 1.5012825727462769 1.8274214633163346 -11.86520708014169 -3.1282521094332862 7259 0 False
car -34.01361216767941 -9.869272809947987 -1.0093470404474238 4.552699089050293 2.097072124481201 1.7671663761138916 0.2552822338915401 -2.9310693860609596e-06 -6.651564092179535e-07 7256 22 True
car -0.00258988997063625 -9.90666811162555e-06 -1.2215851010510248 4.673638820648193 1.8118125200271606 1.441947340965271 0.0 7.5168707983512375 -1.756245893362452 -100 1305 False
car -10.168870884154217 9.836952247811041 -1.3765355138923159 4.673638820648193 1.8118125200271606 1.441947340965271 -1.3152278081125153 -6.961751994752542 -1.8167835755275437 7255 201 True
car -29.377308051273417 67.37117586894692 -2.1697629145087483 4.673638820648193 1.8118125200271606 1.441947340965271 1.8267876315122709 -15.480530252759475 -4.05924718062381 7258 0 False
truck -52.17892845182001 -18.75061071260062 0.07285417553868778 8.46804141998291 2.8910882472991943 3.8274123668670654 -2.886060891283936 7.1188468608644735 1.8619192325547542 7261 35 False
car -73.64813278138672 -24.37165478211614 -0.9888632697870932 4.611005783081055 2.241713285446167 1.6672759056091309 -2.8858206743565136 12.307163098807171 3.220760365514391 7260 0 False
car 10.332298059718937 1.7389377121877772 -1.1246808835787554 4.855708599090576 2.0327565670013428 1.6493593454360962 0.25623727899713666 16.096018190004006 4.228423915652233 7242 352 True
car 13.30488817077827 -1.6138592528303661 -1.0684343750544745 5.237514495849609 1.9297595024108887 1.638383150100708 -2.885836919625441 -0.0019230853148889924 -0.0005039971906240968 7243 238 True
motorcycle -46.51555162092325 -13.144350161564248 -1.1313549632264608 2.0333523750305176 0.8025798797607422 1.4992748498916626 0.25615906593610344 2.296581505299156 0.6033228089476889 7257 0 True
pedestrian -20.64715943032138 15.669327795090666 -1.1437145745211321 0.3753577768802643 0.3753577768802643 1.8600000143051147 1.8453798091682327 -1.4468123603266263 -0.45709138517922393 7251 2 True
pedestrian 5.996440868052559 -8.694490111778379 -0.7579536332232406 0.9953577518463135 0.3753577768802643 1.8600000143051147 -2.945178756491184 3.1513061601322088 0.5800127104973906 7249 42 True
pedestrian -6.112801120090637 9.97656753221537 -1.0225677682949676 0.3753577768802643 0.3753577768802643 1.8600000143051147 -1.2350022785664134 -1.1385170857251337 -0.5181608734394929 7245 38 True
pedestrian -15.66771896632838 -6.741518870914305 -1.708290336412792 0.3753577768802643 0.3753577768802643 1.8600000143051147 1.3496674120548566 0.012533018069019141 0.057115306448496564 7247 9 True
pedestrian -22.75964847931408 23.031600108432627 -1.2443402765786047 0.3753577768802643 0.3753577768802643 1.8600000143051147 1.8846661957530446 -1.6730435849590097 -0.6449281053071905 7253 3 True