14.240140914916992 3.4114015102386475
car -45.02279667591995 83.86300431836051 -2.6441665485019143 4.181210041046143 1.994117259979248 1.3805816173553467 -1.8239251185877057 0.0 0.0 20001 0 False
car -46.36057767167239 107.4808962266697 -2.8327842039161055 4.4777727127075195 2.069315195083618 2.0377910137176514 -0.25312971911375276 0.0 0.0 20011 0 False
car -70.6641950486628 17.6039757098132 -1.4503720899335804 4.552699089050293 2.097072124481201 1.7671663761138916 -0.2533821865719689 1.292794327694884e-10 -3.336189504998105e-11 7256 0 True
car -0.0026022562213370293 -3.1011456087526312e-06 -1.2215853372674275 4.673638820648193 1.8118125200271606 1.441947340965271 0.0 14.240141213902678 3.4114010333313636 -100 1375 False
car -22.643145252991246 5.268440276564803 -1.3450643008617789 4.673638820648193 1.8118125200271606 1.441947340965271 -0.26187553170612454 10.362545460144794 -2.876159432042298 7255 52 True
car 14.733892005937264 22.233646149079576 -1.541839440137295 4.855708599090576 2.0327565670013428 1.6493593454360962 1.3163122630371515 -16.470178315965104 4.306070562239512 7242 45 True
car -25.315447935047928 1.7717671448233148 -1.181937972907967 5.237514495849609 1.9297595024108887 1.638383150100708 2.888679192542818 4.366450087355888e-08 -2.904993765642229e-07 7243 55 True
motorcycle -77.02236094757814 19.24261211766874 -1.618001084441051 2.0333523750305176 0.8025798797607422 1.499274730682373 -0.2526095024058069 -7.143420815462221e-06 1.8344194925360422e-06 7257 0 False
pedestrian -45.30371741848995 38.64493161317125 -1.6692245084059891 0.3753577768802643 0.3753577768802643 1.8600000143051147 1.329472262447993 -1.537557551895918 0.338105398244086 7251 0 False
pedestrian -46.96010619404149 3.2797342789076964 -0.9926598180391863 0.9953577518463135 0.3753577768802643 1.8600000143051147 2.813138692029105 3.181811282562046 -1.4334320716017883 7249 3 True
pedestrian -40.31563205061917 19.226296406993086 -1.3961064609600555 0.3753577768802643 0.3753577768802643 1.8600000143051147 -3.080394005370458 1.6316882691088324 0.6430686430097793 7245 0 True
pedestrian -52.95620178724619 11.574037048505758 -2.025343274363946 0.3753577768802643 0.3753577768802643 1.8600000143051147 -2.3005911363048552 -0.0034572499347737423 -0.003347213690378483 7247 0 False
pedestrian -43.39708471133099 46.99963983095208 -1.8273729462301276 0.3753577768802643 0.3753577768802643 1.8600000143051147 1.341767001551522 -1.7722546262788115 0.39218511665430983 7253 0 False