0.007058046758174896 -10.2581148147583
car -44.54887232200589 -19.779038200150694 -0.8356855460280961 4.181210041046143 1.994117259979248 1.3805816173553467 -0.0007704518525865343 0.0 0.0 20001 3 True
car -44.16559095709199 -94.05756761046021 -0.8630312820023989 5.357479572296143 2.033203125 1.4147460460662842 -0.0007699192208184136 0.0 0.0 20003 0 False
car -67.08292742491291 -26.97117953784766 -0.4899466782783728 4.4777727127075195 2.069315195083618 2.0377910137176514 1.5700249476213664 0.0 0.0 20011 0 False
car -16.681247007553857 53.46649119594554 -1.1192255445449435 3.633375883102417 1.845113754272461 1.5012825727462769 -3.141152975634257 0.006495111506233573 -3.2081440640767096 7259 0 False
car 26.01992458350549 -43.77671541864305 -1.139111401556775 4.552699089050293 2.097072124481201 1.7671663761138916 1.5705403936599576 -0.0024672729876902707 8.776854666925516 7256 0 True
car -0.0025938459247107915 -5.930348265792418e-06 -1.2215852883684397 4.673638820648193 1.8118125200271606 1.441947340965271 0.0 0.00705804693075883 -10.258114749391202 -100 1381 False
car -15.132888279803197 0.011185194207030236 -1.1673919868600082 4.673638820648193 1.8118125200271606 1.441947340965271 0.011784611027611625 0.17127602862903285 -8.328919487982464 7255 92 True
car -15.12912610481942 -3.99745533891911 -1.1672356656974974 4.673638820648193 1.8118125200271606 1.441947340965271 3.14060942491489 -0.0013036486695763758 -7.206978262788129 7258 135 True
truck 30.033054677439967 -28.95981869952726 -0.13993359799544924 8.46804141998291 2.8910882472991943 3.8274123668670654 -1.5709376121559142 -0.0017288494744218477 3.539327977908184 7261 93 True
car 30.019293238392823 -41.65594535638894 -1.2183637708195767 4.611005783081055 2.241713285446167 1.6672759056091309 -1.571210053305308 0.00020811293232607066 4.083646587234668 7260 0 True
car 26.023241576754778 -28.508982563214715 -1.225584215895465 4.855708599090576 2.0327565670013428 1.6493593454360962 1.5705452279499403 -0.0022460177574757873 10.827349546847154 7242 11 True
car 30.03574320230658 24.52930304935461 -1.2312989456251149 5.237514495849609 1.9297595024108887 1.638383150100708 -1.5746157008306714 3.5303131141411607e-07 -0.0001049195212148637 7243 0 False
motorcycle 26.010517193685917 -60.18818113074633 -1.2692090952267354 2.0333523750305176 0.8025798797607422 1.499274730682373 1.5700908656342336 0.004873307582335537 8.062281274387114 7257 0 False
pedestrian 9.806864200843524 -8.318088711278222 -0.9216672270030697 0.3753577768802643 0.3753577768802643 1.8600000143051147 -3.119077519372728 0.04119179644075872 -1.3782549361233316 7251 16 True
pedestrian 35.12766790613794 21.389130468851477 -1.011496112555506 0.9953577518463135 0.3753577768802643 1.8600000143051147 -1.569979141289181 -0.02458126937206083 3.287480941397045 7249 0 False
pedestrian 9.640980799603621 3.4302110141210846 -0.9115261830906591 0.3753577768802643 0.3753577768802643 1.8600000143051147 -0.009428381243387858 0.1108471476541588 -1.750146336984534 7245 12 True
pedestrian 30.318178225980038 -11.148597940224533 -1.0987107411299875 0.9953577518463135 0.3753577768802643 1.8600000143051147 3.0724024649005464 -0.4723413063655577 -3.663197906948042 7247 2 True
pedestrian 2.962078527725243 -8.480191130443359 -0.8970210277230601 0.3753577768802643 0.3753577768802643 1.8600000143051147 -3.058628341061062 0.2510930658504721 -1.8317818359340459 7253 35 True