10.853485107421875 -0.15973567962646484
car -39.312489811162095 69.87584106121861 -0.9578804616145078 4.181210041046143 1.994117259979248 1.3805816173553467 -1.5550332254792385 0.0 0.0 20001 0 False
car -46.87519096106166 92.28942139950635 -0.699015211596901 4.4777727127075195 2.069315195083618 2.0377910137176514 0.015762173994714516 0.0 0.0 20011 0 False
car 33.58268938912727 90.74999556627263 -1.4327647563059145 3.633375883102417 1.845113754272461 1.5012825727462769 1.5863774107728468 -15.846365107438853 -0.2477235179711862 7259 0 False
car -46.42722270897127 -0.8245102174791077 -0.8796190253453879 4.552699089050293 2.097072124481201 1.7671663761138916 0.015509706536498335 9.618195822372064e-09 3.9009465017649015e-09 7256 20 True
car -0.0025810113336888207 -2.1450660003807798e-07 -1.221585439929348 4.673638820648193 1.8118125200271606 1.441947340965271 0.0 10.853484942862671 -0.15973565198808873 -100 1332 False
car -13.401027266039875 1.4471475133816725 -1.1763395819754694 4.673638820648193 1.8118125200271606 1.441947340965271 -0.4299431907526718 6.296150295285355 -7.1133803626002585 7255 194 True
car -23.951766548693797 96.015808446588 -1.2770847844755089 4.673638820648193 1.8118125200271606 1.441947340965271 1.586947326764736 -11.870113895157374 -0.1964797487969156 7258 0 False
truck -78.94727937094893 -5.353829237009609 0.25842396016534086 8.46804141998291 2.8910882472991943 3.8274123668670654 -3.125789742833992 8.517486558010377 0.13497236278169486 7261 0 True
car -110.04620479050826 -5.844390307112079 -0.7065284559792524 4.611005783081055 2.241713285446167 1.6672759056091309 -3.1258536586461663 13.661368042354432 0.21357060093800015 7260 0 True
car 26.6189311823116 1.0273937034673395 -1.219307681534697 4.855708599090576 2.0327565670013428 1.6493593454360962 0.3023267205097344 13.61737107479941 8.691138121921128 7242 46 True
car 1.4979579739563178 -4.042823229582826 -1.1228742035464412 5.237514495849609 1.9297595024108887 1.638383150100708 -3.1256089143487147 -2.5612135840212396e-07 2.3534590000367613e-07 7243 3455 False
motorcycle -54.84888901393424 -0.9615489004697864 -0.9803208610724492 2.0333523750305176 0.8025798797607422 1.4992748498916626 0.016317316997060346 2.075712636706834 0.03502750514019329 7257 0 False
pedestrian -27.459054866433462 23.251226490733995 -0.8223259945767403 0.3753577768802643 0.3753577768802643 1.8600000143051147 1.6052237869401442 -1.5317090069301158 -0.08792513142949633 7251 2 True
pedestrian -12.997505521632206 -8.895287983949542 -0.8257872689232406 0.9953577518463135 0.3753577768802643 1.8600000143051147 3.0548916649724047 3.5228579950656465 -0.6735352756985126 7249 20 True
pedestrian -14.845362351923825 10.339111096882778 -0.8390421643875587 0.3753577768802643 0.3753577768802643 1.8600000143051147 -2.034428048902412 -0.6483566579903799 0.7224682179353625 7245 11 True
pedestrian -27.819327524677078 -2.04225469562214 -1.6510442246456194 0.3753577768802643 0.3753577768802643 1.8600000143051147 -2.0316972458272575 0.016702899535008742 0.036832296010399786 7247 0 True
pedestrian -27.85278403795354 31.33223294380055 -0.8327487806404221 0.3753577768802643 0.3753577768802643 1.8600000143051147 1.6090334356616272 -1.7960070748469792 -0.0835555058954059 7253 0 True