0.005290764383971691 -10.247049331665039
car -51.25647912689523 -19.794253440566706 -1.1153637996949026 4.181210041046143 1.994117259979248 1.3805816173553467 -0.000458595952351888 0.0 0.0 20001 1 True
car -50.84988084716076 -94.07265876086396 -1.1405086961300122 5.357479572296143 2.033203125 1.4147460460662842 -0.00045806332058376736 0.0 0.0 20003 0 False
car -73.78994539450984 -26.99342159514805 -0.9033895077086849 4.4777727127075195 2.069315195083618 2.0377910137176514 1.570336803521601 0.0 0.0 20011 0 True
car -25.68218746931621 53.45855627309987 -1.2388310344973057 3.633375883102417 1.845113754272461 1.5012825727462769 -3.1409746771498788 0.007416161454215475 -4.376821434463445 7259 0 False
car 19.32004009422933 -38.958675156118886 -1.0023511518158532 4.552699089050293 2.097072124481201 1.7671663761138916 1.5708510734075591 -0.003866521178443661 6.5768355309469 7256 3 True
car -0.0025914341867370183 1.826587094910792e-06 -1.2215851123813013 4.673638820648193 1.8118125200271606 1.441947340965271 0.0 0.0052907642077388095 -10.247049020480231 -100 1402 False
car -16.75939140391411 0.016768841201439955 -1.2603359992310323 4.673638820648193 1.8118125200271606 1.441947340965271 0.0007350318400065105 0.006977490425356219 -9.6574149601137 7255 78 True
car -25.199856783025417 -4.003063715273811 -1.28064284921026 4.673638820648193 1.8118125200271606 1.441947340965271 3.140477731710222 -0.004554332172641436 -4.948297224427689 7258 42 True
truck 23.323316650848906 -31.545652737776607 0.022096272675074413 8.46804141998291 2.8910882472991943 3.8274123668670654 -1.5706926015425788 -0.0033388050766098173 5.012867599366126 7261 118 True
car 23.319713594109228 -44.57912110363867 -1.0539554582515653 4.611005783081055 2.241713285446167 1.6672759056091309 -1.5711080543217129 -0.001848026621542889 5.132370052283313 7260 6 True
car 19.31895404715469 -20.974907719356338 -1.086118753818528 4.855708599090576 2.0327565670013428 1.6493593454360962 1.5708777083444192 -0.009035956779586728 14.149867025483651 7242 30 True
car 23.315349541652225 24.537403258700238 -1.0682249871558176 5.237514495849609 1.9297595024108887 1.638383150100708 -1.574303844930437 3.117427405304552e-08 -3.363274595734657e-06 7243 0 True
motorcycle 19.31822197014002 -55.632075605977946 -1.1326007874061272 2.0333523750305176 0.8025798797607422 1.499274730682373 1.5704985160073373 0.0006851137894463907 5.968651229068489 7257 0 False
pedestrian 2.211793346509573 -8.392155416651576 -0.8807664133048472 0.3753577768802643 0.3753577768802643 1.8600000143051147 -3.00611510977851 0.3663350515606658 -1.4843622862620904 7251 23 True
pedestrian 28.405429103254303 19.529097963385766 -0.8182253472449266 0.9953577518463135 0.3753577768802643 1.8600000143051147 -1.561184591849857 -0.034385628597907225 2.963087494942148 7249 4 True
pedestrian 3.634965889303672 3.556171109658578 -0.8678778384948562 0.3753577768802643 0.3753577768802643 1.8600000143051147 0.21506139480378894 0.36597686334827656 -1.0054854492470753 7245 46 True
pedestrian 21.3974944569449 -10.984553479406713 -0.9391616447327139 0.9953577518463135 0.3753577768802643 1.8600000143051147 3.071059966528998 -0.5168234734922197 -3.657180331788725 7247 11 True
pedestrian -4.8230942116528865 -8.57580616827795 -0.897192229784144 0.3753577768802643 0.3753577768802643 1.8600000143051147 -3.0496244673368667 0.3099506349512904 -1.735951174140773 7253 31 True