8.88560962677002 -0.3709219992160797
car -37.81890206549599 68.53812635483352 -0.9401149291135535 4.181210041046143 1.994117259979248 1.3805816173553467 -1.5194859076648553 0.0 0.0 20001 0 True
car -46.17287484860981 90.66892669597564 -0.6775936362358621 4.4777727127075195 2.069315195083618 2.0377910137176514 0.05130949180909775 0.0 0.0 20011 0 False
car 34.60621489852724 85.82847485824124 -1.5404153705778239 3.633375883102417 1.845113754272461 1.5012825727462769 1.6228443173348903 -14.915227304721908 -0.7858086020976205 7259 0 False
car -42.416525187371974 -2.370357295179474 -0.8192081461200393 4.552699089050293 2.097072124481201 1.7671663761138916 0.05105702435088157 7.8967722362107e-09 5.263230861555535e-09 7256 15 True
car -0.0025880220023282163 -1.0148169700130438e-06 -1.2215853428389338 4.673638820648193 1.8118125200271606 1.441947340965271 0.0 8.885609314883819 -0.37092203221324865 -100 1366 False
car -12.658693565141789 3.03352427538006 -1.1620202931290615 4.673638820648193 1.8118125200271606 1.441947340965271 -0.9027724225758712 -1.6013842653813843 -8.365322417055447 7255 226 True
car -23.143465509128532 90.29799268103382 -1.288535194966018 4.673638820648193 1.8118125200271606 1.441947340965271 1.6224560287759304 -12.946362331694939 -0.674485916191619 7258 0 False
truck -71.4009094120351 -7.879537399767747 0.35970083148427956 8.46804141998291 2.8910882472991943 3.8274123668670654 -3.0900783744350275 8.24243085265483 0.4266967109686546 7261 15 True
car -100.36358235132789 -9.367058492532903 -0.5617360274939087 4.611005783081055 2.241713285446167 1.6672759056091309 -3.0900512102148534 13.587707985412564 0.7038662984429113 7260 0 True
car 23.71991742001319 1.0709032976207276 -1.2576192370896098 4.855708599090576 2.0327565670013428 1.6493593454360962 0.060254831174383565 17.391463400796827 1.256344716939302 7242 71 True
car 5.592259008327119 -3.883683696971641 -1.1449286620767378 5.237514495849609 1.9297595024108887 1.638383150100708 -3.0900615965343317 -8.020621328767873e-07 1.0836981224665887e-07 7243 1383 True
motorcycle -52.050802313861425 -2.8700677803247387 -0.8978428826905347 2.0333523750305176 0.8025798797607422 1.4992746114730835 0.051863474555840304 2.749896441472724 0.1447090372465623 7257 0 False
pedestrian -24.271250466361437 21.75238085418153 -0.804343857087265 0.3753577768802643 0.3753577768802643 1.8600000143051147 1.6423551516329182 -1.5242146301120627 -0.1335251934046918 7251 3 True
pedestrian -7.288204015663439 -9.321262322040717 -0.8277878245492731 0.9953577518463135 0.3753577768802643 1.8600000143051147 3.0921364802317886 3.550170340303728 -0.5101081825232714 7249 35 True
pedestrian -11.05380768975283 10.36825964134335 -0.8406428870165985 0.3753577768802643 0.3753577768802643 1.8600000143051147 -1.6541807586619321 -0.28090706186492836 0.03367308677551745 7245 20 True
pedestrian -23.789316733863586 -2.950349644105245 -1.6225336916486235 0.3753577768802643 0.3753577768802643 1.8600000143051147 -1.9961553874884976 0.018266977397426033 0.042586987070284375 7247 3 True
pedestrian -24.95272254814745 29.710870129811866 -0.8173103074529395 0.3753577768802643 0.3753577768802643 1.8600000143051147 1.6656908146578207 -1.7830564560726936 -0.2709335745621152 7253 1 True