0.47291281819343567 10.966309547424316
car 51.1983062639021 75.43737504203494 -1.094702879981127 4.181210041046143 1.994117259979248 1.3805816173553467 -3.0954933836279976 0.0 0.0 20001 0 False
car 73.37179290428922 83.67770520026534 -0.8426616921108079 4.4777727127075195 2.069315195083618 2.0377910137176514 -1.5246979841540445 0.0 0.0 20011 0 False
car -19.685351493599597 80.40428658111642 -1.143945728534771 4.552699089050293 2.097072124481201 1.7671663761138916 -1.5249504516122605 1.6555015942937204e-10 -6.418617070328656e-10 7256 0 False
car -0.0025929082901967604 -1.9948246801959613e-05 -1.2215853592934929 4.673638820648193 1.8118125200271606 1.441947340965271 0.0 0.47291278353891636 10.966308910047252 -100 1395 False
car -16.611159289855664 14.606747630131906 -1.2377482917081615 4.673638820648193 1.8118125200271606 1.441947340965271 -1.5247879989229838 0.473431069223189 -10.302945277084875 7255 59 True
car 27.330755025541272 0.9910630751695635 -1.1278861528389226 4.855708599090576 2.0327565670013428 1.6493593454360962 0.04693457930119832 -0.08597018998445033 1.7875587499293124 7242 28 True
car -21.44823614482467 32.40291671142319 -1.1608427292955894 5.237514495849609 1.9297595024108887 1.638383150100708 1.6171109275025262 -3.345783156484532e-08 4.655923236255737e-08 7243 0 False
motorcycle -19.991070466742215 86.96377330491327 -1.2823936793550397 2.0333523750305176 0.8025798797607422 1.4992756843566895 -1.5241777674460983 2.5116422421264463e-09 2.7266739130157197e-09 7257 0 False
pedestrian 10.55654552576813 62.55757833164222 -0.9646985291901289 0.3753577768802643 0.3753577768802643 1.8600000143051147 0.06791361306805081 -0.15032446935786825 1.680487691929165 7251 0 False
pedestrian -26.240481562693006 58.882936495864385 -0.9550117810107741 0.9953577518463135 0.3753577768802643 1.8600000143051147 1.5447012365218267 -0.3519884452393431 -3.569372220681575 7249 0 False
pedestrian -10.179707666156673 54.50781313320249 -1.0556637770951112 0.3753577768802643 0.3753577768802643 1.8600000143051147 1.9312153327462938 1.095521558957678 -1.3696122261107229 7245 0 False
pedestrian -20.094460090050074 61.653291517759556 -1.8273105103303668 0.3753577768802643 0.3753577768802643 1.8600000143051147 2.7110190007595487 -0.05409439728105161 0.02626516690946889 7247 0 False
pedestrian 19.354717185330955 63.176997124541 -0.9664099108140531 0.3753577768802643 0.3753577768802643 1.8600000143051147 0.04377527396859063 -0.07910082280140117 1.8236746648677307 7253 0 False