0.0031973288860172033 -5.551363468170166
car -38.13267149695923 -19.792270299710765 -0.8210111709388808 4.181210041046143 1.994117259979248 1.3805816173553467 -0.00042557278272840714 0.0 0.0 20001 0 True
car -37.723800671187206 -94.070661460221 -0.8478912321828886 5.357479572296143 2.033203125 1.4147460460662842 -0.0004250401509602865 0.0 0.0 20003 0 False
car -60.663891010740514 -26.992178125991586 -0.4528838343289818 4.4777727127075195 2.069315195083618 2.0377910137176514 1.5703698266912245 0.0 0.0 20011 0 False
car -8.25995842514623 53.46511366960772 -1.1425213773497007 3.633375883102417 1.845113754272461 1.5012825727462769 -3.140815287093268 0.004523245743834483 -1.8697346302964406 7259 0 False
car 32.444161953606525 -48.958575453031244 -1.1941991119627962 4.552699089050293 2.097072124481201 1.7671663761138916 1.570578457293311 -0.0009675741918768748 4.740644736726699 7256 0 True
car -0.0025911692774513995 7.763044322928181e-06 -1.2215852857601002 4.673638820648193 1.8118125200271606 1.441947340965271 0.0 0.0031973285251452764 -5.551363138532518 -100 1379 False
car -14.921697252925945 -0.2629675542739278 -1.15310481242004 4.673638820648193 1.8118125200271606 1.441947340965271 0.17188360052108764 1.5712518341385744 -5.3288988943045155 7255 124 True
car -3.997086369810596 -3.9993401307841623 -1.2035740468398526 4.673638820648193 1.8118125200271606 1.441947340965271 -3.1415098389188976 0.002483018997954236 -4.312000470237231 7258 1678 True
truck 36.452638361682986 -26.252588318501864 -0.19991631844173852 8.46804141998291 2.8910882472991943 3.8274123668670654 -1.570517898322635 -0.0037780167813606202 3.5693915353896553 7261 101 True
car 36.442711379818206 -39.30545146849971 -1.276972585019807 4.611005783081055 2.241713285446167 1.6672759056091309 -1.5708372110676236 -0.0003925016489578558 1.8201916665091482 7260 0 False
car 32.443023528662664 -35.21162671065878 -1.2797279769072754 4.855708599090576 2.0327565670013428 1.6493593454360962 1.570825162874611 -0.003086104319310475 5.8943922021870305 7242 0 True
car 36.43629505766253 24.53897631895387 -1.291158170632662 5.237514495849609 1.9297595024108887 1.638383150100708 -1.5742716207084655 6.011897542503369e-05 -0.00228971348542784 7243 0 False
motorcycle 32.43896798424689 -63.71043694660273 -1.3256924812061865 2.0333523750305176 0.8025798797607422 1.4992752075195312 1.5704793180927077 6.624705255340887e-10 5.677128627324066e-09 7257 0 False
pedestrian 17.3248911613821 -8.300838366874359 -0.9660075387526428 0.3753577768802643 0.3753577768802643 1.8600000143051147 -3.1346792359665763 0.018850150292040426 -1.3710449510596123 7251 9 True
pedestrian 41.509719219675375 24.03527572529049 -1.0760921211109056 0.9953577518463135 0.3753577768802643 1.8600000143051147 -1.5560729247712028 -0.10977479069569442 3.2635812216268327 7249 0 False
pedestrian 14.665087456436698 3.2569283177867874 -0.9444046355888576 0.3753577768802643 0.3753577768802643 1.8600000143051147 0.30049393251503836 0.41665259678869326 -0.6134635937047387 7245 6 True
pedestrian 39.47116223157069 -11.060085849511097 -1.0668429590477428 0.3753577768802643 0.3753577768802643 1.8600000143051147 -2.002031123160892 1.2396926237235 1.5339635092095607 7247 2 True
pedestrian 10.74049496470332 -8.418658190254007 -0.9357790375878778 0.3753577768802643 0.3753577768802643 1.8600000143051147 -3.118415458084954 0.07677866165826366 -1.660483005254461 7253 19 True