0.010852827690541744 -8.897552490234375
car -58.64863781671211 -19.75717231579773 -0.8606392878723956 4.181210041046143 1.994117259979248 1.3805816173553467 -0.0011094719729953342 0.0 0.0 20001 6 True
car -58.29050426645249 -94.03583000109583 -0.8843669432362962 5.357479572296143 2.033203125 1.4147460460662842 -0.0011089393412272136 0.0 0.0 20003 0 False
car -81.18556349212702 -26.941660071189688 -0.5440406482255284 4.4777727127075195 2.069315195083618 2.0377910137176514 1.5696859275009576 0.0 0.0 20011 0 False
car -38.20311866857896 53.479480003852984 -1.0941759876411383 3.633375883102417 1.845113754272461 1.5012825727462769 3.1415256847139994 0.007308387394137388 -7.296234794351038 7259 0 False
car 11.919276304192715 -31.920873188547375 -1.0733030431848087 4.552699089050293 2.097072124481201 1.7671663761138916 1.570315807023731 -0.0005746215942879567 7.597904484189825 7256 19 True
car -0.0025933486799747385 -8.23314354647664e-06 -1.2215853747721859 4.673638820648193 1.8118125200271606 1.441947340965271 0.0 0.010852828067313062 -8.897552798659806 -100 1423 False
car -16.022491871163247 0.013453631390518694 -1.1849271620325368 4.673638820648193 1.8118125200271606 1.441947340965271 -0.001822932226392958 -0.0250228666148349 -9.579007353908851 7255 89 True
car -38.60779052300269 -3.9804369181728703 -1.1328061453404608 4.673638820648193 1.8118125200271606 1.441947340965271 3.141331140960693 0.0038664569479069876 -8.961474937230376 7258 19 True
truck 15.925103555064013 -36.18183285264814 -0.06677349740027516 8.46804141998291 2.8910882472991943 3.8274123668670654 -1.5711285606447856 -0.0024301402419240835 5.446190711053328 7261 99 True
car 15.905621686080636 -50.94721213068556 -1.1442838335525685 4.611005783081055 2.241713285446167 1.6672759056091309 -1.5716313650338916 0.005797039250279609 8.29247614640513 7260 7 True
car 11.973010816114435 -8.979087512857632 -1.146804691002536 4.855708599090576 2.0327565670013428 1.6493593454360962 1.5694451779253855 0.16987160950100164 10.874358607417335 7242 276 True
car 15.951174470283503 24.308521592098884 -1.1605743688190728 5.237514495849609 1.9297595024108887 1.638383150100708 -1.575283887383779 0.00705206453628594 1.2886187139519385 7243 45 True
motorcycle 11.908084671710116 -49.08728895692019 -1.2034817453012554 2.0333523750305176 0.8025798797607422 1.4992746114730835 1.5698487021618501 0.005378340197429397 6.683469006367448 7257 0 True
pedestrian -6.595894547225793 -8.548182845142662 -0.8707830018204228 0.3753577768802643 0.3753577768802643 1.8600000143051147 -3.122727245405833 0.1594206851468085 -1.4920582695108648 7251 11 True
pedestrian 21.042284490472955 16.72153010260496 -0.9339105961675978 0.9953577518463135 0.3753577768802643 1.8600000143051147 -1.5754593895513744 0.0070926439643126254 3.1406261619636395 7249 4 True
pedestrian -2.5156034755211216 3.9933594787606808 -0.8711119550918467 0.3753577768802643 0.3753577768802643 1.8600000143051147 0.34371140786446464 0.9060947915064438 -1.0918726519852322 7245 110 True
pedestrian 13.143883176505396 -10.388675407657388 -1.0487972623298694 0.3753577768802643 0.3753577768802643 1.8600000143051147 2.2845963374661338 -0.0033873375733143485 0.7025489049430376 7247 0 True
pedestrian -13.827112295600216 -8.658891203420808 -0.8541884830065962 0.3753577768802643 0.3753577768802643 1.8600000143051147 -3.042638602224138 0.3476027468213899 -1.8881287668989377 7253 11 True