13.85928726196289 4.547601222991943
car -36.7164028454618 88.46386473130511 -4.942526979972762 4.181210041046143 1.994117259979248 1.3805816173553467 -1.9369329017506705 0.0 0.0 20001 0 False
car -35.37767962996759 112.06215060202183 -5.92170230086446 4.4777727127075195 2.069315195083618 2.0377910137176514 -0.36613750227671743 0.0 0.0 20011 0 False
car -69.66310334089434 25.619908606199743 -1.158677043915688 4.552699089050293 2.097072124481201 1.7671663761138916 -0.3663899697349336 -7.105345777464563e-10 -3.2868697730911415e-09 7256 0 True
car -0.0026286741669423463 -1.476134627864667e-06 -1.2215853998075943 4.673638820648193 1.8118125200271606 1.441947340965271 0.0 13.85928668039965 4.547600979499808 -100 1369 False
car -22.358254846715965 7.530657702474414 -1.23782408517814 4.673638820648193 1.8118125200271606 1.441947340965271 -0.3734228390810506 9.62924097949135 -3.859272542178026 7255 39 True
car 16.297881056271592 22.073224787813047 -2.58203036587971 4.855708599090576 2.0327565670013428 1.6493593454360962 1.2064282320362727 -15.367107202691127 5.855424052770608 7242 52 True
car -26.397426749305225 4.756886513409739 -0.9238857929456863 5.237514495849609 1.9297595024108887 1.638383150100708 2.775671409379853 6.5553827351202394e-09 2.670267166816782e-08 7243 31 True
motorcycle -75.79706943656345 27.96373531991638 -1.3016300711337792 2.0333523750305176 0.8025798797607422 1.499274730682373 -0.36561728556877154 -4.962871438262139e-06 1.8630020717003001e-06 7257 0 False
pedestrian -42.04243033748833 43.775178163767066 -2.4269933341686922 0.3753577768802643 0.3753577768802643 1.8600000143051147 1.2332904499979018 -1.4943265165545911 0.4986971975541085 7251 0 False
pedestrian -48.04344298643815 8.868784849620567 -0.5140623024479609 0.9953577518463135 0.3753577768802643 1.8600000143051147 2.6996400886918175 3.0356343724933312 -1.7524742575503662 7249 1 True
pedestrian -39.504144369475114 23.795076899333566 -1.542010846594394 0.3753577768802643 0.3753577768802643 1.8600000143051147 3.0897758146236205 1.6935411944316334 0.45284397834425105 7245 0 False
pedestrian -52.75678170830963 17.607408226959464 -1.7518839153952754 0.3753577768802643 0.3753577768802643 1.8600000143051147 -2.413599851573414 -0.006509530350923146 -0.008648112339840247 7247 0 False
pedestrian -39.19091648647594 51.86971805066345 -2.896210439449753 0.3753577768802643 0.3753577768802643 1.8600000143051147 1.212005951912032 -1.7126811309574335 0.603938802565219 7253 0 False