0.0061254738830029964 -10.942282676696777
car -50.197077578366276 -19.79042222063282 -1.0364410077567823 4.181210041046143 1.994117259979248 1.3805816173553467 -0.000535294926961263 0.0 0.0 20001 0 True
car -49.79621969417967 -94.06886137564973 -1.0621261113602796 5.357479572296143 2.033203125 1.4147460460662842 -0.0005347622951931423 0.0 0.0 20003 0 False
car -72.73074751846912 -26.98786072719099 -0.7901000745510418 4.4777727127075195 2.069315195083618 2.0377910137176514 1.5702601045469917 0.0 0.0 20011 0 True
car -24.18913495136872 53.46062588913571 -1.1986148874455775 3.633375883102417 1.845113754272461 1.5012825727462769 -3.1410403240152993 0.006836564098056257 -4.168480181620917 7259 0 False
car 20.378060779742096 -39.627437441599454 -1.031275016783047 4.552699089050293 2.097072124481201 1.7671663761138916 1.5707757464538936 -0.003486423248908366 6.751781136913625 7256 0 True
car -0.00259406017104169 -2.378597804408855e-05 -1.2215851481853364 4.673638820648193 1.8118125200271606 1.441947340965271 0.0 0.006125473688456969 -10.942283174822254 -100 1337 False
car -16.654185073659683 0.01812597518903658 -1.2348308255576539 4.673638820648193 1.8118125200271606 1.441947340965271 0.0022583586968315974 0.029254736672607064 -9.292559062379242 7255 94 True
car -23.664186933736893 -4.001485511386079 -1.241293777308349 4.673638820648193 1.8118125200271606 1.441947340965271 3.1399602799474926 -0.007363922159352495 -4.559628388400792 7258 43 True
truck 24.38343669713092 -31.055358082867485 -0.012802020184348395 8.46804141998291 2.8910882472991943 3.8274123668670654 -1.5707581152500576 -0.002957819761331246 4.802921423762406 7261 103 True
car 24.377138891019765 -44.06239939944186 -1.0892400401596083 4.611005783081055 2.241713285446167 1.6672759056091309 -1.5711232343271042 -0.0016009134744860703 5.1523272659843435 7260 2 True
car 20.378232462912596 -22.367729554176265 -1.1148396367348354 4.855708599090576 2.0327565670013428 1.6493593454360962 1.5707972696992283 -0.007397443195359589 13.618577449511925 7242 29 True
car 24.378140756146237 24.53551184791047 -1.1030574071883372 5.237514495849609 1.9297595024108887 1.638383150100708 -1.5743805439050462 2.762414694193993e-07 -6.749425416458439e-06 7243 0 False
motorcycle 20.374535502653696 -56.280788289056545 -1.161044098622602 2.0333523750305176 0.8025798797607422 1.4992749691009521 1.5704220924837151 0.001458428549785521 6.825433497307992 7257 0 False
pedestrian 3.424941742161927 -8.370170290278566 -0.8832611301039728 0.3753577768802643 0.3753577768802643 1.8600000143051147 -3.020486846461826 0.2913952130369066 -1.489033171407121 7251 19 True
pedestrian 29.464734102258568 19.842583181137513 -0.8608149582480538 0.9953577518463135 0.3753577768802643 1.8600000143051147 -1.5670379486656187 -0.002065132231937178 2.970325693801787 7249 4 True
pedestrian 4.593011659980597 3.5258767083625457 -0.8727632065889568 0.3753577768802643 0.3753577768802643 1.8600000143051147 0.16459253740522597 0.30646903513814344 -1.1060909481314838 7245 35 True
pedestrian 22.82619167046405 -11.012312979759656 -0.970733396326366 0.9953577518463135 0.3753577768802643 1.8600000143051147 3.070992322294447 -0.517072547284093 -3.657148186635587 7247 6 True
pedestrian -3.587601158726919 -8.55918287319048 -0.8889418006806564 0.3753577768802643 0.3753577768802643 1.8600000143051147 -3.0515969359321593 0.3041152139649381 -1.7793809097716424 7253 26 True