5.1526994705200195 -0.574688732624054
car -39.0756382158786 65.60560347117996 -1.090350871408833 4.181210041046143 1.994117259979248 1.3805816173553467 -1.4411308726975651 0.0 0.0 20001 0 True
car -49.13749719959384 87.0143751933883 -0.8587924194620733 4.4777727127075195 2.069315195083618 2.0377910137176514 0.1296645267763878 0.0 0.0 20011 0 False
car 32.88965756334977 80.03977382719604 -1.361991257711952 3.633375883102417 1.845113754272461 1.5012825727462769 1.70149775925027 -13.53499014247001 -1.7959755343740023 7259 0 False
car -38.10863022363009 -5.445249056856937 -1.0042161077171765 4.552699089050293 2.097072124481201 1.7671663761138916 0.1294120593181716 -1.6743923583068536e-08 -1.5677011582565556e-08 7256 16 True
car -0.002585321694823506 -1.6413901491318938e-06 -1.2215853649674202 4.673638820648193 1.8118125200271606 1.441947340965271 0.0 5.152699394599977 -0.5746887680842253 -100 1422 False
car -11.209257951756399 6.340912163161093 -1.2245646850162477 4.673638820648193 1.8118125200271606 1.441947340965271 -1.3586568381423418 -8.2782364535037 -2.7956966904172313 7255 262 True
car -25.049245114140717 80.06015253656933 -1.3560042064872295 4.673638820648193 1.8118125200271606 1.441947340965271 1.7011265149078898 -15.20176498895868 -2.002123144881267 7258 0 True
truck -61.78305571850251 -12.580588960641599 0.044439568601630564 8.46804141998291 2.8910882472991943 3.8274123668670654 -3.0116120194282003 7.8022995820782555 1.0223109734112166 7261 32 False
car -87.18268359333194 -15.892495546985671 -1.0055143756581129 4.611005783081055 2.241713285446167 1.6672759056091309 -3.0116961752475633 13.661925501980766 1.7877672675477785 7260 0 True
car 17.47188074725176 1.8316030486121377 -1.148809589295408 4.855708599090576 2.0327565670013428 1.6493593454360962 0.1302491911155447 17.423794472360917 2.2928958185616004 7242 120 True
car 9.872238071213303 -3.1955151758589793 -1.125191799106315 5.237514495849609 1.9297595024108887 1.638383150100708 -3.0117065615670415 -6.210342729754243e-05 -8.071136487436892e-06 7243 401 True
motorcycle -49.159733899810874 -6.89221610092293 -1.1227274492731993 2.0333523750305176 0.8025798797607422 1.4992746114730835 0.1302888256290048 2.475054102633073 0.3258799124888267 7257 0 False
pedestrian -21.773783820958442 19.116663964192483 -0.9050519417793166 0.3753577768802643 0.3753577768802643 1.8600000143051147 1.7162653744952412 -1.503722192041176 -0.24556749081238624 7251 1 True
pedestrian -0.4015657185273085 -9.509270697891935 -0.8662418341263993 0.9953577518463135 0.3753577768802643 1.8600000143051147 -3.040282522242599 3.576076660946754 0.2710552592627257 7249 40 True
pedestrian -7.850307370507323 10.002915300476538 -0.8895282323429572 0.3753577768802643 0.3753577768802643 1.8600000143051147 -1.5170171843867302 -1.057329687971387 -0.062390661277591054 7245 12 True
pedestrian -19.50323821391146 -4.601424582343377 -1.7280341331904245 0.3753577768802643 0.3753577768802643 1.8600000143051147 -1.917797822520309 0.017378262623154252 0.05194973874104218 7247 3 True
pedestrian -23.014030642432544 26.842179902013015 -0.9189818249403627 0.3753577768802643 0.3753577768802643 1.8600000143051147 1.757983091943582 -1.7443242734933513 -0.43693018420871327 7253 2 True