2.52130126953125 -8.28606128692627
car -67.2358462757178 -4.407982685179661 -0.823288311818879 4.181210041046143 1.994117259979248 1.3805816173553467 -0.2419711501507229 0.0 0.0 20001 4 True
car -84.60642047047972 -76.6232619168556 -0.007838647238442853 5.357479572296143 2.033203125 1.4147460460662842 -0.2419706175189548 0.0 0.0 20003 0 False
car -90.83609820363085 -6.0054209767524185 -0.49711082928699213 4.4777727127075195 2.069315195083618 2.0377910137176514 1.32882424932323 0.0 0.0 20011 0 False
car -35.544566982899894 63.21390781039577 -1.82311872266839 3.633375883102417 1.845113754272461 1.5012825727462769 2.900908218201955 -2.182383179593263 -8.941244236368464 7259 0 False
car -0.7654116576579781 -29.638069875362874 -0.7158533525208659 4.552699089050293 2.097072124481201 1.7671663761138916 1.3292486848017682 0.5798308710178002 2.359466815309727 7256 44 True
car -0.0025987555360273973 -2.579685911996421e-05 -1.2215851867744973 4.673638820648193 1.8118125200271606 1.441947340965271 0.0 2.5213012947254296 -8.286062478809056 -100 1316 False
car -15.313674772566849 3.1888279614083785 -1.2302234337017661 4.673638820648193 1.8118125200271606 1.441947340965271 -0.2384648352211846 -1.987672457962419 -8.24261058214472 7255 109 True
car -51.19174579837914 7.895689299733533 -1.216415254149683 4.673638820648193 1.8118125200271606 1.441947340965271 2.9003858395953706 -2.8826168821834925 -11.747720436687535 7258 8 True
truck 0.2835812393395969 -42.13287190730375 0.4386611925525239 8.46804141998291 2.8910882472991943 3.8274123668670654 -1.8139913363753424 1.5247802925244138 6.15150134027994 7261 60 False
car -3.8272524589796006 -58.77930643050905 -0.44514806458172496 4.611005783081055 2.241713285446167 1.6672759056091309 -1.8125660137638515 2.4225686959520685 9.827978322125665 7260 3 True
car 5.964326139040239 -2.3936066531449 -1.114868167038939 4.855708599090576 2.0327565670013428 1.6493593454360962 1.3328311140593265 3.28322050078238 13.768157360362972 7242 1653 True
car 15.193554346251616 18.444674276102603 -1.3586879416797535 5.237514495849609 1.9297595024108887 1.638383150100708 -1.8133718856290182 1.2305837469473355 4.978013972058342 7243 59 True
motorcycle -4.51817275237552 -44.877652800746205 -0.6661784511125832 2.0333523750305176 0.8025798797607422 1.4992748498916626 1.3293718841161863 1.9443818051560169 7.916585483302579 7257 5 True
pedestrian -15.044581389241856 -5.68733250045733 -0.7957620824823199 0.3753577768802643 0.3753577768802643 1.8600000143051147 2.9090542884635924 -0.35329657400645675 -1.5222482141367457 7251 11 True
pedestrian 18.297379317805834 9.872720420779274 -1.0305103043082489 0.9953577518463135 0.3753577768802643 1.8600000143051147 -1.8263017881160313 0.844131176487568 3.0341791030117586 7249 6 True
pedestrian -6.304092491029067 5.088425197726849 -0.923141224114314 0.3753577768802643 0.3753577768802643 1.8600000143051147 -0.3802036081937154 -0.4732053090066496 -1.1081882097288127 7245 62 True
pedestrian 5.155824165412255 -11.954408407416679 -1.1690892142553997 0.3753577768802643 0.3753577768802643 1.8600000143051147 1.7800734452498754 -0.2391856888979625 0.038253945344284494 7247 6 True
pedestrian -22.320886615537702 -4.120381172948328 -0.7998613253423463 0.3753577768802643 0.3753577768802643 1.8600000143051147 2.9293520861990183 -0.23237027649871722 -1.7866314135101837 7253 7 True