6.212775707244873 -0.48980623483657837
car -38.3816370860572 66.95070951107746 -1.0149795130024915 4.181210041046143 1.994117259979248 1.3805816173553467 -1.476811916455825 0.0 0.0 20001 0 True
car -47.67305943660716 88.7046960654472 -0.7628450540131375 4.4777727127075195 2.069315195083618 2.0377910137176514 0.09398348301812791 0.0 0.0 20011 0 False
car 33.65465957666157 82.97869744962037 -1.365283101713218 3.633375883102417 1.845113754272461 1.5012825727462769 1.6658892865704165 -14.058910868124851 -1.3567134300857797 7259 0 False
car -39.94993373647458 -4.089439241425168 -0.9610604717130227 4.552699089050293 2.097072124481201 1.7671663761138916 0.09373101555991173 -2.5478969796054097e-08 1.1107548745827804e-08 7256 16 True
car -0.002573274007204418 -2.301130948012542e-07 -1.2215854419067063 4.673638820648193 1.8118125200271606 1.441947340965271 0.0 6.212774964311974 -0.48980614012516377 -100 1382 False
car -11.865984181263968 4.488965723883965 -1.2048231394330398 4.673638820648193 1.8118125200271606 1.441947340965271 -1.171771705483993 -5.355074935854594 -5.227203489069153 7255 284 True
car -24.264932117752835 85.28533736242078 -1.2954385725368107 4.673638820648193 1.8118125200271606 1.441947340965271 1.6652850158294836 -14.032534005766868 -1.3378245435862652 7258 0 False
truck -66.2400994453609 -10.600980494404219 0.1158955454102264 8.46804141998291 2.8910882472991943 3.8274123668670654 -3.0473625716322 8.026082375587315 0.7606330709466378 7261 24 True
car -93.47571040210877 -13.167691456683588 -0.902692443664955 4.611005783081055 2.241713285446167 1.6672759056091309 -3.0473785505852433 13.613654592796273 1.2894482865268933 7260 0 True
car 20.922801872141406 1.6806687782525174 -1.172858146169073 4.855708599090576 2.0327565670013428 1.6493593454360962 0.0945399769754149 16.509158358417512 1.5746017292529348 7242 76 True
car 8.080487699546723 -3.5528027755983906 -1.1344248605551313 5.237514495849609 1.9297595024108887 1.638383150100708 -3.0473876053253015 -1.1511150062290484e-05 -1.132096518622436e-06 7243 667 True
motorcycle -50.3805521075779 -5.0780589729614505 -1.0685855377848665 2.0333523750305176 0.8025798797607422 1.499274730682373 0.09460783024452854 2.7857253736605774 0.2660680131781863 7257 0 False
pedestrian -22.79921726108836 20.32933945143879 -0.8698533159091375 0.3753577768802643 0.3753577768802643 1.8600000143051147 1.6803832622445156 -1.5148500772201101 -0.19103839557719582 7251 3 True
pedestrian -3.481108243647725 -9.541105099749355 -0.8646129093336286 0.9953577518463135 0.3753577768802643 1.8600000143051147 -3.1228998763553033 3.5554829318040997 -0.051539244325060456 7249 31 True
pedestrian -9.15964395604658 10.26936448170521 -0.8732627034302998 0.3753577768802643 0.3753577768802643 1.8600000143051147 -1.5527046197262075 0.0 0.0 7245 23 True
pedestrian -21.319771276884467 -3.891561997649678 -1.705233651783888 0.3753577768802643 0.3753577768802643 1.8600000143051147 -1.953478866278569 0.017868178587956945 0.047390892165957904 7247 11 True
pedestrian -23.794049484013158 28.173027831002095 -0.8790682980283755 0.3753577768802643 0.3753577768802643 1.8600000143051147 1.7212186751689647 -1.762140142132006 -0.3713833367648546 7253 1 True