7.809943199157715 10.796992301940918
car 35.657673499752406 89.9589368444843 -7.338013015920907 4.181210041046143 1.994117259979248 1.3805816173553467 -2.777703432864719 0.0 0.0 20001 0 False
car 54.14777162209592 104.68862154418952 -8.2227289538951 4.4777727127075195 2.069315195083618 2.0377910137176514 -1.2069080333907658 0.0 0.0 20011 0 False
car -33.22630823410216 72.6052726679934 -5.60230948613048 4.552699089050293 2.097072124481201 1.7671663761138916 -1.207160500848982 -1.6469507709789564e-09 -1.0371729222106542e-08 7256 0 True
car -0.0025861372166389174 -7.347138989644009e-06 -1.221582617488437 4.673638820648193 1.8118125200271606 1.441947340965271 0.0 7.809942673400848 10.796992127329776 -100 1377 False
car -13.278025060243692 20.453244548881628 -2.4891519769991532 4.673638820648193 1.8118125200271606 1.441947340965271 -1.2099791876457284 3.9029840519694443 -10.416925017940247 7255 42 True
car 28.293594628558566 8.917009744245945 -2.007416524942876 4.855708599090576 2.0327565670013428 1.6493593454360962 0.36537740345425074 -4.4955221371501475 11.670456752877554 7242 37 True
car -19.903287170228637 26.545348647494905 -2.73523819492263 5.237514495849609 1.9297595024108887 1.638383150100708 1.9349008782658046 -1.2296479003374836e-07 -6.012868903812423e-08 7243 24 True
motorcycle -35.567483436940734 78.72016557543168 -6.118528223721935 2.0333523750305176 0.8025798797607422 1.4992753267288208 -1.20638781668282 -5.567819432199723e-08 1.7625511978985914e-07 7257 0 False
pedestrian -0.49315729496345284 64.4739019714255 -5.200343457860058 0.3753577768802643 0.3753577768802643 1.8600000143051147 0.3866017141503228 -0.676849453077844 1.5354211089678989 7251 0 False
pedestrian -31.732865130475062 46.86897355151751 -3.7409602203907184 0.3753577768802643 0.3753577768802643 1.8600000143051147 1.8604032707540723 0.20568997530954578 -0.9573395094881026 7249 0 True
pedestrian -15.004746164375973 49.65347506595896 -4.184222752091024 0.3753577768802643 0.3753577768802643 1.8600000143051147 2.249005283509572 1.4685659725692253 -0.957493556356768 7245 0 False
pedestrian -27.84859036270518 54.665191256606136 -5.165654311618816 0.3753577768802643 0.3753577768802643 1.8600000143051147 3.028809217838711 -0.024396736460807904 -0.00215107151424112 7247 0 True
pedestrian 7.5402559255003325 67.77991714515821 -5.494038034179724 0.3753577768802643 0.3753577768802643 1.8600000143051147 0.4050655275501675 -0.7445628916462042 1.6580013402870484 7253 0 False