14.326171875 -0.004586331080645323
car -54.155674980704475 70.52553405169033 -0.9255659996491072 4.181210041046143 1.994117259979248 1.3805816173553467 -1.5705237572720845 0.0 0.0 20001 0 False
car -61.37090712624405 93.05320570147062 -0.6526067981016048 4.4777727127075195 2.069315195083618 2.0377910137176514 0.00027164220186852575 0.0 0.0 20011 0 False
car 19.056468900745358 110.63213392837443 -1.2147905322938168 3.633375883102417 1.845113754272461 1.5012825727462769 1.5706876746987237 -18.00802673773515 0.009707267007459271 7259 0 False
car -62.36462537718103 -0.0561738409281336 -0.9591636193099538 4.552699089050293 2.097072124481201 1.7671663761138916 1.917474365234375e-05 -2.9346330726842785e-11 -7.060320303477708e-10 7256 7 True
car -0.002578771851460715 3.250752964589765e-07 -1.2215853272769925 4.673638820648193 1.8118125200271606 1.441947340965271 0.0 14.326172023692665 -0.00458633108478764 -100 1338 False
car -20.479762016125733 0.22103674691451625 -1.1926428751225855 4.673638820648193 1.8118125200271606 1.441947340965271 -0.06222472295543883 9.67526610632075 -1.1270238970370454 7255 56 True
car -38.40152380858939 107.992840788656 -1.1765596954544666 4.673638820648193 1.8118125200271606 1.441947340965271 1.5716476103028192 -8.221258217224035 -0.01278802929708457 7258 0 False
truck -105.6030261921461 -4.0865922251597855 0.11689778850148391 8.46804141998291 2.8910882472991943 3.8274123668670654 -3.141274948309156 9.201638140670168 0.003340959538083272 7261 0 True
car 19.33461666972778 13.83200480117355 -1.1647646299813963 4.855708599090576 2.0327565670013428 1.6493593454360962 1.6358073678270977 -15.611631907461692 -1.676811284155592 7242 40 True
car -14.494613885702222 -4.016119135122681 -1.1025078797175907 5.237514495849609 1.9297595024108887 1.638383150100708 -3.141099446141561 3.108859232658766e-08 1.4069798251782435e-07 7243 159 True
motorcycle -68.9326414375675 -0.06107112248538593 -1.0806010044304966 2.0333523750305176 0.8025798797607422 1.499274730682373 0.0007937011772501799 -0.0013347760374243466 -1.1795978783457146e-05 7257 0 False
pedestrian -43.06571030403916 25.572890357893737 -0.8278636781563651 0.3753577768802643 0.3753577768802643 1.8600000143051147 1.5894086160846286 -1.5457164213751369 -0.060811279002614585 7251 0 False
pedestrian -33.34381733460839 -8.228685488857709 -0.8376206354288712 0.9953577518463135 0.3753577768802643 1.8600000143051147 3.034945135807461 3.5054262187953555 -0.7599533033382823 7249 7 True
pedestrian -32.22399642770836 9.501248069533023 -0.8322952380635087 0.3753577768802643 0.3753577768802643 1.8600000143051147 -2.824393401026408 1.3984932477288163 1.0575835743231692 7245 5 True
pedestrian -43.73871468937199 -1.48835584202768 -1.6917752012335832 0.3753577768802643 0.3753577768802643 1.8600000143051147 -2.0471887097256976 0.006886785448911728 0.014074131820508767 7247 0 True
pedestrian -43.32093848870238 33.96940610484093 -0.8281708745045 0.3753577768802643 0.3753577768802643 1.8600000143051147 1.5952206939383613 -1.807605136157917 -0.06447927326749321 7253 0 False