0.32355445623397827 9.393240928649902
car 49.876912455331734 74.93860686113027 -0.8903718755236127 4.181210041046143 1.994117259979248 1.3805816173553467 -3.1052474691975913 0.0 0.0 20001 0 False
car 72.12857759050787 82.96229707486572 -0.5529097188959256 4.4777727127075195 2.069315195083618 2.0377910137176514 -1.5344520697236381 0.0 0.0 20011 0 False
car -20.954267429510505 80.5964140992213 -1.2047080694663421 4.552699089050293 2.097072124481201 1.7671663761138916 -1.5347045371818542 7.494194343418178e-10 3.833329254704223e-10 7256 0 False
car -0.00259190605302706 -9.71860242771072e-06 -1.2215852958264044 4.673638820648193 1.8118125200271606 1.441947340965271 0.0 0.32355448402434617 9.39324074213724 -100 1379 False
car -18.437454845738745 12.570857553420808 -1.3010424984394722 4.673638820648193 1.8118125200271606 1.441947340965271 -1.5318225506884893 0.4901728709151039 -11.667152548891446 7255 50 True
car 25.34334347659022 0.730673034109202 -1.0323011605058952 4.855708599090576 2.0327565670013428 1.6493593454360962 0.03717250425508287 0.0004909465515875259 -0.013741460268627588 7242 60 True
car -23.184966902560866 32.61451806557932 -1.2404693767681878 5.237514495849609 1.9297595024108887 1.638383150100708 1.6073568419329325 -1.1740290556025986e-08 -1.4743561939354505e-07 7243 0 False
motorcycle -21.195499450090935 87.15860001108035 -1.342631217116964 2.0333523750305176 0.8025798797607422 1.4992756843566895 -1.533931853015692 -4.3396982197188624e-08 -4.461404042673146e-09 7257 0 False
pedestrian 9.44633398456223 62.47538014596046 -0.9151731264153646 0.3753577768802643 0.3753577768802643 1.8600000143051147 0.05889056460020277 -0.13549755060123558 1.6743206144156557 7251 0 False
pedestrian -27.69385641096321 59.85688138639625 -1.046533575522556 0.9953577518463135 0.3753577768802643 1.8600000143051147 1.5349471509522332 -0.3867845109976947 -3.565771600489884 7249 0 False
pedestrian -11.822428794195709 54.937867642534 -1.0880855011173587 0.3753577768802643 0.3753577768802643 1.8600000143051147 1.9214636440196569 1.082106465399856 -1.3802262406526231 7245 0 False
pedestrian -21.527898000016393 61.843048763035995 -1.8943613421473078 0.3753577768802643 0.3753577768802643 1.8600000143051147 2.7012634504525925 -0.05865345853725506 0.03012144851416581 7247 0 False
pedestrian 18.28019203567476 63.001745587792016 -0.8835485230860556 0.3753577768802643 0.3753577768802643 1.8600000143051147 0.034266065854390466 -0.05867092765017942 1.8255741041620457 7253 0 False