4.149471759796143 0.0015022963052615523
car 29.563756499820215 70.58561509531921 -1.2512440377590366 4.181210041046143 1.994117259979248 1.3805816173553467 -1.5709554806936261 0.0 0.0 20001 0 False
car -44.71422251433518 70.15693356442382 -1.4656450201222828 5.357479572296143 2.033203125 1.4147460460662842 -1.570954948061858 0.0 0.0 20003 0 False
car -78.42583121164444 82.84244950724282 -1.4111326703037812 4.1928300857543945 1.8161858320236206 1.4738311767578125 -1.570954948061858 0.0 0.0 20009 0 False
car 22.357223312619112 93.11637809027775 -1.0048622840971078 4.4777727127075195 2.069315195083618 2.0377910137176514 -0.00016008121967318946 0.0 0.0 20011 0 False
car 102.82963227760678 40.552015909508825 -1.2490811527422734 3.633375883102417 1.845113754272461 1.5012825727462769 1.5717973876141231 -1.6891325907861838 -0.0036503509316509275 7259 0 False
car -0.031217726478757868 -7.323009052484508e-07 -1.376131618298809 4.552699089050293 2.097072124481201 1.7671663761138916 0.0 4.149471972747021 0.00150229635454797 -100 1545 False
car 49.366314349164384 33.00510575878357 -1.4266052695560765 4.673638820648193 1.8118125200271606 1.441947340965271 -1.5706737184882904 -5.134111078094459 -0.003199875532852995 7244 0 True
car 49.032825228186084 47.91949596651436 -1.427420157225212 4.673638820648193 1.8118125200271606 1.441947340965271 -1.3649391054181204 -4.8182226589656585 -1.737722128534847 7255 0 False
car 45.36638091748273 36.048160906393946 -1.4369183211861678 4.673638820648193 1.8118125200271606 1.441947340965271 1.5711114910547257 -3.7118562861932105 -0.002914666917350062 7258 0 False
truck 23.471665930647816 -3.9975995302002003 -0.30378882706639754 8.46804141998291 2.8910882472991943 3.8274123668670654 -3.1410246367516197 3.3771163749474806 0.0026484270069137 7261 236 True
car 10.242360042548455 -3.9962176422147455 -1.4143004587497257 4.611005783081055 2.241713285446167 1.6672759056091309 -3.1413588631861153 1.5709884127221183 0.0007112967886311352 7260 453 True
car 13.589776929755658 0.004274324344809566 -1.4274021866951998 4.855708599090576 2.0327565670013428 1.6493593454360962 0.00025543859343463555 5.55698765676402 0.004228820788696209 7242 190 True
car 73.91840364489326 -3.9728988294014123 -1.266094059142259 5.237514495849609 1.9297595024108887 1.638383150100708 3.138398445071941 0.39066603528920674 0.00283960847429697 7243 0 True
motorcycle -14.335097615126699 0.0007584953956716323 -1.5440922651895552 2.0333523750305176 0.8025798797607422 1.4992752075195312 -5.0589818190136505e-05 -3.421476007690218e-08 3.468294908751694e-08 7257 30 True
pedestrian 41.07059033534358 14.993807051869886 -1.1124741954639372 0.3753577768802643 0.3753577768802643 1.8600000143051147 1.5779382324267281 -1.3700840791351414 -0.019162191435014936 7251 1 False
pedestrian 73.73648652173421 -9.040875821797368 -1.028313471790376 0.9953577518463135 0.3753577768802643 1.8600000143051147 -3.123724756923061 3.274809605586926 0.12678418012058207 7249 0 False
pedestrian 52.575240207883155 17.961636294150814 -1.0737376989805043 0.3753577768802643 0.3753577768802643 1.8600000143051147 -1.2645653145054923 -0.406601271206081 -0.260476312088772 7245 1 True
pedestrian 38.63282438554785 -7.2064314744998725 -1.1179259268139177 0.3753577768802643 0.3753577768802643 1.8600000143051147 2.87566104754573 1.2756604875289945 -0.6407591806423076 7247 0 False
pedestrian 40.95391983393682 21.549195975310056 -1.112751014903536 0.3753577768802643 0.3753577768802643 1.8600000143051147 1.5941346323896834 -1.6597328606983088 -0.07703645451254032 7253 1 False