3.6380065626673286e-10 8.406673690508626e-10
car 8.179018360604289 70.58154621172262 -1.3254451243430423 4.181210041046143 1.994117259979248 1.3805816173553467 -1.5705429320157367 0.0 0.0 20001 5 False
car -66.0990786208911 70.12222071131268 -1.3508956178957303 5.357479572296143 2.033203125 1.4147460460662842 -1.5705423993839687 0.0 0.0 20003 0 False
car 0.9638410286182193 93.10933429344571 -1.0607941742978375 4.4777727127075195 2.069315195083618 2.0377910137176514 0.000252467458216182 0.0 0.0 20011 0 False
car -0.031222269270983816 -7.975304590068788e-07 -1.3761317571003229 4.552699089050293 2.097072124481201 1.7671663761138916 0.0 3.638006364687916e-10 8.4066732332782e-10 -100 1635 False
car 74.18322560430875 1.0761095270399617 -1.5282333279561284 4.673638820648193 1.8118125200271606 1.441947340965271 0.3663899697349336 11.306873167447703 9.19244098295685 7244 0 True
car 50.61398839857151 0.08837313055175056 -1.5514961003457526 4.673638820648193 1.8118125200271606 1.441947340965271 -0.0070328693461169794 10.372754439223375 -0.14856910082846475 7255 8 True
car 23.929503932653745 113.98260543659052 -1.5513696996418425 4.673638820648193 1.8118125200271606 1.441947340965271 1.5717950161446463 -7.149787197414273 -0.012524419506825278 7258 0 False
truck -50.8017704483666 -4.032084332082238 -0.360870965319696 8.46804141998291 2.8910882472991943 3.8274123668670654 -3.1412563061972723 9.61188976025617 0.003997075467624996 7261 39 True
car -91.0340392830287 -4.040736175073746 -1.437676463182426 4.611005783081055 2.241713285446167 1.6672759056091309 -3.141117289305793 13.64734113671791 0.00841056498844664 7260 0 True
car 81.48074262294813 27.562446787832414 -1.4580492923213373 4.855708599090576 2.0327565670013428 1.6493593454360962 1.5728182017712062 -16.444835225319302 -0.045353972879556045 7242 0 False
car 47.83886588638126 -3.9608525676186366 -1.4528067405529783 5.237514495849609 1.9297595024108887 1.638383150100708 -3.141118620885213 -7.1658801327861755e-09 1.2892947224357731e-07 7243 7 True
motorcycle -6.597993737822264 -0.004765568987764812 -1.5064721186099814 2.0333523750305176 0.8025798797607422 1.499274730682373 0.0007726841661620679 -5.302110420163947e-06 -6.912978360518252e-09 7257 171 True
pedestrian 19.23869726852672 26.88435336431571 -1.2157930289032663 0.3753577768802643 0.3753577768802643 1.8600000143051147 1.5996804197328356 -1.5737672682642976 -0.07048193812991943 7251 0 True
pedestrian 26.158931342908204 -7.904123318449196 -1.2146253614109428 0.9953577518463135 0.3753577768802643 1.8600000143051147 3.066030058426751 3.4622561349925163 -0.5480671676795469 7249 5 True
pedestrian 28.775232181164313 9.122754615837165 -1.318980757457609 0.3753577768802643 0.3753577768802643 1.8600000143051147 -2.8270142156414457 1.4183802085176789 1.0316032072897992 7245 6 True
pedestrian 18.62278417082905 -1.380009812344069 -2.0828022798945693 0.3753577768802643 0.3753577768802643 1.8600000143051147 -2.0472098818384805 -0.003126975621910847 -0.006228056499312027 7247 1 True
pedestrian 18.996702751449448 35.475878864407996 -1.2157909003827172 0.3753577768802643 0.3753577768802643 1.8600000143051147 1.5783959216469658 -1.8153422057708046 -0.05051833426047002 7253 1 True