6.43477201461792 0.0034507655072957277
car 10.707114615951411 70.57467397701465 -1.3490485306388755 4.181210041046143 1.994117259979248 1.3805816173553467 -1.57137383471319 0.0 0.0 20001 0 False
car -63.57120301945082 70.17706662083539 -1.2048520458327108 5.357479572296143 2.033203125 1.4147460460662842 -1.5713733020814218 0.0 0.0 20003 0 False
car 3.511281376826389 93.10844987573336 -1.0679744065415204 4.4777727127075195 2.069315195083618 2.0377910137176514 -0.0005784352392368864 0.0 0.0 20011 0 False
car 83.95322783633702 51.68801033842176 -1.700346179476357 3.633375883102417 1.845113754272461 1.5012825727462769 1.5713044651470225 -7.872630479396145 -0.014359886441408957 7259 0 False
car -0.03125080104217659 -8.42452415383832e-07 -1.3761316581468614 4.552699089050293 2.097072124481201 1.7671663761138916 0.0 6.434771706802614 0.0034507653737277364 -100 1606 False
car 30.515950314612724 10.230718297660342 -1.6201159885880627 4.673638820648193 1.8118125200271606 1.441947340965271 -1.555954278184039 -8.062569845650447 -0.28983239931296834 7244 32 True
car 30.497911260287765 26.11190235474654 -1.6202342005499513 4.673638820648193 1.8118125200271606 1.441947340965271 -1.5699180189329742 -8.714825773088144 -0.006958577211282964 7255 8 True
car 26.49346990102464 52.43606400543405 -1.6107442867277662 4.673638820648193 1.8118125200271606 1.441947340965271 1.5711349550868179 -9.94226721666361 -0.012160856840416049 7258 0 False
truck -6.781648779805266 -4.006078743084112 -0.34496598005315127 8.46804141998291 2.8910882472991943 3.8274123668670654 3.1415274186280606 5.6892943254542665 0.002955689944324219 7261 4755 True
car -22.166178614095486 -3.995828820333692 -1.387595845281051 4.611005783081055 2.241713285446167 1.6672759056091309 3.141262966955189 8.82767068221749 -0.001806714504469366 7260 89 True
car 23.7460012499306 -0.05232916482174366 -1.5251837788469627 4.855708599090576 2.0327565670013428 1.6493593454360962 0.000356208873172808 11.500623512283106 0.034414833227131306 7242 56 True
car 54.46161904244508 -4.001995070050853 -1.5762012482452465 5.237514495849609 1.9297595024108887 1.638383150100708 3.138614988119977 2.2390005289757617 -0.006427785460127971 7243 5 True
motorcycle -17.327097271271555 0.001439252325450724 -1.46645136291832 2.0333523750305176 0.8025798797607422 1.4992743730545044 -0.0003245579032939859 6.461681480759475 -0.0009748601415733083 7257 19 True
pedestrian 21.94497216164916 18.828838507893913 -1.2650347993139177 0.3753577768802643 0.3753577768802643 1.8600000143051147 1.5717062026581277 -1.5032447666819972 -0.02558856540108432 7251 0 True
pedestrian 46.59801394105398 -9.089513508362321 -1.320183103721888 0.9953577518463135 0.3753577768802643 1.8600000143051147 3.1291698289758934 3.149509307084961 -0.0583836388096511 7249 2 True
pedestrian 34.54862208919252 14.259491951292063 -1.2843572380197654 0.3753577768802643 0.3753577768802643 1.8600000143051147 -1.259775195622546 -0.8354757885444043 -0.6444113760731605 7245 1 True
pedestrian 20.231158821822476 -1.2957988497209014 -1.4124447523704857 0.3753577768802643 0.3753577768802643 1.8600000143051147 0.5813010653724712 0.6873179545344951 0.026395322895320317 7247 2 True
pedestrian 21.791194634440387 26.136757154707347 -1.2646855850028207 0.3753577768802643 0.3753577768802643 1.8600000143051147 1.6710018137141374 -1.8639520296157135 -0.3766394736395723 7253 0 True