-6.092465355322929e-06 4.532381225885729e-08
car 8.179026584303358 70.58154608650739 -1.325503062199956 4.181210041046143 1.994117259979248 1.3805816173553467 -1.5705429320157367 0.0 0.0 20001 5 False
car -66.09907061959393 70.12222058948376 -1.350307227977973 5.357479572296143 2.033203125 1.4147460460662842 -1.5705423993839687 0.0 0.0 20003 0 False
car 0.9638515552910576 93.10933413316506 -1.060786338693134 4.4777727127075195 2.069315195083618 2.0377910137176514 0.000252467458216182 0.0 0.0 20011 0 False
car 81.41764865675049 66.60001703814058 -1.5100989032656464 3.633375883102417 1.845113754272461 1.5012825727462769 1.5721749157532585 -12.019744745002006 -0.03076105540569308 7259 0 False
car -0.03124500437320421 -9.237973013220824e-07 -1.3761317117815737 4.552699089050293 2.097072124481201 1.7671663761138916 0.0 -6.092465024586095e-06 4.5323809802740587e-08 -100 1573 False
car 34.59242027835228 1.160808220754185 -1.550204644115637 4.673638820648193 1.8118125200271606 1.441947340965271 -0.3115028652408388 6.919027047728342 -4.724609948321897 7244 23 True
car 28.017490731289513 13.781437092194242 -1.5515975099548167 4.673638820648193 1.8118125200271606 1.441947340965271 -1.5705233577982582 -7.5113308084571875 0.0004804430689413492 7255 30 True
car 23.962389308755917 71.98373501418848 -1.5513586954757081 4.673638820648193 1.8118125200271606 1.441947340965271 1.571461721815745 -15.768978513799686 -0.0174974324038989 7258 0 False
truck -19.11752224802808 -4.019518162892372 -0.3609076219770595 8.46804141998291 2.8910882472991943 3.8274123668670654 -3.1413899967710703 7.302794114506134 0.004143242527493122 7261 448 True
car -40.77903158018768 -4.022368895122767 -1.4385330487713832 4.611005783081055 2.241713285446167 1.6672759056091309 -3.141112761935764 12.509352827304877 0.00837049972030847 7260 21 True
car 44.12377536522331 0.03267351543858732 -1.4593522695525043 4.855708599090576 2.0327565670013428 1.6493593454360962 0.000998506804575109 17.13108586739581 0.03027902183388141 7242 8 True
car 47.837682816014365 -3.960853575018276 -1.4533092601735411 5.237514495849609 1.9297595024108887 1.638383150100708 -3.141118620885213 -0.0035585146542654674 -4.705400702172174e-06 7243 8 True
motorcycle -13.177270392103367 -0.010246738967304658 -1.5059142216487524 2.0333523750305176 0.8025798797607422 1.4992748498916626 0.0008844013713676897 2.982938004068009 0.004185869634169518 7257 36 True
pedestrian 19.353927443132875 21.183351798691977 -1.2159549992924088 0.3753577768802643 0.3753577768802643 1.8600000143051147 1.5942956457150776 -1.5122236814939705 -0.11056555356958622 7251 2 True
pedestrian 39.33603744120427 -8.996014913919634 -1.214983844821243 0.9953577518463135 0.3753577768802643 1.8600000143051147 3.12837434056939 3.320913927452474 -0.09465210950493579 7249 4 True
pedestrian 31.964457960373977 12.330232451551216 -1.2066050231951286 0.3753577768802643 0.3753577768802643 1.8600000143051147 -1.4770420882809956 -0.9986956423433349 -0.1810072855275367 7245 2 True
pedestrian 18.50757765783436 -1.6028999534924042 -2.082993283402535 0.3753577768802643 0.3753577768802643 1.8600000143051147 1.0943842460577222 0.026251967457751865 0.05381090508776565 7247 1 True
pedestrian 19.1773021057885 28.813882050050562 -1.2159504288645702 0.3753577768802643 0.3753577768802643 1.8600000143051147 1.6280035134764779 -1.7824324101209594 -0.18659502227265112 7253 2 True