0.14559291303157806 -0.0011388713028281927
car 8.179823884583698 70.58169701832074 -1.3548388200478247 4.181210041046143 1.994117259979248 1.3805816173553467 -1.5705237573045936 0.0 0.0 20001 1 False
car -66.09785013146919 70.12095017599452 -1.1052770183315372 5.357479572296143 2.033203125 1.4147460460662842 -1.5705232246728256 0.0 0.0 20003 0 False
car 0.9652438149041132 93.10935027822417 -1.0637389309030283 4.4777727127075195 2.069315195083618 2.0377910137176514 0.00027164216935926256 0.0 0.0 20011 0 False
car 81.43207845853493 57.922398311439345 -1.8095164706568674 3.633375883102417 1.845113754272461 1.5012825727462769 1.5724108715940268 -9.492749745166087 -0.029795002071613813 7259 0 False
car -0.03124629697651926 -9.54190841451208e-07 -1.3761317987488222 4.552699089050293 2.097072124481201 1.7671663761138916 0.0 0.14559290794067462 -0.0011388712535261019 -100 1541 False
car 29.266894271335673 4.8053594021600246 -1.656538584474177 4.673638820648193 1.8118125200271606 1.441947340965271 -1.1313504886931096 -4.750598836492137 -6.552141009003294 7244 44 True
car 28.01659273983074 20.188125515986165 -1.653423658942106 4.673638820648193 1.8118125200271606 1.441947340965271 -1.5678948200550924 -9.408964022782518 -0.04050351708752313 7255 24 True
car 23.973244500081933 60.46765517650738 -1.6388696890091858 4.673638820648193 1.8118125200271606 1.441947340965271 1.5718679866643699 -12.929055478483486 -0.023789547943866514 7258 0 False
truck -13.546734797949341 -4.017014721743131 -0.30921473203768657 8.46804141998291 2.8910882472991943 3.8274123668670654 3.1413596367277785 6.5447056011975615 0.0005625900942336418 7261 1018 True
car -31.47788052584832 -4.019453355485281 -1.320717844233746 4.611005783081055 2.241713285446167 1.6672759056091309 -3.1411412577678677 10.624160737884255 0.005870764514948488 7260 32 True
car 30.636724862179392 0.012547519907132543 -1.5715850415844237 4.855708599090576 2.0327565670013428 1.6493593454360962 0.002791870003067888 15.177752620696788 0.07950187112038164 7242 41 True
car 49.256759669635926 -3.958881003788825 -1.6335351681289112 5.237514495849609 1.9297595024108887 1.638383150100708 -3.1414387326103625 3.4397989748009836 0.0021146666864816995 7243 15 True
motorcycle -14.906664002194987 -0.012116223987835628 -1.4539360226741511 2.0333523750305176 0.8025798797607422 1.499274730682373 0.0007528185356483898 3.070793334475766 0.0036504179305981 7257 36 True
pedestrian 19.44717108699001 19.90190505503621 -1.286308270498891 0.3753577768802643 0.3753577768802643 1.8600000143051147 1.6014773861280234 -1.4661582415493426 -0.06844821211512489 7251 0 True
pedestrian 41.93498185463284 -9.022428818858558 -1.3680827688463477 0.9953577518463135 0.3753577768802643 1.8600000143051147 3.1326188830970345 3.139367340830538 -0.06477489191511597 7249 3 True
pedestrian 31.95083279788804 13.365429782604068 -1.3230642461746283 0.3753577768802643 0.3753577768802643 1.8600000143051147 -1.7507463739453204 -1.604602210458179 0.5483957851701158 7245 1 True
pedestrian 18.398042233890465 -1.6582529498506833 -1.9042942572618295 0.9953577518463135 0.3753577768802643 1.8600000143051147 0.7759630600377405 -1.778639929891377 0.8221454883224335 7247 9 True
pedestrian 19.227011120005443 27.39843838065611 -1.2855790058743006 0.3753577768802643 0.3753577768802643 1.8600000143051147 1.5905524427741586 -1.7528796523228443 -0.1057448160092326 7253 4 True