3.307273899189056e-10 1.782237968317446e-10
car 8.179018360604289 70.58154621172262 -1.3254451243430423 4.181210041046143 1.994117259979248 1.3805816173553467 -1.5705429320157367 0.0 0.0 20001 5 False
car -66.0990786208911 70.12222071131268 -1.3508956178957303 5.357479572296143 2.033203125 1.4147460460662842 -1.5705423993839687 0.0 0.0 20003 0 False
car 0.9638410286182193 93.10933429344571 -1.0607941742978375 4.4777727127075195 2.069315195083618 2.0377910137176514 0.000252467458216182 0.0 0.0 20011 0 False
car -0.031222269270983816 -7.975304590068788e-07 -1.3761317571003229 4.552699089050293 2.097072124481201 1.7671663761138916 0.0 3.3072737189147614e-10 1.7822378713853153e-10 -100 1573 False
car 81.19047915579898 15.977295542353929 -1.5514719197385594 4.673638820648193 1.8118125200271606 1.441947340965271 1.5249504516122605 -10.93310535063626 0.9749833747472718 7244 0 False
car 65.83790429653942 0.05558605651336457 -1.5512850630195336 4.673638820648193 1.8118125200271606 1.441947340965271 0.0001624526892768012 10.313844921282376 0.0007621837401713596 7255 6 True
truck -65.75800682702112 -4.0379456621673615 -0.36082453638137646 8.46804141998291 2.8910882472991943 3.8274123668670654 -3.1411559051089815 10.304851510373558 0.006411393537258574 7261 30 True
car -111.47799187537763 -4.048517042945083 -1.4369083588036542 4.611005783081055 2.241713285446167 1.6672759056091309 -3.1411332682588364 13.193458866100155 0.007821118120292615 7260 0 True
car 81.45319986591494 43.327328621086835 -1.4536080815445083 4.855708599090576 2.0327565670013428 1.6493593454360962 1.5718850309134589 -1.7896234823502128 -0.003958467033876249 7242 0 False
car 47.83886588638126 -3.9608525676186366 -1.4528067405529783 5.237514495849609 1.9297595024108887 1.638383150100708 -3.141118620885213 -5.032889654612519e-08 -3.0985268509979144e-08 7243 6 True
motorcycle -6.597993737818513 -0.004765568987799451 -1.5064694960056113 2.0333523750305176 0.8025798797607422 1.4992756843566895 0.0007726841661620679 -2.6558248577436376e-09 2.640223951378719e-09 7257 160 True
pedestrian 19.182882991973884 29.39220698029177 -1.2157929159547571 0.3753577768802643 0.3753577768802643 1.8600000143051147 1.5928640646803114 -1.6856124583075058 -0.07315225582103231 7251 0 True
pedestrian 21.16732111387779 -7.534561728254353 -1.2146182159776995 0.9953577518463135 0.3753577768802643 1.8600000143051147 3.0696516881340874 3.5494936598513593 -0.5151976771867071 7249 7 True
pedestrian 26.273760920203642 8.308849080017492 -1.3189771898189129 0.3753577768802643 0.3753577768802643 1.8600000143051147 -2.8270142156414457 1.4183802085176789 1.0316032072897992 7245 10 True
pedestrian 18.680464366856143 -1.2678939888470482 -2.0828173514948882 0.3753577768802643 0.3753577768802643 1.8600000143051147 -2.0472105476281905 -0.02879423331050512 -0.05282355764932352 7247 2 True
pedestrian 18.96732024734257 38.209521605452494 -1.2157908222645704 0.3753577768802643 0.3753577768802643 1.8600000143051147 1.568725725580851 -1.8253850357928711 0.00455860491740918 7253 0 True