1.05007584849659e-08 4.073764436895999e-09
car 8.179018360604289 70.58154621172262 -1.3254451243430423 4.181210041046143 1.994117259979248 1.3805816173553467 -1.5705429320157367 0.0 0.0 20001 4 False
car -66.0990786208911 70.12222071131268 -1.3508956178957303 5.357479572296143 2.033203125 1.4147460460662842 -1.5705423993839687 0.0 0.0 20003 0 False
car 0.9638410286182193 93.10933429344571 -1.0607941742978375 4.4777727127075195 2.069315195083618 2.0377910137176514 0.000252467458216182 0.0 0.0 20011 0 False
car -0.031222269270983816 -7.975304590068788e-07 -1.3761317571003229 4.552699089050293 2.097072124481201 1.7671663761138916 0.0 1.0500757913825334e-08 4.073764215327813e-09 -100 1568 False
car 46.401551310565765 0.1048911745046075 -1.5509609041526025 4.673638820648193 1.8118125200271606 1.441947340965271 -0.015509706536498335 10.849634350425415 -0.32804265105507013 7244 12 True
car 33.02707600003595 1.7595962075817497 -1.5514842118435186 4.673638820648193 1.8118125200271606 1.441947340965271 -0.44545289728917015 6.185394209386561 -7.2100370950984765 7255 36 True
car 23.944213826942132 96.48056441268656 -1.5514721140857823 4.673638820648193 1.8118125200271606 1.441947340965271 1.5714376202282374 -11.8718100130916 -0.012422503395143402 7258 0 False
truck -32.621474046004494 -4.026020143079963 -0.3609597956543653 8.46804141998291 2.8910882472991943 3.8274123668670654 -3.1412994493704898 8.518620223246606 0.0029053267530246567 7261 120 True
car -63.72059510372253 -4.0328492894597385 -1.4377747226806454 4.611005783081055 2.241713285446167 1.6672759056091309 -3.1413633651826647 13.66313511373691 0.0017436069987951314 7260 4 True
car 73.03561147626658 0.71928429311901 -1.4520302520875674 4.855708599090576 2.0327565670013428 1.6493593454360962 0.2868170139732361 13.749768693194438 8.478648376760479 7242 0 True
car 47.83886588638126 -3.9608525676186366 -1.4528067405529783 5.237514495849609 1.9297595024108887 1.638383150100708 -3.141118620885213 -2.506586838866072e-07 2.3998729018491797e-07 7243 10 True
motorcycle -8.45358418589069 -0.006269397744288696 -1.5071335791388498 2.0333523750305176 0.8025798797607422 1.4992748498916626 0.0008076104605620106 2.0759821198000585 0.0028268689420948567 7257 106 True
pedestrian 19.307603232956126 23.778558818697622 -1.2157931684728533 0.3753577768802643 0.3753577768802643 1.8600000143051147 1.5897140804036456 -1.5328983085460903 -0.06416709223414137 7251 1 True
pedestrian 33.26893834331389 -8.588337316042335 -1.2146355413883176 0.9953577518463135 0.3753577768802643 1.8600000143051147 3.0393819584359063 3.512011086979689 -0.7280732620616448 7249 4 True
pedestrian 31.719570485044414 10.672406757214842 -1.2063320510751891 0.3753577768802643 0.3753577768802643 1.8600000143051147 -2.049937755438911 -0.6370780194400324 0.732434209525486 7245 2 True
pedestrian 18.55821030551823 -1.5051008485988422 -2.0828272529253504 0.3753577768802643 0.3753577768802643 1.8600000143051147 -2.047206952363756 0.017460215607506952 0.03664257087920683 7247 1 True
pedestrian 19.039248126208065 31.864706511045426 -1.2157910089145512 0.3753577768802643 0.3753577768802643 1.8600000143051147 1.593523729125129 -1.7970985249952809 -0.055700319982695465 7253 0 True