5.452891471691146e-09 1.254350134871629e-08
car 8.179018360604289 70.58154621172262 -1.3254451243430423 4.181210041046143 1.994117259979248 1.3805816173553467 -1.5705429320157367 0.0 0.0 20001 7 False
car -66.0990786208911 70.12222071131268 -1.3508956178957303 5.357479572296143 2.033203125 1.4147460460662842 -1.5705423993839687 0.0 0.0 20003 0 False
car 0.9638410286182193 93.10933429344571 -1.0607941742978375 4.4777727127075195 2.069315195083618 2.0377910137176514 0.000252467458216182 0.0 0.0 20011 0 False
car -0.031222269270983816 -7.975304590068788e-07 -1.3761317571003229 4.552699089050293 2.097072124481201 1.7671663761138916 0.0 5.4528911750739125e-09 1.2543500666487334e-08 -100 1584 False
car 53.960553111019635 0.06057559118893874 -1.5510794235680732 4.673638820648193 1.8118125200271606 1.441947340965271 -0.001601091225007756 14.122731822089076 -0.05277943059646896 7244 5 True
car 37.43861113144828 0.6589372872269048 -1.5516211309005286 4.673638820648193 1.8118125200271606 1.441947340965271 -0.15841021389367846 5.821937630205677 -1.7762896262682473 7255 24 True
car 23.938713428874564 102.74199187795894 -1.5513941798957651 4.673638820648193 1.8118125200271606 1.441947340965271 1.571727904541863 -9.99457024444728 -0.01604850832513491 7258 0 False
truck -37.844526566618356 -4.027925465300687 -0.36091632283851127 8.46804141998291 2.8910882472991943 3.8274123668670654 -3.141265094621446 8.87604377618432 0.003595672926915172 7261 88 True
car -71.91517487584548 -4.034218690044617 -1.4376967794995554 4.611005783081055 2.241713285446167 1.6672759056091309 -3.1413641641303167 13.642377977540006 0.003591656844009021 7260 4 True
car 80.19643499046913 5.7703001184624405 -1.39514994137817 4.855708599090576 2.0327565670013428 1.6493593454360962 1.1977643438275656 -7.901554836437208 10.886565373752825 7242 0 True
car 47.83886588638126 -3.9608525676186366 -1.4528067405529783 5.237514495849609 1.9297595024108887 1.638383150100708 -3.141118620885213 -6.226959835246993e-08 -1.5097680872596684e-08 7243 9 True
motorcycle -7.017427248675006 -0.005109582468142193 -1.5082194248181948 2.0333523750305176 0.8025798797607422 1.4992748498916626 0.0008075370546457254 1.518806607643682 0.0020642950540826397 7257 162 True
pedestrian 19.28670780365246 24.701694983065863 -1.2157931263956132 0.3753577768802643 0.3753577768802643 1.8600000143051147 1.5940291966730753 -1.539007479448809 -0.06858549132627183 7251 1 True
pedestrian 31.12908982205937 -8.401828913064545 -1.2146324778488131 0.9953577518463135 0.3753577768802643 1.8600000143051147 3.037945716873169 3.5172325116653513 -0.7030374828473616 7249 3 True
pedestrian 31.100777802235655 9.905089747735689 -1.2063311760144373 0.3753577768802643 0.3753577768802643 1.8600000143051147 -2.400831835854424 -0.14863269755538128 1.7473794802294176 7245 3 True
pedestrian 18.576603322034885 -1.4694241267907238 -2.0827989963618623 0.3753577768802643 0.3753577768802643 1.8600000143051147 -2.0472065528899295 0.013609220004762135 0.02617796151374637 7247 4 True
pedestrian 19.030398627875684 32.94114316740195 -1.215790982045469 0.3753577768802643 0.3753577768802643 1.8600000143051147 1.580806746187422 -1.8029112462168326 -0.035239142315403225 7253 0 True