4.740660667419434 0.0019373375689610839
car 29.119559707212034 70.58412099022262 -1.2504998339773559 4.181210041046143 1.994117259979248 1.3805816173553467 -1.5710040300760395 0.0 0.0 20001 0 False
car -45.15842575244872 70.15904569416789 -1.4697090277975091 5.357479572296143 2.033203125 1.4147460460662842 -1.5710034974442715 0.0 0.0 20003 0 False
car -78.86942188197438 82.84619839410327 -1.4173739652758879 4.1928300857543945 1.8161858320236206 1.4738311767578125 -1.5710034974442715 0.0 0.0 20009 0 False
car 21.914104474929445 93.1152339372785 -1.0045758948801593 4.4777727127075195 2.069315195083618 2.0377910137176514 -0.00020863060208646127 0.0 0.0 20011 0 False
car 102.38364702879068 40.7261104420559 -1.243413051212194 3.633375883102417 1.845113754272461 1.5012825727462769 1.5717862556134203 -1.8697273817779052 -0.0049280763971595596 7259 0 False
car -0.031233386164558397 -8.597799356913072e-07 -1.3761318016309112 4.552699089050293 2.097072124481201 1.7671663761138916 0.0 4.740660879397426 0.00193733765508516 -100 1608 False
car 48.92061824737493 32.45688883148983 -1.424378700416824 4.673638820648193 1.8118125200271606 1.441947340965271 -1.570578457293311 -5.551344725638786 -0.004397623447506523 7244 0 True
car 48.65441287251963 47.376095747646055 -1.4250358920334403 4.673638820648193 1.8118125200271606 1.441947340965271 -1.3986948567722233 -5.328595844646567 -1.572325483343423 7255 0 False
car 44.92041969029276 36.4505587073082 -1.4351510738875761 4.673638820648193 1.8118125200271606 1.441947340965271 1.5710917037877912 -4.311985352371891 -0.0034167744735066887 7258 0 True
truck 22.672896185087154 -3.998956890970666 -0.3041056924335592 8.46804141998291 2.8910882472991943 3.8274123668670654 -3.141096355615946 3.569392039608892 0.004527491985196067 7261 281 True
car 9.62289231559106 -3.996797653390901 -1.415320014682838 4.611005783081055 2.241713285446167 1.6672759056091309 -3.141415668360935 1.820198730614795 0.000763319891472994 7260 477 True
car 13.715892232889587 0.003722178868351911 -1.4257224568991083 4.855708599090576 2.0327565670013428 1.6493593454360962 0.00024670558129975367 5.894287674413255 0.0045097261854734295 7242 204 True
car 73.46713950076764 -3.9766205693138823 -1.262609664587022 5.237514495849609 1.9297595024108887 1.638383150100708 3.1383299219982232 -0.0022895113982694462 -6.0933463491934585e-05 7243 0 True
motorcycle -14.782702018149394 0.0013952266941523739 -1.5462168170201482 2.0333523750305176 0.8025798797607422 1.4992752075195312 -9.913920060340832e-05 5.777028478980599e-09 -8.362482257460428e-10 7257 25 True
pedestrian 40.62267627268773 15.12896296965609 -1.111008762422502 0.3753577768802643 0.3753577768802643 1.8600000143051147 1.5779223067401122 -1.3710362485237848 -0.019147211033620503 7251 0 False
pedestrian 72.96391591738933 -9.049114026256355 -1.0255865989525699 0.9953577518463135 0.3753577768802643 1.8600000143051147 -3.126651382064514 3.263546450341571 0.11048258889042424 7249 0 False
pedestrian 52.17980319420053 17.791340804979257 -1.0713909001577402 0.3753577768802643 0.3753577768802643 1.8600000143051147 -1.2700845247782728 -0.6133712937867126 -0.4167898323761357 7245 2 True
pedestrian 37.86823209737844 -7.018136091774537 -1.1174494820384129 0.3753577768802643 0.3753577768802643 1.8600000143051147 2.710570419545797 1.5342268147507159 -1.2393736000754658 7247 0 False
pedestrian 40.50343088816186 21.713403311452517 -1.1112980660054355 0.3753577768802643 0.3753577768802643 1.8600000143051147 1.5941860846217346 -1.6604607820266555 -0.07713900484946655 7253 1 False