-1.37029865232563e-09 -2.678780752773946e-09
car 8.179018360604289 70.58154621172262 -1.3254451243430423 4.181210041046143 1.994117259979248 1.3805816173553467 -1.5705429320157367 0.0 0.0 20001 5 False
car -66.0990786208911 70.12222071131268 -1.3508956178957303 5.357479572296143 2.033203125 1.4147460460662842 -1.5705423993839687 0.0 0.0 20003 0 False
car 0.9638410286182193 93.10933429344571 -1.0607941742978375 4.4777727127075195 2.069315195083618 2.0377910137176514 0.000252467458216182 0.0 0.0 20011 0 False
car -0.031222269270983816 -7.975304590068788e-07 -1.3761317571003229 4.552699089050293 2.097072124481201 1.7671663761138916 0.0 -1.3702985778259102e-09 -2.678780607077434e-09 -100 1607 False
car 58.184156557118456 0.05613867544842366 -1.5514227086191672 4.673638820648193 1.8118125200271606 1.441947340965271 -0.0004996085334786524 13.573806074657613 -0.018062779392699065 7244 3 True
car 39.34537178132575 0.4512537605060336 -1.5513379378037424 4.673638820648193 1.8118125200271606 1.441947340965271 -0.10870543341122732 6.47195564433185 -1.327364588202769 7255 17 True
car 23.936044994226677 105.55155389634126 -1.55153862064914 4.673638820648193 1.8118125200271606 1.441947340965271 1.5715967439689635 -8.65422844949599 -0.012079149091811566 7258 0 False
truck -40.5334301625997 -4.028815572131086 -0.36090055541437405 8.46804141998291 2.8910882472991943 3.8274123668670654 -3.1412778777838812 9.04071573066417 0.0034036368810693935 7261 76 True
car -76.01196108159857 -4.035454605067326 -1.437707846736096 4.611005783081055 2.241713285446167 1.6672759056091309 -3.141114892462836 13.64940025388319 0.00813289454103467 7260 0 True
car 81.64095522239944 9.481057048389477 -1.4730728128876769 4.855708599090576 2.0327565670013428 1.6493593454360962 1.567364984571245 -13.281822049207513 1.9331029990712791 7242 0 False
car 47.83886588638126 -3.9608525676186366 -1.4528067405529783 5.237514495849609 1.9297595024108887 1.638383150100708 -3.141118620885213 -1.9962352397810036e-08 -3.714851327166482e-08 7243 10 True
motorcycle -6.604951742776336 -0.0047887981268970314 -1.508582828337574 2.0333523750305176 0.8025798797607422 1.4992743730545044 0.0008432545269839465 -0.001874480987093846 -4.354732241227466e-05 7257 172 True
pedestrian 19.276732748684537 25.16468797502443 -1.2157931060143283 0.3753577768802643 0.3753577768802643 1.8600000143051147 1.5929576747135585 -1.5422878144749455 -0.06544451577782674 7251 0 True
pedestrian 30.059144968791884 -8.287624637744997 -1.2146309457730462 0.9953577518463135 0.3753577768802643 1.8600000143051147 3.035107588496738 3.505977234417684 -0.7554141822280107 7249 3 True
pedestrian 30.60964460195595 9.719612379701042 -1.2063304758912938 0.3753577768802643 0.3753577768802643 1.8600000143051147 -2.7863272738223603 1.1691086455058899 1.3071567177573675 7245 1 True
pedestrian 18.586059117982245 -1.4511471139923398 -2.0828173231743223 0.3753577768802643 0.3753577768802643 1.8600000143051147 -2.04720788446935 0.009475718115528284 0.02084384578247516 7247 3 True
pedestrian 19.025164284959033 33.48280977580521 -1.2157909674072753 0.3753577768802643 0.3753577768802643 1.8600000143051147 1.5776136187375387 -1.8054684122797973 -0.04199926123505274 7253 1 True