-4.4398026921577127e-10 4.880074677693358e-10
car 8.179018360604289 70.58154621172262 -1.3254451243430423 4.181210041046143 1.994117259979248 1.3805816173553467 -1.5705429320157367 0.0 0.0 20001 3 False
car -66.0990786208911 70.12222071131268 -1.3508956178957303 5.357479572296143 2.033203125 1.4147460460662842 -1.5705423993839687 0.0 0.0 20003 0 False
car 0.9638410286182193 93.10933429344571 -1.0607941742978375 4.4777727127075195 2.069315195083618 2.0377910137176514 0.000252467458216182 0.0 0.0 20011 0 False
car -0.031222269270983816 -7.975304590068788e-07 -1.3761317571003229 4.552699089050293 2.097072124481201 1.7671663761138916 0.0 -4.439802450809213e-10 4.880074412271455e-10 -100 1564 False
car 81.26863100992318 18.029401326845377 -1.5516499839156261 4.673638820648193 1.8118125200271606 1.441947340965271 1.5347045371818542 -9.3754425671653 0.6623106728836307 7244 0 False
car 68.04069248703132 0.06001593914031034 -1.5511465934384292 4.673638820648193 1.8118125200271606 1.441947340965271 0.0028819864933648043 11.677297981332858 0.06902622112833039 7255 6 True
truck -67.82824281042932 -4.038862554900044 -0.3608182370374404 8.46804141998291 2.8910882472991943 3.8274123668670654 -3.1411489808959963 10.389642650264557 0.0065267286190622085 7261 23 True
car -114.03068023919232 -4.0494852416264395 -1.4357650663588215 4.611005783081055 2.241713285446167 1.6672759056091309 -3.1411945209121703 12.326735035129847 0.00490814889314018 7260 0 True
car 81.45318500106049 43.385712559261044 -1.4538939446288754 4.855708599090576 2.0327565670013428 1.6493593454360962 1.5718770414369372 0.013750644069191336 -3.9218208771906965e-06 7242 0 False
car 47.83886588638126 -3.9608525676186366 -1.4528067405529783 5.237514495849609 1.9297595024108887 1.638383150100708 -3.141118620885213 1.4476147131005183e-07 -2.378421722763188e-08 7243 11 True
motorcycle -6.597993737818513 -0.004765568987799451 -1.5064694960056113 2.0333523750305176 0.8025798797607422 1.4992756843566895 0.0007726841661620679 2.859473768757741e-09 -4.363301755670117e-08 7257 170 True
pedestrian 19.175259728382457 29.72772292447329 -1.2157929006205292 0.3753577768802643 0.3753577768802643 1.8600000143051147 1.593595101782057 -1.6781208008088464 -0.07499624476087043 7251 0 True
pedestrian 20.451792846004082 -7.4830003928078686 -1.2146171917257909 0.9953577518463135 0.3753577768802643 1.8600000143051147 3.0696516881340874 3.5494936598513593 -0.5151976771867071 7249 9 True
pedestrian 25.940231418936435 8.200327578968796 -1.3189767141337638 0.3753577768802643 0.3753577768802643 1.8600000143051147 -2.8270118187984887 1.4183776873439695 1.0316065644950934 7245 6 True
pedestrian 18.688425529839435 -1.2524779623108653 -2.08285670174547 0.3753577768802643 0.3753577768802643 1.8600000143051147 -2.047212012365553 -0.03228454896887443 -0.05773529094136341 7247 4 True
pedestrian 18.968020685238912 38.574878231000774 -1.215790818443572 0.3753577768802643 0.3753577768802643 1.8600000143051147 1.5689706030362447 -1.8265034602325831 0.007238474821220091 7253 0 True