-1.3807742449412075e-10 5.553939530500429e-10
car 8.179018360604289 70.58154621172262 -1.3254451243430423 4.181210041046143 1.994117259979248 1.3805816173553467 -1.5705429320157367 0.0 0.0 20001 2 False
car -66.0990786208911 70.12222071131268 -1.3508956178957303 5.357479572296143 2.033203125 1.4147460460662842 -1.5705423993839687 0.0 0.0 20003 0 False
car 0.9638410286182193 93.10933429344571 -1.0607941742978375 4.4777727127075195 2.069315195083618 2.0377910137176514 0.000252467458216182 0.0 0.0 20011 0 False
car -0.031222269270983816 -7.975304590068788e-07 -1.3761317571003229 4.552699089050293 2.097072124481201 1.7671663761138916 0.0 -1.3807741698748815e-10 5.553939228427118e-10 -100 1567 False
car 81.2332679633883 17.043663100805567 -1.5515483800261787 4.673638820648193 1.8118125200271606 1.441947340965271 1.529746134894477 -10.371590565826025 0.8273106584084505 7244 0 False
car 66.90186881214072 0.056897160228328136 -1.5512119600002112 4.673638820648193 1.8118125200271606 1.441947340965271 0.0012278649879064825 11.016891942271869 0.03184680971832 7255 7 True
truck -66.79099621841488 -4.038401063200806 -0.36082115133577597 8.46804141998291 2.8910882472991943 3.8274123668670654 -3.1411505787913003 10.347469283104479 0.0064766381867928805 7261 19 True
car -112.77620952104559 -4.049041877971831 -1.4362644404620708 4.611005783081055 2.241713285446167 1.6672759056091309 -3.1411287408888073 12.769953501385858 0.007925998920608447 7260 0 True
car 81.45318422044005 43.38878720505377 -1.4523708074945776 4.855708599090576 2.0327565670013428 1.6493593454360962 1.5718723809089659 -0.0003249606485882777 9.342332770386794e-05 7242 0 False
car 47.83886588638126 -3.9608525676186366 -1.4528067405529783 5.237514495849609 1.9297595024108887 1.638383150100708 -3.141118620885213 1.5928795298489095e-07 -7.622927885431037e-08 7243 7 True
motorcycle -6.597993737818513 -0.004765568987799451 -1.5064694960056113 2.0333523750305176 0.8025798797607422 1.4992756843566895 0.0007726841661620679 -6.451651679530415e-09 -3.430877249503014e-08 7257 156 True
pedestrian 19.179086573319182 29.56014424702819 -1.215792908307039 0.3753577768802643 0.3753577768802643 1.8600000143051147 1.5932096095398796 -1.6818283316526983 -0.0736503119327023 7251 1 True
pedestrian 20.80952646224324 -7.508780591463701 -1.214617703808083 0.9953577518463135 0.3753577768802643 1.8600000143051147 3.0696516881340874 3.5494936598513593 -0.5151976771867071 7249 14 True
pedestrian 26.107026687146345 8.254588337262863 -1.3189769520199939 0.3753577768802643 0.3753577768802643 1.8600000143051147 -2.8270142156414457 1.4183802085176789 1.0316032072897992 7245 7 True
pedestrian 18.68442968555155 -1.2601700054205125 -2.0827958695909174 0.3753577768802643 0.3753577768802643 1.8600000143051147 -2.047211213417901 -0.02913322433429942 -0.055590232866390143 7247 3 True
pedestrian 18.96770099066555 38.392173223117084 -1.215790820398089 0.3753577768802643 0.3753577768802643 1.8600000143051147 1.5687297203191122 -1.8259173524593362 0.006896060600341966 7253 0 True