6.751806259155273 0.0036017820239067078
car 19.8044900941249 70.57550306580596 -1.3787443641044828 4.181210041046143 1.994117259979248 1.3805816173553467 -1.5713110413808549 0.0 0.0 20001 0 False
car -54.47373201186116 70.17323142712594 -1.2002009443349229 5.357479572296143 2.033203125 1.4147460460662842 -1.5713105087490868 0.0 0.0 20003 0 False
car 12.607372243448879 93.1088274442813 -1.0943262341523727 4.4777727127075195 2.069315195083618 2.0377910137176514 -0.0005156419069018645 0.0 0.0 20011 0 False
car 93.05525886135263 44.56911470915444 -1.7637138213099492 3.633375883102417 1.845113754272461 1.5012825727462769 1.5713639295308066 -4.1684643829645625 -0.006917051428122753 7259 0 False
car -0.031230181152182013 -8.202410894941892e-07 -1.3761316986468697 4.552699089050293 2.097072124481201 1.7671663761138916 0.0 6.7518067003572355 0.0036017819882943063 -100 1584 False
car 39.59516132491103 20.381567309821804 -1.6590568670864276 4.673638820648193 1.8118125200271606 1.441947340965271 -1.5707757464538936 -10.942241693094243 -0.006336819422158425 7244 7 True
car 39.61299006781974 37.033164259493724 -1.6588609055348178 4.673638820648193 1.8118125200271606 1.441947340965271 -1.568517387757062 -9.292514351590505 -0.029436880207711038 7255 7 True
car 35.593256228418795 44.043091550670205 -1.648574649227816 4.673638820648193 1.8118125200271606 1.441947340965271 1.569184533493599 -4.559611899086255 0.007276036085003868 7258 3 False
truck 8.54368994128447 -4.006035073375914 -0.38451450799077214 8.46804141998291 2.8910882472991943 3.8274123668670654 -3.141533861703951 4.802882499427526 0.0030566795130090732 7261 2864 True
car -4.4662666747098 -3.9991163950737283 -1.4251233357186013 4.611005783081055 2.241713285446167 1.6672759056091309 3.1412810192190017 5.152279816322627 0.0017086485563983734 7260 2071 True
car 17.22818230244377 0.00022856996641307248 -1.507227118458307 4.855708599090576 2.0327565670013428 1.6493593454360962 2.152324533452176e-05 13.618830680163025 0.007570794215994843 7242 117 True
car 64.13134708843052 -3.9987820969184824 -1.627851224496839 5.237514495849609 1.9297595024108887 1.638383150100708 3.1380237096410597 -6.742041097345297e-06 -2.7853527382559106e-07 7243 5 True
motorcycle -16.684875471974294 0.003307932231964017 -1.4600362238277125 2.0333523750305176 0.8025798797607422 1.4992749691009521 -0.0003536539701786306 6.825500673357742 -0.0013539449702618658 7257 20 True
pedestrian 31.22603673893576 16.953596795050984 -1.3004610081477226 0.3753577768802643 0.3753577768802643 1.8600000143051147 1.6919174070842802 -1.489021936368358 -0.29142406756231637 7251 0 True
pedestrian 59.43919017746475 -9.085660774272462 -1.3768073384847832 0.9953577518463135 0.3753577768802643 1.8600000143051147 -3.1378136951195126 2.9703144694958996 0.002122490101785789 7249 1 True
pedestrian 43.12208760970117 15.785748505132606 -1.3236697023062884 0.3753577768802643 0.3753577768802643 1.8600000143051147 -1.4061832090486677 -1.1060808638687154 -0.30649050026388386 7245 0 True
pedestrian 28.583994601107975 -2.4476273028027817 -1.39637621414672 0.9953577518463135 0.3753577768802643 1.8600000143051147 1.5002165758405535 -3.6571444032482194 0.51700210715095 7247 2 True
pedestrian 31.03688942607232 23.96613848047481 -1.2999393884675228 0.3753577768802643 0.3753577768802643 1.8600000143051147 1.6608073176139468 -1.779368335777043 -0.3041496795393019 7253 1 True