8.319626808166504 0.004366293549537659
car 21.31391071163773 70.57548943167257 -1.3362174476740947 4.181210041046143 1.994117259979248 1.3805816173553467 -1.5713127040021022 0.0 0.0 20001 0 False
car -52.9645250188442 70.17334128687514 -1.3238497469003816 5.357479572296143 2.033203125 1.4147460460662842 -1.571312171370334 0.0 0.0 20003 0 True
car -86.67127654467515 82.87089901993363 -1.1664506837347908 4.1928300857543945 1.8161858320236206 1.4738311767578125 -1.571312171370334 0.0 0.0 20009 0 False
car 14.116212095103549 93.10882570599922 -1.0678938020370394 4.4777727127075195 2.069315195083618 2.0377910137176514 -0.0005173045281492397 0.0 0.0 20011 0 False
car 94.56569734138589 43.77366423382428 -1.5572799524170482 3.633375883102417 1.845113754272461 1.5012825727462769 1.5713922274465162 -3.768558466549119 -0.005121637573363469 7259 0 False
car -0.031251336023785825 -8.473429606858929e-07 -1.37613174609041 4.552699089050293 2.097072124481201 1.7671663761138916 0.0 8.319627217930513 0.004366293577818494 -100 1543 False
car 41.104701667595634 22.67586146868097 -1.571951511281726 4.673638820648193 1.8118125200271606 1.441947340965271 -1.570613891122328 -11.889572185104976 -0.00974566387907147 7244 18 True
car 41.12086897699987 38.7750967500746 -1.5722281794650759 4.673638820648193 1.8118125200271606 1.441947340965271 -1.5652472265846862 -8.120257329949355 -0.06689164662143172 7255 0 False
car 37.102833076416175 43.09979539235567 -1.5703597944637262 4.673638820648193 1.8118125200271606 1.441947340965271 1.568398703751736 -5.4840744243060655 0.011598682745295297 7258 0 False
truck 10.967447151298074 -4.005935412316877 -0.3675857082917382 8.46804141998291 2.8910882472991943 3.8274123668670654 -3.1415120885274015 4.3331829145121485 0.0029666070583149228 7261 1606 True
car -1.9148136244530747 -3.999023790629506 -1.438466601668057 4.611005783081055 2.241713285446167 1.6672759056091309 3.1415091872056986 5.01325955623858 0.0017035441178885364 7260 3245 True
car 16.117021313754663 0.00018807310044244296 -1.4692087093164392 4.855708599090576 2.0327565670013428 1.6493593454360962 2.331174244897233e-06 12.528416315570057 0.006558615894012048 7242 152 True
car 65.64102869501096 -3.9988696514513387 -1.486181158718217 5.237514495849609 1.9297595024108887 1.638383150100708 3.1380220470198124 -2.1835867894517796e-05 -5.105877423722611e-08 7243 4 True
motorcycle -16.492681236521378 0.0038847504260715038 -1.4983877666548473 2.0333523750305176 0.8025798797607422 1.4992746114730835 -0.0003330523624555725 7.53886053560505 -0.0011671344694531066 7257 22 True
pedestrian 32.77718425721582 16.65186278759824 -1.2324216998076214 0.3753577768802643 0.3753577768802643 1.8600000143051147 1.5964028842242162 -1.4291213740413777 -0.07568013756452667 7251 0 True
pedestrian 61.54166813283143 -9.08307392836587 -1.2459395605887158 0.9953577518463135 0.3753577768802643 1.8600000143051147 3.1268397093640035 3.2371081385455676 -0.0504133534941451 7249 2 True
pedestrian 44.5921020914883 16.00372043851749 -1.228975275188263 0.3753577768802643 0.3753577768802643 1.8600000143051147 -1.465332297940294 -1.2737707849956619 -0.24403618237978317 7245 0 True
pedestrian 30.041173781075486 -3.1845246446528446 -1.3342060783531893 0.9953577518463135 0.3753577768802643 1.8600000143051147 1.5003087895684373 -3.6575485031691057 0.514339733812894 7247 2 True
pedestrian 32.575630016008176 23.610522862041144 -1.2323145522900576 0.3753577768802643 0.3753577768802643 1.8600000143051147 1.6595421192807753 -1.7905512137323418 -0.31227065107960067 7253 2 True