8.241539001464844 0.00421350821852684
car 24.794419452738737 70.57699554480278 -1.2534199043714649 4.181210041046143 1.994117259979248 1.3805816173553467 -1.5712511654297987 0.0 0.0 20001 0 False
car -49.48358168692218 70.1702768372245 -1.4989093082811968 5.357479572296143 2.033203125 1.4147460460662842 -1.5712506327980307 0.0 0.0 20003 0 False
car -83.19145552616044 82.86575988570166 -1.4585093503032265 4.1928300857543945 1.8161858320236206 1.4738311767578125 -1.5712506327980307 0.0 0.0 20009 0 False
car 17.59444659372116 93.10988784927333 -1.0100590854268576 4.4777727127075195 2.069315195083618 2.0377910137176514 -0.00045576595584559935 0.0 0.0 20011 0 False
car 98.04911512112227 42.418754569385605 -1.2201537978109909 3.633375883102417 1.845113754272461 1.5012825727462769 1.5714910502425883 -3.031023347354839 -0.0056014014117741675 7259 0 False
car -0.03125890414486321 -8.524891488281838e-07 -1.376131696145737 4.552699089050293 2.097072124481201 1.7671663761138916 0.0 8.241538283789733 0.004213508093919939 -100 1612 False
car 44.587703596097185 27.06854743772662 -1.420410817538343 4.673638820648193 1.8118125200271606 1.441947340965271 -1.57039203038782 -10.19156083687643 -0.011208894120268643 7244 0 True
car 44.58576297020926 42.02941463473933 -1.4205967708937068 4.673638820648193 1.8118125200271606 1.441947340965271 -1.5527780309740118 -8.891323180477801 -0.2848754809431845 7255 0 False
car 40.58593937345597 40.430356947075346 -1.4322695035912922 4.673638820648193 1.8118125200271606 1.441947340965271 1.571349769666094 -7.4298821286747705 -0.009706630849242625 7258 0 True
truck 15.979661770566281 -4.004760177273402 -0.3150261649609418 8.46804141998291 2.8910882472991943 3.8274123668670654 -3.1414156625742855 3.393553503349817 0.0027251483385803024 7261 621 True
car 3.336581071779449 -3.998974024132363 -1.4311119995033437 4.611005783081055 2.241713285446167 1.6672759056091309 3.1414934941716246 3.775151758330633 0.0009645257001211902 7260 2538 True
car 15.031341721568879 0.001136107155223165 -1.418261060533827 4.855708599090576 2.0327565670013428 1.6493593454360962 0.0001280061990922938 10.223085309494808 0.006400408908018199 7242 149 True
car 69.12637692840207 -3.9946339975861647 -1.24959026942415 5.237514495849609 1.9297595024108887 1.638383150100708 3.1380835855921165 -0.00018654892739412198 -1.5558446145877829e-06 7243 2 True
motorcycle -16.367440989123395 0.004129454260658472 -1.554463479749141 2.0333523750305176 0.8025798797607422 1.499274730682373 -0.0003927341641284034 7.383986252178428 -0.0022285911147215927 7257 26 True
pedestrian 36.277014698114556 16.08215366018776 -1.109843546403983 0.3753577768802643 0.3753577768802643 1.8600000143051147 1.5779579988552253 -1.3777421486210406 -0.020025547490444082 7251 0 True
pedestrian 66.31416993708893 -9.086586450779418 -1.0197700196448705 0.9953577518463135 0.3753577768802643 1.8600000143051147 -3.137792168655761 3.305318519928051 0.041911016795392754 7249 0 False
pedestrian 48.02874388622928 16.569675751268946 -1.065567606241686 0.3753577768802643 0.3753577768802643 1.8600000143051147 -1.520784838032134 -1.7279646077245283 -0.29925439916049773 7245 2 True
pedestrian 33.42264896635368 -4.65625900002466 -1.221504459892019 0.9953577518463135 0.3753577768802643 1.8600000143051147 1.504400220098342 -3.671022919617249 0.4069555703404866 7247 0 True
pedestrian 36.12519486168196 22.88659590874886 -1.1102799478143375 0.3753577768802643 0.3753577768802643 1.8600000143051147 1.6368359134509352 -1.6606727451326864 -0.14976346167313298 7253 1 False