1.9820629358291626 0.0011569816851988435
car 8.347380607335595 70.57601458935008 -1.3448735748129748 4.181210041046143 1.994117259979248 1.3805816173553467 -1.5712144396826626 0.0 0.0 20001 0 False
car -65.9308451845503 70.16656736730518 -1.186377577659399 5.357479572296143 2.033203125 1.4147460460662842 -1.5712139070508944 0.0 0.0 20003 0 False
car 1.1480097890560046 93.10864360339758 -1.0623715970698786 4.4777727127075195 2.069315195083618 2.0377910137176514 -0.00041904020870951075 0.0 0.0 20011 0 False
car 81.59229347094879 56.91636431401292 -1.7101556065600496 3.633375883102417 1.845113754272461 1.5012825727462769 1.5716388297133774 -9.458709412111896 -0.02011944386700665 7259 0 False
car -0.031237535581851716 -7.909822852258941e-07 -1.3761316248272522 4.552699089050293 2.097072124481201 1.7671663761138916 0.0 1.9820629271621246 0.0011569817938212315 -100 1564 False
car 29.016637108636075 5.534202080574257 -1.6206093388348881 4.673638820648193 1.8118125200271606 1.441947340965271 -1.2381805677157707 -6.475236617689536 -5.718915180060836 7244 43 True
car 28.148553118467987 21.09957393358989 -1.6197297342923542 4.673638820648193 1.8118125200271606 1.441947340965271 -1.5679348927284016 -9.050532244835589 -0.04254233282737169 7255 23 True
car 24.13450190134597 59.175621206523445 -1.6096427323887228 4.673638820648193 1.8118125200271606 1.441947340965271 1.5711151195273727 -12.534917512885803 -0.013488906734643652 7258 0 False
truck -12.78126814216364 -4.008204858601978 -0.3283843294315565 8.46804141998291 2.8910882472991943 3.8274123668670654 3.1401834604930676 6.441414741140065 -0.007660331079530446 7261 1218 True
car -30.307625062946215 -3.9980484642366725 -1.3628119530417706 4.611005783081055 2.241713285446167 1.6672759056091309 3.141359511437078 10.374815484177908 -0.0012806725196516106 7260 35 True
car 29.260459315542278 -0.012246862205767872 -1.5305524885096742 4.855708599090576 2.0327565670013428 1.6493593454360962 0.0028693984190183174 14.672072566545523 0.08769618747989788 7242 33 True
car 49.73708822434821 -3.9929313128075568 -1.574392345748818 5.237514495849609 1.9297595024108887 1.638383150100708 3.1408676259992188 4.752200706721103 -0.0018332713581854588 7243 8 True
motorcycle -15.221487936957828 -0.0018267721194404896 -1.4688705124955796 2.0333523750305176 0.8025798797607422 1.4992749691009521 0.0001071201353163148 6.108195812609261 0.003538801572167498 7257 28 True
pedestrian 19.584664790934028 19.740675445379267 -1.2630982216155209 0.3753577768802643 0.3753577768802643 1.8600000143051147 1.5950991285720202 -1.5718343826820589 -0.05071345314101701 7251 2 True
pedestrian 42.36144365992226 -9.0543447160042 -1.318386127114445 0.9953577518463135 0.3753577768802643 1.8600000143051147 3.130693826596346 3.1438465512905687 -0.07908454271715605 7249 2 True
pedestrian 32.11141325828146 13.515026616041943 -1.2846650088333207 0.3753577768802643 0.3753577768802643 1.8600000143051147 -1.7406322214332357 -1.3874532956878383 0.3893312082973048 7245 3 True
pedestrian 18.384994559832705 -1.6171446960046065 -1.7051934649521439 0.9953577518463135 0.3753577768802643 1.8600000143051147 0.5303881312111548 -0.7780003345308447 0.4770668823585986 7247 10 True
pedestrian 19.367655964487426 27.209463365532336 -1.2625516695608885 0.3753577768802643 0.3753577768802643 1.8600000143051147 1.592798691965507 -1.7727695474651948 -0.14060093120325284 7253 1 True