7.945801258087158 0.0034957285970449448
car 15.437625317707614 70.57458638416281 -1.3081170530355803 4.181210041046143 1.994117259979248 1.3805816173553467 -1.5713698670876544 0.0 0.0 20001 0 False
car -58.84074382379157 70.17668406471728 -1.4209094467438854 5.357479572296143 2.033203125 1.4147460460662842 -1.5713693344558863 0.0 0.0 20003 0 False
car 8.240773358872843 93.10833393830637 -1.05196489916365 4.4777727127075195 2.069315195083618 2.0377910137176514 -0.0005744676137014826 0.0 0.0 20011 0 False
car 88.68695208369354 47.4979305429943 -1.4062062076016715 3.633375883102417 1.845113754272461 1.5012825727462769 1.5711980448386147 -5.9598876929129725 -0.00833599046270167 7259 0 False
car -0.03125807964960359 -6.926276641117113e-07 -1.376131889907103 4.552699089050293 2.097072124481201 1.7671663761138916 0.0 7.945800612596556 0.0034957283959060953 -100 1551 False
car 35.2258215709453 15.189158427538711 -1.5108603397278269 4.673638820648193 1.8118125200271606 1.441947340965271 -1.5709066106073317 -7.340433720334298 -0.0029033815560689344 7244 14 True
car 35.237494218889594 31.691780620937607 -1.5107034845430793 4.673638820648193 1.8118125200271606 1.441947340965271 -1.572762832319232 -8.527061458674899 0.030308955630094853 7255 18 True
car 31.226263339449645 47.310766491528206 -1.5151287746532158 4.673638820648193 1.8118125200271606 1.441947340965271 1.5707201409846685 -6.92994370127401 -0.002258492543311188 7258 1 False
truck 1.1316076023080086 -4.0063136775495725 -0.35980487668759187 8.46804141998291 2.8910882472991943 3.8274123668670654 3.1415550883672774 5.026177715365704 0.0028567482230037124 7261 11998 False
car -12.590562582135874 -3.9980537627001937 -1.4547416064004595 4.611005783081055 2.241713285446167 1.6672759056091309 3.1414482956977694 7.206546808616583 0.0007653885247545634 7260 284 True
car 21.485091681890992 -0.0008368092903034974 -1.4330791522470379 4.855708599090576 2.0327565670013428 1.6493593454360962 -3.990690857637673e-05 13.395100087565837 0.006612153342395073 7242 56 True
car 59.75773746401097 -4.002302830474612 -1.383247945141055 5.237514495849609 1.9297595024108887 1.638383150100708 3.137970476567826 -0.0192086816310429 9.057162931814891e-05 7243 4 True
motorcycle -17.061214953478043 0.0029111819609257683 -1.52611839352546 2.0333523750305176 0.8025798797607422 1.499274730682373 -0.0004112812067360824 7.725472425317385 -0.0019336173680003631 7257 24 True
pedestrian 26.713490484565966 17.89240866409091 -1.1851213605305444 0.3753577768802643 0.3753577768802643 1.8600000143051147 1.717634496848028 -1.5333905995485804 -0.4692479950626212 7251 0 True
pedestrian 53.21374494017624 -9.094639499654203 -1.1527769733606978 0.9953577518463135 0.3753577768802643 1.8600000143051147 3.1370948299410353 3.0218816913559774 -0.004794875500577387 7249 1 True
pedestrian 39.01513734379313 15.010808165158856 -1.1611900282948415 0.3753577768802643 0.3753577768802643 1.8600000143051147 -1.223543878814458 -1.1747354239040293 -0.9303085100356459 7245 0 True
pedestrian 24.53751576640343 -0.788612911019962 -1.290821124523517 0.9953577518463135 0.3753577768802643 1.8600000143051147 1.5053875283069886 -2.1277024743451856 0.2849904552643141 7247 0 True
pedestrian 26.62473076699348 25.011820493626015 -1.1852353115804508 0.3753577768802643 0.3753577768802643 1.8600000143051147 1.60060158212389 -1.742278377192705 -0.1113482800151951 7253 1 True