5.6153726113450375e-09 1.132112448232192e-08
car 8.179018360604289 70.58154621172262 -1.3254451243430423 4.181210041046143 1.994117259979248 1.3805816173553467 -1.5705429320157367 0.0 0.0 20001 3 False
car -66.0990786208911 70.12222071131268 -1.3508956178957303 5.357479572296143 2.033203125 1.4147460460662842 -1.5705423993839687 0.0 0.0 20003 0 False
car 0.9638410286182193 93.10933429344571 -1.0607941742978375 4.4777727127075195 2.069315195083618 2.0377910137176514 0.000252467458216182 0.0 0.0 20011 0 False
car -0.031222269270983816 -7.975304590068788e-07 -1.3761317571003229 4.552699089050293 2.097072124481201 1.7671663761138916 0.0 5.615372305890965e-09 1.1321123866576878e-08 -100 1563 False
car 48.70606178338545 0.081064312931451 -1.5509690886762393 4.673638820648193 1.8118125200271606 1.441947340965271 -0.007831284366529849 12.071808818865986 -0.18956220394126108 7244 7 True
car 34.70273000985128 1.1806072632873392 -1.5516704968577084 4.673638820648193 1.8118125200271606 1.441947340965271 -0.2881503577362696 6.952715303248711 -4.394709692933298 7255 14 True
car 23.942822134289088 98.71042246843348 -1.5516072659934952 4.673638820648193 1.8118125200271606 1.441947340965271 1.571435223385281 -10.459641168546419 -0.01253236619810123 7258 0 False
truck -34.338423343537954 -4.026704753766136 -0.3609493525256606 8.46804141998291 2.8910882472991943 3.8274123668670654 -3.1412560398813882 8.642827453449236 0.0037253289432493644 7261 124 True
car -66.4542833337907 -4.033393647344667 -1.4377084060528946 4.611005783081055 2.241713285446167 1.6672759056091309 -3.1414429936319985 13.652644843752617 0.0008259171473316199 7260 5 True
car 75.92873339547776 1.8200217403176033 -1.4168838482463784 4.855708599090576 2.0327565670013428 1.6493593454360962 0.598481765982098 6.763960686039185 13.466048039036009 7242 0 True
car 47.83886588638126 -3.9608525676186366 -1.4528067405529783 5.237514495849609 1.9297595024108887 1.638383150100708 -3.141118620885213 -4.884960244652622e-08 -2.2288364092616373e-07 7243 5 True
motorcycle -8.122102317532665 -0.006002374434579405 -1.5064217182141655 2.0333523750305176 0.8025798797607422 1.499274730682373 0.0008076513572151048 2.361784193607286 0.0032148553428269487 7257 114 True
pedestrian 19.30026181454241 24.085846074723563 -1.2157931539144482 0.3753577768802643 0.3753577768802643 1.8600000143051147 1.5938751329341465 -1.5348688191355255 -0.06825248808745728 7251 0 True
pedestrian 32.55542270374889 -8.53075921372788 -1.2146345199360706 0.9953577518463135 0.3753577768802643 1.8600000143051147 3.0727510723927813 3.5342836206854087 -0.611410504360498 7249 2 True
pedestrian 31.5470845650442 10.434904612306758 -1.2063318074673417 0.3753577768802643 0.3753577768802643 1.8600000143051147 -2.179775404184553 -0.588116758757685 1.2521423638640437 7245 4 True
pedestrian 18.564310815157057 -1.4932940292163914 -2.0828433398492674 0.3753577768802643 0.3753577768802643 1.8600000143051147 -2.047206686047872 0.015796808697747744 0.03399065407100953 7247 2 True
pedestrian 19.03775324006915 32.222436997794404 -1.2157910020537877 0.3753577768802643 0.3753577768802643 1.8600000143051147 1.5808228582984074 -1.7993386133238207 -0.03601383870787093 7253 1 True