6.576852321624756 0.0034631825983524323
car 19.13720019965433 70.57551824156519 -1.3675528842972746 4.181210041046143 1.994117259979248 1.3805816173553467 -1.5713096693599113 0.0 0.0 20001 0 False
car -55.14110141655459 70.17314477294838 -1.2263847503686762 5.357479572296143 2.033203125 1.4147460460662842 -1.571309136728143 0.0 0.0 20003 0 False
car 11.939909266500763 93.10883288691001 -1.086768878703495 4.4777727127075195 2.069315195083618 2.0377910137176514 -0.0005142698859581533 0.0 0.0 20011 0 False
car 92.38798074447027 44.99747592016204 -1.7156697328284447 3.633375883102417 1.845113754272461 1.5012825727462769 1.571354249442562 -4.376811047124016 -0.00717064269453657 7259 0 False
car -0.03124766960144143 -8.07193434537723e-07 -1.3761316592446102 4.552699089050293 2.097072124481201 1.7671663761138916 0.0 6.576852685104708 0.003463182514624996 -100 1553 False
car 38.92802354598905 19.320906121025168 -1.637988075545282 4.673638820648193 1.8118125200271606 1.441947340965271 -1.5708510734075591 -10.247023785474905 -0.004716168305529445 7244 15 True
car 38.94573094970275 36.077750646779926 -1.6376613557301674 4.673638820648193 1.8118125200271606 1.441947340965271 -1.5701160415675528 -9.657384994716827 -0.006442488700239641 7255 7 True
car 34.926380343819915 44.51846618626527 -1.6292136790361824 4.673638820648193 1.8118125200271606 1.441947340965271 1.5696266583026626 -4.948283597090061 0.004830743011012644 7258 1 False
truck 7.3838174773893 -4.006073781254532 -0.37772721632003714 8.46804141998291 2.8910882472991943 3.8274123668670654 -3.141543674950138 5.0128392750864315 0.0030743242243506915 7261 3927 True
car -5.652041093794139 -3.999227952585861 -1.4244158128532423 4.611005783081055 2.241713285446167 1.6672759056091309 3.1412208722707273 5.132348997147769 0.0015689088830587704 7260 1461 True
car 17.952286361605672 0.0002723797467418798 -1.5003925962467077 4.855708599090576 2.0327565670013428 1.6493593454360962 2.6634936860141653e-05 14.150087880600548 0.007977522342156746 7242 114 True
car 63.464279020966956 -3.998706179433923 -1.594313439954632 5.237514495849609 1.9297595024108887 1.638383150100708 3.1380250816620037 -3.368980090003525e-06 -2.50637664165064e-08 7243 6 True
motorcycle -16.70489970415082 0.003056298560105919 -1.4688307796588602 2.0333523750305176 0.8025798797607422 1.499274730682373 -0.0003525574002219364 5.968724427332714 -0.0011111574710039598 7257 23 True
pedestrian 30.536518844241186 17.10620224341699 -1.2834424907441886 0.3753577768802643 0.3753577768802643 1.8600000143051147 1.7062138168139305 -1.4843791493712142 -0.3662528074704854 7251 0 True
pedestrian 58.456236966323445 -9.089074854887915 -1.3449189775015933 0.9953577518463135 0.3753577768802643 1.8600000143051147 -3.1320356652574164 2.963082081000472 0.03421952416709962 7249 2 True
pedestrian 42.484757308650785 15.68233345233347 -1.3007816224858075 0.3753577768802643 0.3753577768802643 1.8600000143051147 -1.3557896786037704 -1.0055034788443364 -0.3659214784705871 7245 0 True
pedestrian 27.94281911026974 -2.079165702134685 -1.3807846984405439 0.9953577518463135 0.3753577768802643 1.8600000143051147 1.500208893121439 -3.657142290673236 0.517030035010486 7247 3 True
pedestrian 30.3532630108416 24.14111956701979 -1.2830332336485215 0.3753577768802643 0.3753577768802643 1.8600000143051147 1.662704459255574 -1.7359642522763683 -0.309854123200991 7253 1 True