2.429745674133301 0.001427417853847146
car 8.566073302459415 70.5760100462427 -1.3502656909455062 4.181210041046143 1.994117259979248 1.3805816173553467 -1.571219834952491 0.0 0.0 20001 1 False
car -65.71204637070437 70.1669634953614 -1.1468058393078477 5.357479572296143 2.033203125 1.4147460460662842 -1.571219302320723 0.0 0.0 20003 0 False
car 1.3669962512951201 93.1086779013684 -1.0634019791249398 4.4777727127075195 2.069315195083618 2.0377910137176514 -0.0004244354785379453 0.0 0.0 20011 0 False
car 81.81147465461078 55.98149691423235 -1.7599052564050897 3.633375883102417 1.845113754272461 1.5012825727462769 1.5716595334001868 -9.204253220566775 -0.01990042960579502 7259 0 False
car -0.031235390203733004 -9.021874878278879e-07 -1.3761317346011208 4.552699089050293 2.097072124481201 1.7671663761138916 0.0 2.4297457438238412 0.0014274179793843838 -100 1630 False
car 28.93196167100274 6.349485303267162 -1.6377549630768136 4.673638820648193 1.8118125200271606 1.441947340965271 -1.3292486848017682 -7.442113043702401 -4.430209378839525 7244 47 True
car 28.365654405311375 21.97885572231844 -1.6372140231526473 4.673638820648193 1.8118125200271606 1.441947340965271 -1.5677135200229526 -8.479279114738768 -0.04183070818055231 7255 16 True
car 24.353242386420106 57.94121347622106 -1.6245946100445552 4.673638820648193 1.8118125200271606 1.441947340965271 1.5711371547936026 -12.096923451653433 -0.011361032064670123 7258 0 False
truck -11.92143210309655 -4.008438188815008 -0.32303965586355854 8.46804141998291 2.8910882472991943 3.8274123668670654 3.139939978822889 6.33806399574458 -0.008946627525077718 7261 1480 True
car -29.060077677889865 -3.998156282290351 -1.3480011164549803 4.611005783081055 2.241713285446167 1.6672759056091309 3.14136530143438 10.122996042454867 -0.001161242077287789 7260 33 True
car 28.034416058844897 -0.016867329288699162 -1.5440639112403511 4.855708599090576 2.0327565670013428 1.6493593454360962 0.003582429257558452 14.153567897357776 0.10559981403069142 7242 39 True
car 50.47671427303084 -3.993215694794387 -1.6066090494597047 5.237514495849609 1.9297595024108887 1.638383150100708 3.1405594295692136 5.128341705479178 -0.003997554951698019 7243 9 True
motorcycle -15.72595461892621 -0.0016902162230330031 -1.455697390801009 2.0333523750305176 0.8025798797607422 1.4992748498916626 0.0001231993144183523 8.1526736583901 0.005908312939766303 7257 22 True
pedestrian 19.80828741273598 19.593927127147584 -1.275317150874865 0.3753577768802643 0.3753577768802643 1.8600000143051147 1.5798056036618242 -1.5626587331681263 -0.02111256075067941 7251 1 True
pedestrian 42.89367918109417 -9.057713464428751 -1.345349514239449 0.9953577518463135 0.3753577768802643 1.8600000143051147 3.1276295270822003 3.1482014659218907 -0.09378772463352472 7249 2 True
pedestrian 32.36267816605721 13.684973422958345 -1.3045529721501599 0.3753577768802643 0.3753577768802643 1.8600000143051147 -1.7094522929954836 -1.189280970646737 0.19436597506479558 7245 1 True
pedestrian 18.558561926820232 -1.518825743487486 -1.6776475818851881 0.3753577768802643 0.3753577768802643 1.8600000143051147 0.45082476044810726 -0.006037970279398229 0.24290184919320465 7247 5 True
pedestrian 19.58917082007389 27.033816992046823 -1.2746314230128888 0.3753577768802643 0.3753577768802643 1.8600000143051147 1.6001034013972506 -1.7904530845964188 -0.20177350045668832 7253 0 True