-1.9591352151682173e-10 2.5190502461747144e-10
car 8.179018360604289 70.58154621172262 -1.3254451243430423 4.181210041046143 1.994117259979248 1.3805816173553467 -1.5705429320157367 0.0 0.0 20001 2 False
car -66.0990786208911 70.12222071131268 -1.3508956178957303 5.357479572296143 2.033203125 1.4147460460662842 -1.5705423993839687 0.0 0.0 20003 0 False
car 0.9638410286182193 93.10933429344571 -1.0607941742978375 4.4777727127075195 2.069315195083618 2.0377910137176514 0.000252467458216182 0.0 0.0 20011 0 False
car -0.031222269270983816 -7.975304590068788e-07 -1.3761317571003229 4.552699089050293 2.097072124481201 1.7671663761138916 0.0 -1.9591351086762573e-10 2.5190501091663214e-10 -100 1567 False
car 81.0472653863647 12.600536726950226 -1.5508209363291026 4.673638820648193 1.8118125200271606 1.441947340965271 1.5363556956630282 -10.8748623982717 0.7845524432058038 7244 0 False
car 62.86714008773839 0.055715191904857964 -1.5514715481693915 4.673638820648193 1.8118125200271606 1.441947340965271 -0.0004612591762110177 9.243928374885316 -0.00975564831963658 7255 4 True
truck -62.68487177911817 -4.036594142366203 -0.36083405851734573 8.46804141998291 2.8910882472991943 3.8274123668670654 -3.141215027235243 10.17430546815932 0.005096571504554431 7261 28 True
car -107.42154995143949 -4.047115208162762 -1.4376524843059233 4.611005783081055 2.241713285446167 1.6672759056091309 -3.141274149361504 13.6471030951004 0.0047556106909718565 7260 0 True
car 81.4556111590818 41.767465182724074 -1.4573988417836956 4.855708599090576 2.0327565670013428 1.6493593454360962 1.5720690551893446 -7.661848218112557 -0.020587888269989554 7242 0 False
car 47.83886588638126 -3.9608525676186366 -1.4528067405529783 5.237514495849609 1.9297595024108887 1.638383150100708 -3.141118620885213 -6.788022976122342e-08 -4.808982906886522e-08 7243 8 True
motorcycle -6.597993737818513 -0.004765568987799451 -1.5064694960056113 2.0333523750305176 0.8025798797607422 1.4992756843566895 0.0007726841661620679 -1.2059445370382329e-08 5.6672042145747046e-08 7257 181 True
pedestrian 19.19402867743071 28.8861558907633 -1.2157929385790416 0.3753577768802643 0.3753577768802643 1.8600000143051147 1.5920564617618982 -1.6977453859990859 -0.07126619007268031 7251 1 True
pedestrian 22.24061351532424 -7.61190230091269 -1.2146197523555433 0.9953577518463135 0.3753577768802643 1.8600000143051147 3.069649557607015 3.5494880817202685 -0.5152661579964491 7249 9 True
pedestrian 26.774085689680703 8.471631339360258 -1.3189779033902922 0.3753577768802643 0.3753577768802643 1.8600000143051147 -2.8270142156414457 1.4183802085176789 1.0316032072897992 7245 6 True
pedestrian 18.66847689511451 -1.291211218947319 -2.0828178710962826 0.3753577768802643 0.3753577768802643 1.8600000143051147 -2.047210813944075 -0.02479765178452465 -0.045014342730966536 7247 2 True
pedestrian 18.96581172196221 37.66189853786441 -1.2157908273356448 0.3753577768802643 0.3753577768802643 1.8600000143051147 1.576781115283966 -1.8235527217355603 -0.03513529082779983 7253 0 True