8.053689271037001e-09 -4.339506087802647e-09
car 8.179018360604289 70.58154621172262 -1.3254451243430423 4.181210041046143 1.994117259979248 1.3805816173553467 -1.5705429320157367 0.0 0.0 20001 3 False
car -66.0990786208911 70.12222071131268 -1.3508956178957303 5.357479572296143 2.033203125 1.4147460460662842 -1.5705423993839687 0.0 0.0 20003 0 False
car 0.9638410286182193 93.10933429344571 -1.0607941742978375 4.4777727127075195 2.069315195083618 2.0377910137176514 0.000252467458216182 0.0 0.0 20011 0 False
car 81.39283043703131 85.66181664652287 -1.5093545877131593 3.633375883102417 1.845113754272461 1.5012825727462769 1.5713219059766135 -15.186855959015173 -0.014018465746333397 7259 0 False
car -0.031222269270983816 -7.975304590068788e-07 -1.3761317571003229 4.552699089050293 2.097072124481201 1.7671663761138916 0.0 8.053688832979409e-09 -4.3395058517809595e-09 -100 1551 False
car 43.37208509362256 0.17063580075183982 -1.5508088692893662 4.673638820648193 1.8118125200271606 1.441947340965271 -0.03885336111851533 9.459628517486484 -0.6748512952100194 7244 13 True
car 30.58852114820479 3.2657047281597373 -1.5513957073580724 4.673638820648193 1.8118125200271606 1.441947340965271 -0.814288845261256 0.23585991634709544 -8.928132133537703 7255 33 True
car 23.946544054060723 92.84181681803528 -1.551519908773873 4.673638820648193 1.8118125200271606 1.441947340965271 1.5713535975668167 -12.615417299137908 -0.011468187036772227 7258 0 False
truck -30.094038933295735 -4.025221928992598 -0.36095208628576625 8.46804141998291 2.8910882472991943 3.8274123668670654 -3.141158301951938 8.321871474598227 0.003283611094590815 7261 136 True
car -59.62274083357454 -4.031413307740298 -1.437699641580853 4.611005783081055 2.241713285446167 1.6672759056091309 -3.1411082345657344 13.62418628870329 0.009651794210032198 7260 4 True
car 67.95599601629675 0.10055652740737164 -1.45987483287358 4.855708599090576 2.0327565670013428 1.6493593454360962 0.03261366317869557 17.664514623025404 1.228713601339451 7242 0 True
car 47.83886588638126 -3.9608525676186366 -1.4528067405529783 5.237514495849609 1.9297595024108887 1.638383150100708 -3.141118620885213 -1.1781972666083975e-06 1.3491852125515007e-07 7243 6 True
motorcycle -9.403504652217805 -0.007023368904345073 -1.506458032139802 2.0333523750305176 0.8025798797607422 1.499274730682373 0.0008078295729959176 2.7391340208417843 0.003647242538397478 7257 76 True
pedestrian 19.317272394433076 23.31838481015312 -1.2157931883793414 0.3753577768802643 0.3753577768802643 1.8600000143051147 1.5931791163711546 -1.5298776706325752 -0.06316426574084703 7251 0 True
pedestrian 34.33943137954702 -8.698089700063283 -1.2146370741894983 0.9953577518463135 0.3753577768802643 1.8600000143051147 3.0400341660359698 3.515410989010698 -0.712485732888573 7249 6 True
pedestrian 31.897523274104913 11.013189408286143 -1.206332301140074 0.3753577768802643 0.3753577768802643 1.8600000143051147 -1.8176839392657809 -0.4096012131534136 0.15399002554907654 7245 1 True
pedestrian 18.54918156300505 -1.5226210717009678 -2.082798078668456 0.3753577768802643 0.3753577768802643 1.8600000143051147 -2.0472065528899295 0.02085030046365286 0.04020628637013222 7247 1 True
pedestrian 19.047166820273958 31.32773647843161 -1.2157910273307413 0.3753577768802643 0.3753577768802643 1.8600000143051147 1.5860799338497586 -1.7918481944575566 -0.11255655843410092 7253 0 True