2.9416561126708984 0.0010556560009717941
car 30.273056168642427 70.58804832170189 -1.2546749948230074 4.181210041046143 1.994117259979248 1.3805816173553467 -1.5708782441133313 0.0 0.0 20001 0 False
car -44.004924451599635 70.15363023251298 -1.4556179406671341 5.357479572296143 2.033203125 1.4147460460662842 -1.5708777114815633 0.0 0.0 20003 0 False
car -77.71750118601554 82.83654210711667 -1.3949692325381948 4.1928300857543945 1.8161858320236206 1.4738311767578125 -1.5708777114815633 0.0 0.0 20009 0 False
car 23.06482781920539 93.11825389003964 -1.006937880447834 4.4777727127075195 2.069315195083618 2.0377910137176514 -8.28446393784256e-05 0.0 0.0 20011 0 False
car 103.54125531030468 40.26243608507701 -1.2662170791481282 3.633375883102417 1.845113754272461 1.5012825727462769 1.5718868747250845 -1.228841314737385 -0.002778437324389697 7259 0 False
car -0.031206708962258745 -8.628066818783253e-07 -1.3761315427128944 4.552699089050293 2.097072124481201 1.7671663761138916 0.0 2.941656050424022 0.001055656004041774 -100 1602 False
car 50.078219951954964 33.897172835932 -1.433795324412694 4.673638820648193 1.8118125200271606 1.441947340965271 -1.5709223193921433 -3.6557032647959766 -0.0005610661030916337 7244 0 True
car 49.60576064822271 48.797708509606736 -1.434843233355008 4.673638820648193 1.8118125200271606 1.441947340965271 -1.3024651224660264 -3.2542164651613783 -1.6146571862733659 7255 0 False
car 46.078325282472065 35.43787431497314 -1.4433641381152302 4.673638820648193 1.8118125200271606 1.441947340965271 1.571129206034933 -2.4108865361200524 -0.001822151186139386 7258 0 False
truck 24.802315381545327 -3.995283798590749 -0.3054195121934278 8.46804141998291 2.8910882472991943 3.8274123668670654 -3.14088348435915 2.7255205185071425 0.003241176486140556 7261 208 True
car 11.22493823925197 -3.995154984373755 -1.413617577020081 4.611005783081055 2.241713285446167 1.6672759056091309 -3.14119826973411 1.060818105992917 0.000657192216788773 7260 368 True
car 13.2499667148507 0.00505862785299338 -1.431286652428394 4.855708599090576 2.0327565670013428 1.6493593454360962 0.000245399115285267 4.729222412346353 0.00343009321658576 7242 210 True
car 75.02423283611819 -3.9667306279933463 -1.2765872221894143 5.237514495849609 1.9297595024108887 1.638383150100708 3.1408043477424594 2.5459252431120856 -0.002083954281430818 7243 0 True
motorcycle -13.620396807625696 -0.00019740737477169645 -1.5397249739638506 2.0333523750305176 0.8025798797607422 1.499275803565979 2.6646762104627363e-05 -4.585830370114716e-08 -4.907253253625658e-08 7257 37 True
pedestrian 41.7862002774512 14.72299747225567 -1.118109173932503 0.3753577768802643 0.3753577768802643 1.8600000143051147 1.5779572789863558 -1.3682045068473265 -0.01917483777393684 7251 0 False
pedestrian 75.10620922028505 -9.022937146458206 -1.0383787635981663 0.9953577518463135 0.3753577768802643 1.8600000143051147 -3.119948925344936 3.2834477551442305 0.15015193378300493 7249 0 False
pedestrian 53.17315329137648 18.296981703540784 -1.0817250231322748 0.3753577768802643 0.3753577768802643 1.8600000143051147 -1.3912740129553929 -1.641555214901976 -0.6170939841566442 7245 1 True
pedestrian 40.0644184343833 -7.373841393230286 -1.1214809721576433 0.3753577768802643 0.3753577768802643 1.8600000143051147 2.888940095130663 0.32650267325686566 -0.09795862824992468 7247 0 False
pedestrian 41.674817043944245 21.22022177716256 -1.1183370509212667 0.3753577768802643 0.3753577768802643 1.8600000143051147 1.5940114662672225 -1.658327365456432 -0.07679916728687072 7253 0 False