-6.8517951312685454e-09 -1.720909637015211e-08
car 8.179018360604289 70.58154621172262 -1.3254451243430423 4.181210041046143 1.994117259979248 1.3805816173553467 -1.5705429320157367 0.0 0.0 20001 3 False
car -66.0990786208911 70.12222071131268 -1.3508956178957303 5.357479572296143 2.033203125 1.4147460460662842 -1.5705423993839687 0.0 0.0 20003 0 False
car 0.9638410286182193 93.10933429344571 -1.0607941742978375 4.4777727127075195 2.069315195083618 2.0377910137176514 0.000252467458216182 0.0 0.0 20011 0 False
car 81.40361481728644 76.98563373904304 -1.5092071365720225 3.633375883102417 1.845113754272461 1.5012825727462769 1.5721750489112007 -13.871452704435413 -0.03437235771253159 7259 0 False
car -0.031222269270983816 -7.975304590068788e-07 -1.3761317571003229 4.552699089050293 2.097072124481201 1.7671663761138916 0.0 -6.8517947586701745e-09 -1.72090954341653e-08 -100 1512 False
car 38.999064031965645 0.42875376778177676 -1.5509522774890772 4.673638820648193 1.8118125200271606 1.441947340965271 -0.11695909529002507 5.387990135428069 -1.1645932945104573 7244 17 True
car 28.299477926375687 7.385235336169137 -1.55143082347089 4.673638820648193 1.8118125200271606 1.441947340965271 -1.4226425415916442 -7.663304578842247 -2.7223342762742067 7255 33 True
car 23.95257484841943 84.61698768312522 -1.5514698984686761 4.673638820648193 1.8118125200271606 1.441947340965271 1.5716677171520657 -14.926899092896974 -0.022491886775668882 7258 0 False
truck -25.219283661748364 -4.022813527707688 -0.36101341908242546 8.46804141998291 2.8910882472991943 3.8274123668670654 -3.141056302968343 7.922147367859267 0.00659175907905796 7261 217 True
car -51.42305002349258 -4.02746816205788 -1.4382134808065823 4.611005783081055 2.241713285446167 1.6672759056091309 -3.141109033513387 13.785912731139591 0.009775435142237493 7260 8 True
car 57.76060606237985 0.04497322366970602 -1.4594523744027612 4.855708599090576 2.0327565670013428 1.6493593454360962 0.0008242897931718164 17.15123014465801 0.024008787541446912 7242 2 True
car 47.83883536880427 -3.96085257538835 -1.452807217346481 5.237514495849609 1.9297595024108887 1.638383150100708 -3.141118620885213 -3.442531938478741e-05 -3.130019254775536e-08 7243 11 True
motorcycle -11.016541433982468 -0.008352791140771032 -1.5081650666929076 2.0333523750305176 0.8025798797607422 1.499274730682373 0.0008764011667890266 1.7016127125928417 0.002547396613983198 7257 61 True
pedestrian 19.334199118900585 22.400824722791207 -1.2157932247056962 0.3753577768802643 0.3753577768802643 1.8600000143051147 1.5867772819921706 -1.5239298943856237 -0.048579790960529314 7251 4 True
pedestrian 36.479493598740646 -8.88489225716211 -1.2146401380385832 0.9953577518463135 0.3753577768802643 1.8600000143051147 3.1102329025472004 3.5701575815689064 -0.21042402969824153 7249 3 True
pedestrian 31.967520137012173 11.413877283025844 -1.2063323959819945 0.3753577768802643 0.3753577768802643 1.8600000143051147 -1.6464356352861191 -0.7785667966892621 0.08564253224385991 7245 0 True
pedestrian 18.531185013764684 -1.5572715688020673 -2.0828028664566673 0.3753577768802643 0.3753577768802643 1.8600000143051147 -2.0471960334125097 0.02341259304908182 0.04693962223965056 7247 0 True
pedestrian 19.093400949792056 30.248951857212425 -1.2157911077099548 0.3753577768802643 0.3753577768802643 1.8600000143051147 1.6282210935537549 -1.787169315220699 -0.20682094765466136 7253 1 True