-1.259258392005691e-10 1.396217252924714e-09
car 8.179018360604289 70.58154621172262 -1.3254451243430423 4.181210041046143 1.994117259979248 1.3805816173553467 -1.5705429320157367 0.0 0.0 20001 2 False
car -66.0990786208911 70.12222071131268 -1.3508956178957303 5.357479572296143 2.033203125 1.4147460460662842 -1.5705423993839687 0.0 0.0 20003 0 False
car 0.9638410286182193 93.10933429344571 -1.0607941742978375 4.4777727127075195 2.069315195083618 2.0377910137176514 0.000252467458216182 0.0 0.0 20011 0 False
car -0.031222269270983816 -7.975304590068788e-07 -1.3761317571003229 4.552699089050293 2.097072124481201 1.7671663761138916 0.0 -1.2592583236078945e-10 1.3962171769858339e-09 -100 1563 False
car 80.9200219781664 8.466614157453582 -1.5496564917458184 4.673638820648193 1.8118125200271606 1.441947340965271 1.587387944314321 -10.385914667263906 0.9603344060208812 7244 0 False
car 59.11372138563593 0.05851824718190057 -1.551552367140932 4.673638820648193 1.8118125200271606 1.441947340965271 -0.0013363729761776825 9.934171337457057 -0.028104495704208535 7255 9 True
truck -58.649380216461026 -4.035016204978422 -0.36084662624223207 8.46804141998291 2.8910882472991943 3.8274123668670654 -3.141201178809272 9.993970354870722 0.00524887784533781 7261 32 True
car -101.95904120607074 -4.045393299863714 -1.437660417672875 4.611005783081055 2.241713285446167 1.6672759056091309 -3.1412445882983735 13.647135115708114 0.005994126358254737 7260 0 True
car 81.46078817798497 38.21458333405411 -1.4569641398112037 4.855708599090576 2.0327565670013428 1.6493593454360962 1.5721916936539544 -10.259380696462276 -0.026479469696866237 7242 0 False
car 47.83886588638126 -3.9608525676186366 -1.4528067405529783 5.237514495849609 1.9297595024108887 1.638383150100708 -3.141118620885213 -1.8722710978708585e-08 1.1033028302493198e-07 7243 7 True
motorcycle -6.597993737818513 -0.004765568987799451 -1.5064694960056113 2.0333523750305176 0.8025798797607422 1.4992756843566895 0.0007726841661620679 3.794064593824311e-08 -8.270553745599412e-09 7257 163 True
pedestrian 19.208392513190915 28.20601809524807 -1.215792968105002 0.3753577768802643 0.3753577768802643 1.8600000143051147 1.5916015942319233 -1.6942465782504552 -0.071201813442161 7251 0 True
pedestrian 23.671639537380315 -7.715040238363532 -1.2146218008159124 0.9953577518463135 0.3753577768802643 1.8600000143051147 3.0695201280873614 2.5423825472440615 -0.37103379600986797 7249 6 True
pedestrian 27.44111417488159 8.688673380013674 -1.3189788547169479 0.3753577768802643 0.3753577768802643 1.8600000143051147 -2.8270142156414457 1.4183802085176789 1.0316032072897992 7245 2 True
pedestrian 18.652493599214665 -1.3222998855385728 -2.0828160903053705 0.3753577768802643 0.3753577768802643 1.8600000143051147 -2.047210281312307 -0.01767393596401162 -0.03141832624124886 7247 2 True
pedestrian 18.970300392643992 36.932544818469424 -1.2157908433847573 0.3753577768802643 0.3753577768802643 1.8600000143051147 1.5732281950747171 -1.821588588101747 -0.039588635555524485 7253 0 True