-0.00011732336861314252 8.297947147184459e-07
car 8.179137097284979 70.58154569391533 -1.3263566762834604 4.181210041046143 1.994117259979248 1.3805816173553467 -1.5705429320157367 0.0 0.0 20001 4 False
car -66.09896309532772 70.1222202063142 -1.3424747674496962 5.357479572296143 2.033203125 1.4147460460662842 -1.5705423993839687 0.0 0.0 20003 0 False
car 0.9639930164505586 93.1093335526228 -1.060780250918789 4.4777727127075195 2.069315195083618 2.0377910137176514 0.000252467458216182 0.0 0.0 20011 0 False
car 81.4233564684493 63.10982196852953 -1.5197021391330938 3.633375883102417 1.845113754272461 1.5012825727462769 1.5722854368451435 -11.199743257815102 -0.031116460512843277 7259 0 False
car -0.031201463119430173 -9.393623856546185e-07 -1.3761319404938015 4.552699089050293 2.097072124481201 1.7671663761138916 0.0 -0.00011732336412671016 8.297946686429093e-07 -100 1588 False
car 32.098264892093994 2.1493046544708987 -1.55336350904645 4.673638820648193 1.8118125200271606 1.441947340965271 -0.5740888288974761 4.193566541136379 -7.742033424781372 7244 42 True
car 28.018186524984685 16.05351935814771 -1.5549726766583567 4.673638820648193 1.8118125200271606 1.441947340965271 -1.5705948636131286 -7.30331924450735 0.0017841439374479118 7255 30 True
car 23.965960009764785 67.39907988504964 -1.5540532197352583 4.673638820648193 1.8118125200271606 1.441947340965271 1.5716579966222974 -14.740928859015975 -0.020196696295458304 7258 0 False
truck -16.957234582788033 -4.018246883394983 -0.35893718758452753 8.46804141998291 2.8910882472991943 3.8274123668670654 -3.1412997156863742 7.065034536082908 0.005304721890860451 7261 604 True
car -37.11642861054429 -4.02086740173575 -1.4342474736022335 4.611005783081055 2.241713285446167 1.6672759056091309 -3.1412270114500256 11.83486328332343 0.0053226726473029635 7260 21 True
car 38.833191570156316 0.02675419132647816 -1.4657281828802655 4.855708599090576 2.0327565670013428 1.6493593454360962 0.001172355030896763 17.513300040922008 0.037943641173456985 7242 15 True
car 47.83524545095423 -3.96085940524011 -1.4590302553236558 5.237514495849609 1.9297595024108887 1.638383150100708 -3.141112761935764 0.20739549243535285 0.00017526546485641822 7243 9 True
motorcycle -14.158504117850725 -0.011186236127159521 -1.5050484896733431 2.0333523750305176 0.8025798797607422 1.499274730682373 0.0008049386542573985 1.643903792547959 0.0016806186790348729 7257 33 True
pedestrian 19.362894597266234 20.728561556403104 -1.2181518921998495 0.3753577768802643 0.3753577768802643 1.8600000143051147 1.6821952006183198 -1.6527911471769468 -0.3617644492097311 7251 1 True
pedestrian 40.321973916361 -9.010422369249905 -1.2196626442480158 0.9953577518463135 0.3753577768802643 1.8600000143051147 3.1332979886338976 3.353582395451602 -0.05293195445230872 7249 1 True
pedestrian 31.91982307918522 12.770575885035095 -1.2102753300888354 0.3753577768802643 0.3753577768802643 1.8600000143051147 -1.5202470467838711 -0.4055440543559753 0.0013860561088775442 7245 2 True
pedestrian 18.499241924471733 -1.619150699956573 -2.085078377391585 0.3753577768802643 0.3753577768802643 1.8600000143051147 1.0943845789525772 0.02589423121838629 0.052010298105737575 7247 3 True
pedestrian 19.209697091672922 28.277201943752424 -1.2181243183386006 0.3753577768802643 0.3753577768802643 1.8600000143051147 1.5881128561507332 -1.75783767401138 -0.061699790459000356 7253 0 True