6.682330131530762 0.0035166742745786905
car 18.471975192241302 70.57545371651727 -1.3458527536509126 4.181210041046143 1.994117259979248 1.3805816173553467 -1.5713127241903548 0.0 0.0 20001 0 False
car -55.80643639714961 70.17330707552622 -1.2878656077993527 5.357479572296143 2.033203125 1.4147460460662842 -1.5713121915585868 0.0 0.0 20003 0 False
car 11.274443424720971 93.10879023547076 -1.0731169088559065 4.4777727127075195 2.069315195083618 2.0377910137176514 -0.0005173247164016814 0.0 0.0 20011 0 False
car 91.72288392830586 45.44624644235889 -1.611960850781416 3.633375883102417 1.845113754272461 1.5012825727462769 1.5713393435552778 -4.564265806964294 -0.007356873173437892 7259 0 False
car -0.03122981175960149 -6.672237478078102e-07 -1.3761317890890705 4.552699089050293 2.097072124481201 1.7671663761138916 0.0 6.6823300028520976 0.003516674292987209 -100 1559 False
car 38.26283099981663 18.355594039697586 -1.5943007617281768 4.673638820648193 1.8118125200271606 1.441947340965271 -1.5709341561611632 -9.190982238731445 -0.0029450609213652044 7244 11 True
car 38.279831572305966 35.122662317904734 -1.5939091470970215 4.673638820648193 1.8118125200271606 1.441947340965271 -1.5713638568400943 -9.384010229361593 0.011327235448735613 7255 14 True
car 34.261595793474726 45.03752233346679 -1.589354807637548 4.673638820648193 1.8118125200271606 1.441947340965271 1.569994315182831 -5.340670149106369 0.0028496116728615414 7258 0 False
truck 6.206369879889223 -4.006131653636063 -0.3683204915071312 8.46804141998291 2.8910882472991943 3.8274123668670654 -3.1415557845206394 5.1617280532172565 0.003038792673211562 7261 5224 True
car -6.861390159515963 -3.9992110054625463 -1.4306938489742669 4.611005783081055 2.241713285446167 1.6672759056091309 3.141501177540924 5.775172864161184 0.004178460220388956 7260 1012 True
car 18.730720251445916 0.00024559391277456655 -1.481652811678739 4.855708599090576 2.0327565670013428 1.6493593454360962 2.548440152655045e-05 14.66890166563236 0.008290422381705515 7242 77 True
car 62.79905074180573 -3.998906110502025 -1.5230128688254985 5.237514495849609 1.9297595024108887 1.638383150100708 3.1380220268315604 -2.625534151333869e-06 -1.102433272371741e-09 7243 5 True
motorcycle -16.770807353331463 0.0028943239440413215 -1.4876835144042713 2.0333523750305176 0.8025798797607422 1.4992748498916626 -0.0003555437824118158 6.1112318377510775 -0.0011840395552653127 7257 20 True
pedestrian 29.846359108807917 17.261547248194034 -1.2489774187111182 0.3753577768802643 0.3753577768802643 1.8600000143051147 1.7192585092491965 -1.483963625281767 -0.4186429267393317 7251 0 True
pedestrian 57.4751339837876 -9.091363447123426 -1.2788745815023284 0.9953577518463135 0.3753577768802643 1.8600000143051147 -3.1343364935355322 3.157554117574506 0.046781591139154644 7249 2 True
pedestrian 41.857607244506426 15.569205460187593 -1.2530078989285705 0.3753577768802643 0.3753577768802643 1.8600000143051147 -1.302274159689334 -0.9658729268170438 -0.4764507710072738 7245 0 True
pedestrian 27.305847460889083 -1.7366481974563626 -1.3492940375536469 0.9953577518463135 0.3753577768802643 1.8600000143051147 1.490699027019752 -3.6520651274088864 0.5517850557701863 7247 5 True
pedestrian 29.682543340306893 24.315381761106522 -1.2487914996245668 0.3753577768802643 0.3753577768802643 1.8600000143051147 1.6257708481507163 -1.7386834829929105 -0.2537335096715776 7253 1 True