1.6947826475544048e-10 1.1562266699627344e-09
car 8.179018360604289 70.58154621172262 -1.3254451243430423 4.181210041046143 1.994117259979248 1.3805816173553467 -1.5705429320157367 0.0 0.0 20001 4 False
car -66.0990786208911 70.12222071131268 -1.3508956178957303 5.357479572296143 2.033203125 1.4147460460662842 -1.5705423993839687 0.0 0.0 20003 0 False
car 0.9638410286182193 93.10933429344571 -1.0607941742978375 4.4777727127075195 2.069315195083618 2.0377910137176514 0.000252467458216182 0.0 0.0 20011 0 False
car -0.031222269270983816 -7.975304590068788e-07 -1.3761317571003229 4.552699089050293 2.097072124481201 1.7671663761138916 0.0 1.694782554963622e-10 1.156226607076885e-09 -100 1592 False
car 59.54133444909894 0.0555474638938005 -1.5514207161787037 4.673638820648193 1.8118125200271606 1.441947340965271 -0.0003488737431005057 13.618202324077547 -0.013165384780412173 7244 2 True
car 40.06953875026517 0.39094871567184697 -1.5511442461543528 4.673638820648193 1.8118125200271606 1.441947340965271 -0.09338745974710252 7.786202976603246 -1.3468232468084156 7255 24 True
car 23.93543292018512 106.3973789402322 -1.5515320520971083 4.673638820648193 1.8118125200271606 1.441947340965271 1.5715528018480938 -8.329223372607743 -0.010832655286752755 7258 0 False
truck -41.44062613839242 -4.029105670401001 -0.3608977079433602 8.46804141998291 2.8910882472991943 3.8274123668670654 -3.1412834704174464 9.094783365924394 0.0033219970005946087 7261 72 True
car -77.37785145521624 -4.035990470557014 -1.4377020185196692 4.611005783081055 2.241713285446167 1.6672759056091309 -3.1410943861397636 13.649380840517196 0.008886946038689765 7260 0 True
car 81.75147096232598 10.873883616632057 -1.4806530540853662 4.855708599090576 2.0327565670013428 1.6493593454360962 1.6343624709981281 -14.229274401068684 -0.502536674711358 7242 0 False
car 47.83886588638126 -3.9608525676186366 -1.4528067405529783 5.237514495849609 1.9297595024108887 1.638383150100708 -3.141118620885213 7.29209739769782e-08 2.1951346335900666e-07 7243 10 True
motorcycle -6.602296716658316 -0.004771671291057711 -1.5077664869205472 2.0333523750305176 0.8025798797607422 1.4992748498916626 0.000801181493691893 -0.004392218764761454 3.684298042880096e-05 7257 171 True
pedestrian 19.274251991376445 25.31924934069418 -1.2157931004252505 0.3753577768802643 0.3753577768802643 1.8600000143051147 1.5894240624059042 -1.5435543447208733 -0.06157652292258323 7251 0 True
pedestrian 29.702476312245892 -8.249450216471688 -1.2146304350505777 0.9953577518463135 0.3753577768802643 1.8600000143051147 3.0349914747712874 3.505623172451922 -0.7583094786439569 7249 4 True
pedestrian 30.44291036889865 9.665351636946413 -1.2063302380923748 0.3753577768802643 0.3753577768802643 1.8600000143051147 -2.810741249861823 1.3105534325943442 1.165138003679796 7245 2 True
pedestrian 18.589261886686245 -1.4449528395072608 -2.0827926215488906 0.3753577768802643 0.3753577768802643 1.8600000143051147 -2.047207484995524 0.00917255035113377 0.018314436127784096 7247 3 True
pedestrian 19.0187095962213 33.66347601059263 -1.2157909557888398 0.3753577768802643 0.3753577768802643 1.8600000143051147 1.5949692917438083 -1.805843629920426 -0.060856113203108214 7253 1 True