8.620884895324707 0.004916293080896139
car 13.71624579049535 70.57353373688694 -1.3119078183663224 4.181210041046143 1.994117259979248 1.3805816173553467 -1.5714559639701042 0.0 0.0 20001 0 False
car -60.562174151622656 70.18202704483926 -1.4129961403742244 5.357479572296143 2.033203125 1.4147460460662842 -1.5714554313383362 0.0 0.0 20003 0 False
car 6.5213744110272955 93.10789949140838 -1.0545171196664018 4.4777727127075195 2.069315195083618 2.0377910137176514 -0.0006605644961511526 0.0 0.0 20011 0 False
car 86.96287851978678 48.75926480601396 -1.4216443715530893 3.633375883102417 1.845113754272461 1.5012825727462769 1.571239380106688 -6.671732114413665 -0.010316595795663899 7259 0 False
car -0.031247009156686545 -8.01140191519778e-07 -1.3761317921124057 4.552699089050293 2.097072124481201 1.7671663761138916 0.0 8.62088418676736 0.004916293133008873 -100 1532 False
car 33.49939750946663 13.657920072493582 -1.5177754708762399 4.673638820648193 1.8118125200271606 1.441947340965271 -1.5708747295531427 -8.089885244129281 -0.004045514708743659 7244 22 True
car 33.50922080997282 29.875052197682216 -1.5175965347937352 4.673638820648193 1.8118125200271606 1.441947340965271 -1.5725772869999401 -9.656885771030836 0.028582883012959717 7255 12 True
car 29.502663148837883 48.835264995509654 -1.521498603888993 4.673638820648193 1.8118125200271606 1.441947340965271 1.5709890431756715 -8.070835818554661 -0.009158887831405846 7258 0 False
truck -1.6157571236166177 -4.005876685258112 -0.3628744226204801 8.46804141998291 2.8910882472991943 3.8274123668670654 3.141575517838452 5.192381842083922 0.0010107185824101118 7261 11423 False
car -15.825037221140065 -3.9960042567740497 -1.4558822180551878 4.611005783081055 2.241713285446167 1.6672759056091309 3.1412756461530003 7.748679942247581 -0.00248986222339893 7260 171 True
car 22.26751609979226 0.02475671564393811 -1.3710078765654243 4.855708599090576 2.0327565670013428 1.6493593454360962 0.00988063951488067 12.115251820759593 -0.0382805590978369 7242 59 True
car 57.986314919603444 -4.007086132632801 -1.3943796891071996 5.237514495849609 1.9297595024108887 1.638383150100708 3.137732046999693 0.47315809955756316 -0.001988225836743015 7243 9 True
motorcycle -17.175362872464177 0.003856378012947914 -1.5237086940399946 2.0333523750305176 0.8025798797607422 1.499274730682373 -0.0004968176132337087 8.242051328705243 -0.0027634510467146206 7257 26 True
pedestrian 24.9484779919664 18.225679020362772 -1.1909719158796532 0.3753577768802643 0.3753577768802643 1.8600000143051147 1.689282830452893 -1.6298335140202433 -0.42690742515700697 7251 0 True
pedestrian 50.859184871644004 -9.102804008295635 -1.1635269484007287 0.9953577518463135 0.3753577768802643 1.8600000143051147 -3.136843286786317 3.128817236822978 0.02581359664641896 7249 1 True
pedestrian 37.40262751138124 14.704410770523307 -1.168839168647656 0.3753577768802643 0.3753577768802643 1.8600000143051147 -1.2142636460545055 -1.2611520920414732 -1.0757976237922595 7245 0 True
pedestrian 23.00873132168465 -1.1076831546330572 -1.32769267319382 0.3753577768802643 0.3753577768802643 1.8600000143051147 0.8515130468519799 0.6933872198756404 -0.12374831005659931 7247 2 True
pedestrian 24.874511838662954 25.376184592525032 -1.1910243965445744 0.3753577768802643 0.3753577768802643 1.8600000143051147 1.644552015092294 -1.7373421233738457 -0.18086062231288558 7253 2 True