1.3351686423135334e-10 1.0296535894955064e-13
car 8.179018360604289 70.58154621172262 -1.3254451243430423 4.181210041046143 1.994117259979248 1.3805816173553467 -1.5705429320157367 0.0 0.0 20001 4 False
car -66.0990786208911 70.12222071131268 -1.3508956178957303 5.357479572296143 2.033203125 1.4147460460662842 -1.5705423993839687 0.0 0.0 20003 0 False
car 0.9638410286182193 93.10933429344571 -1.0607941742978375 4.4777727127075195 2.069315195083618 2.0377910137176514 0.000252467458216182 0.0 0.0 20011 0 False
car -0.031222269270983816 -7.975304590068788e-07 -1.3761317571003229 4.552699089050293 2.097072124481201 1.7671663761138916 0.0 1.3351685696977108e-10 1.0296535334684124e-13 -100 1564 False
car 72.78727173077476 0.6703974722920503 -1.5498356359293992 4.673638820648193 1.8118125200271606 1.441947340965271 0.2533821865719689 12.930519742789807 6.871516369973775 7244 0 True
car 49.548587168331494 0.09644390902413358 -1.551463641360093 4.673638820648193 1.8118125200271606 1.441947340965271 -0.008493345134155618 10.752772273607993 -0.18708966823104678 7255 9 True
car 23.930086291492444 113.25349486328108 -1.5513124896407375 4.673638820648193 1.8118125200271606 1.441947340965271 1.5718111282556322 -7.434240586790395 -0.013132079582064601 7258 0 False
truck -49.84269459837776 -4.031759329198952 -0.36087412542357344 8.46804141998291 2.8910882472991943 3.8274123668670654 -3.1412605672514173 9.56213505827835 0.003960997311448396 7261 42 True
car -89.6684235717205 -4.040184167049171 -1.4376788339363356 4.611005783081055 2.241713285446167 1.6672759056091309 -3.1411878630150687 13.647392648598982 0.008367761990418648 7260 0 True
car 81.47927626266863 25.890283396136887 -1.4581993371884088 4.855708599090576 2.0327565670013428 1.6493593454360962 1.5696944496091207 -17.02423766204483 0.041617825200477465 7242 0 False
car 47.83886588638126 -3.9608525676186366 -1.4528067405529783 5.237514495849609 1.9297595024108887 1.638383150100708 -3.141118620885213 1.0467585513410355e-07 -2.3682642600525845e-07 7243 10 True
motorcycle -6.597993737822264 -0.004765568987764812 -1.5064721186099814 2.0333523750305176 0.8025798797607422 1.499274730682373 0.0007726841661620679 -7.377367386926314e-06 -7.784358176223327e-09 7257 155 True
pedestrian 19.245023991684207 26.72684230947159 -1.2157930400329797 0.3753577768802643 0.3753577768802643 1.8600000143051147 1.5828544490199619 -1.5732425551236713 -0.058038717233783815 7251 0 True
pedestrian 26.508486434199426 -7.930634206524289 -1.2146258618034085 0.9953577518463135 0.3753577768802643 1.8600000143051147 3.0665208786010743 3.439629839885395 -0.5903553324242437 7249 7 True
pedestrian 28.942027449617 9.177014420456974 -1.318980995343852 0.3753577768802643 0.3753577768802643 1.8600000143051147 -2.8270118187984887 1.4183625828488748 1.0316529851350384 7245 5 True
pedestrian 18.61927638031989 -1.386808853611599 -2.0828233750106384 0.3753577768802643 0.3753577768802643 1.8600000143051147 -2.0472089497328865 -0.002937140889530114 -0.0027279253194839 7247 0 True
pedestrian 18.996047105193497 35.294188480469565 -1.2157909018432578 0.3753577768802643 0.3753577768802643 1.8600000143051147 1.5951491881234912 -1.8140060725034095 -0.0645059824245173 7253 2 True