-1.409122041273747e-09 -1.1238987518424892e-09
car 8.179018360604289 70.58154621172262 -1.3254451243430423 4.181210041046143 1.994117259979248 1.3805816173553467 -1.5705429320157367 0.0 0.0 20001 3 False
car -66.0990786208911 70.12222071131268 -1.3508956178957303 5.357479572296143 2.033203125 1.4147460460662842 -1.5705423993839687 0.0 0.0 20003 0 False
car 0.9638410286182193 93.10933429344571 -1.0607941742978375 4.4777727127075195 2.069315195083618 2.0377910137176514 0.000252467458216182 0.0 0.0 20011 0 False
car -0.031222269270983816 -7.975304590068788e-07 -1.3761317571003229 4.552699089050293 2.097072124481201 1.7671663761138916 0.0 -1.4091219646506712e-09 -1.1238986907145968e-09 -100 1584 False
car 56.81242169900838 0.05704995325589035 -1.5512846689209236 4.673638820648193 1.8118125200271606 1.441947340965271 -0.0006775074790124263 13.974000076936177 -0.02460343446717515 7244 3 True
car 38.68626741577134 0.5149907163230458 -1.5513629221266125 4.673638820648193 1.8118125200271606 1.441947340965271 -0.12322924478671285 6.452544386392368 -1.4815866416966834 7255 16 True
car 23.936667031066122 104.66659769023124 -1.5514930952724508 4.673638820648193 1.8118125200271606 1.441947340965271 1.5716554666213987 -9.132002775462285 -0.01372926992804067 7258 0 False
truck -39.63166631654411 -4.028522326918583 -0.3609043487889396 8.46804141998291 2.8910882472991943 3.8274123668670654 -3.141272817782084 8.986230388036493 0.0034774287132192223 7261 75 True
car -74.64616225342039 -4.034947373114633 -1.4377099793339683 4.611005783081055 2.241713285446167 1.6672759056091309 -3.141192923016866 13.648104342066413 0.007743161462631385 7260 0 True
car 81.34492863361419 8.186583365591387 -1.4428289501425895 4.855708599090576 2.0327565670013428 1.6493593454360962 1.452946093407101 -11.729553556496711 5.369725602604403 7242 0 True
car 47.83886588638126 -3.9608525676186366 -1.4528067405529783 5.237514495849609 1.9297595024108887 1.638383150100708 -3.141118620885213 8.500339248647786e-09 1.4800046627646512e-07 7243 6 True
motorcycle -6.613893392590455 -0.004782849234088449 -1.5070884674971976 2.0333523750305176 0.8025798797607422 1.4992746114730835 0.0008076063643948485 1.0618157266677526 0.0014470062602949668 7257 160 True
pedestrian 19.280495211661844 25.0102547280337 -1.2157931134352091 0.3753577768802643 0.3753577768802643 1.8600000143051147 1.5900082262975903 -1.5412123412991563 -0.06555941447964347 7251 1 True
pedestrian 30.41578310229852 -8.32577760911719 -1.2146314564515681 0.9953577518463135 0.3753577768802643 1.8600000143051147 3.0353989380738997 3.5075702918601515 -0.7488796988101364 7249 1 True
pedestrian 30.776439870408637 9.77387218432085 -1.206330713777537 0.3753577768802643 0.3753577768802643 1.8600000143051147 -2.7252908689863413 0.863761850722895 1.525900677718648 7245 1 True
pedestrian 18.58288684903374 -1.4572711068363513 -2.0827924635803257 0.3753577768802643 0.3753577768802643 1.8600000143051147 -2.047206686047872 0.011213755081432275 0.02225131965947116 7247 0 True
pedestrian 19.024538900849848 33.30212266495756 -1.2157909688978623 0.3753577768802643 0.3753577768802643 1.8600000143051147 1.5930779163352118 -1.8043582243524305 -0.04802755297765646 7253 0 True