5.3095245361328125 0.0022434403654187918
car 28.61698443413036 70.58265039547038 -1.252058485407368 4.181210041046143 1.994117259979248 1.3805816173553467 -1.571052484238821 0.0 0.0 20001 0 False
car -45.661017962426826 70.16117415333949 -1.4711967554408873 5.357479572296143 2.033203125 1.4147460460662842 -1.571051951607053 0.0 0.0 20003 0 False
car -79.37139754254031 82.84995966562089 -1.4188315278274684 4.1928300857543945 1.8161858320236206 1.4738311767578125 -1.571051951607053 0.0 0.0 20009 0 False
car 21.41262153487486 93.11411139691197 -1.00613121260684 4.4777727127075195 2.069315195083618 2.0377910137176514 -0.0002570847648678468 0.0 0.0 20011 0 False
car 101.8792742021933 40.917445390984035 -1.2449078061959624 3.633375883102417 1.845113754272461 1.5012825727462769 1.5717307440797115 -2.0371243903718574 -0.004161218675905588 7259 0 False
car -0.031217608772408312 -9.31970231432544e-07 -1.3761320065452862 4.552699089050293 2.097072124481201 1.7671663761138916 0.0 5.309524232923798 0.002243440276058003 -100 1612 False
car 48.41644787098505 31.891235799904628 -1.4260972854495577 4.673638820648193 1.8118125200271606 1.441947340965271 -1.5705348993181496 -5.616657944355819 -0.004906681686369785 7244 0 True
car 48.20970861903993 46.79936201633506 -1.426566488298422 4.673638820648193 1.8118125200271606 1.441947340965271 -1.429869379358382 -5.554847702966874 -1.3513387431109416 7255 0 False
car 44.41591063508082 36.91053202912452 -1.4367231875416602 4.673638820648193 1.8118125200271606 1.441947340965271 1.5710722780563724 -4.871840141909326 -0.003897801694514046 7258 0 True
truck 21.81236872369749 -4.0002695998154385 -0.3061332814590987 8.46804141998291 2.8910882472991943 3.8274123668670654 -3.1411440108310753 3.476146431307986 0.003997801422778454 7261 297 True
car 8.920141132358708 -3.9973353317412035 -1.4173742162478975 4.611005783081055 2.241713285446167 1.6672759056091309 -3.141473177263774 2.0710559215858955 0.0007886541692619044 7260 590 True
car 13.82622848516246 0.003179025273015723 -1.4255847567020217 4.855708599090576 2.0327565670013428 1.6493593454360962 0.00015719784321071995 6.389817819300834 0.0045872374354258 7242 207 True
car 72.96192553239331 -3.9802123361558333 -1.2641307985737287 5.237514495849609 1.9297595024108887 1.638383150100708 3.1382814678354416 -0.004308218311589363 -0.00015764246491549517 7243 0 True
motorcycle -15.277679210555107 0.0020450077912879117 -1.5474205025944494 2.0333523750305176 0.8025798797607422 1.4992749691009521 -0.00015625821172208007 0.49527677599504244 -0.00011528784845165668 7257 23 True
pedestrian 40.116441437299045 15.264242329686269 -1.1125718334575736 0.3753577768802643 0.3753577768802643 1.8600000143051147 1.5779080741684328 -1.37198868907553 -0.019134459363110097 7251 0 False
pedestrian 72.13497045105811 -9.056240607101572 -1.0280150876442522 0.9953577518463135 0.3753577768802643 1.8600000143051147 -3.129809340489584 3.2436411901502944 0.0937115888845409 7249 0 False
pedestrian 51.72116490498877 17.61965909065726 -1.0728425446715446 0.3753577768802643 0.3753577768802643 1.8600000143051147 -1.2896162495450818 -0.8364669000727823 -0.5489823033951504 7245 2 True
pedestrian 37.23069279914023 -6.815660443375833 -1.119345666723699 0.9953577518463135 0.3753577768802643 1.8600000143051147 2.4290971822722907 1.1545480453898977 -2.223656447474284 7247 0 False
pedestrian 39.99453178788457 21.87770919300905 -1.1128697530267644 0.3753577768802643 0.3753577768802643 1.8600000143051147 1.594236699967824 -1.661170731158939 -0.07802123887540925 7253 0 False