-0.0010677211685106158 6.044543169991812e-06
car 8.18035216457497 70.58154156752049 -1.3420773520553264 4.181210041046143 1.994117259979248 1.3805816173553467 -1.5705429320157367 0.0 0.0 20001 1 False
car -66.09761571597221 70.12221499760729 -1.2023127161050227 5.357479572296143 2.033203125 1.4147460460662842 -1.5705423993839687 0.0 0.0 20003 0 False
car 0.9657815410082549 93.10932750583778 -1.0612061584968973 4.4777727127075195 2.069315195083618 2.0377910137176514 0.000252467458216182 0.0 0.0 20011 0 False
car 81.42952226299741 59.88789026132752 -1.6890830688244627 3.633375883102417 1.845113754272461 1.5012825727462769 1.5724051458350286 -10.209460078002513 -0.03048404638117859 7259 0 False
car -0.031264850575439596 -8.635448782712274e-07 -1.3761316154420031 4.552699089050293 2.097072124481201 1.7671663761138916 0.0 -0.0010677210540597998 6.044542836828185e-06 -100 1595 False
car 30.16994216150914 3.5720524463208694 -1.6157542711198807 4.673638820648193 1.8118125200271606 1.441947340965271 -0.9144633653136359 -1.2583134876234732 -7.351078144112829 7244 32 True
car 28.018500960394306 18.372622166809453 -1.612567362737102 4.673638820648193 1.8118125200271606 1.441947340965271 -1.5696631574927435 -8.586653978576647 -0.013134256168275807 7255 29 True
car 23.97095280858008 63.1314470987233 -1.6029542992992738 4.673638820648193 1.8118125200271606 1.441947340965271 1.5719498788312276 -13.669252135287817 -0.027464963365161223 7258 0 False
truck -14.879841550079789 -4.016890182208492 -0.3269594651369818 8.46804141998291 2.8910882472991943 3.8274123668670654 -3.141060830338372 6.735429346800189 0.005604996583731907 7261 844 True
car -33.66106287562752 -4.01964439451648 -1.3631368108919952 4.611005783081055 2.241713285446167 1.6672759056091309 -3.141184134592692 11.116307834476752 0.005593435787669916 7260 23 True
car 33.774764569577314 0.01915036383741109 -1.5350245943130956 4.855708599090576 2.0327565670013428 1.6493593454360962 0.0017256253697727289 16.14970579501186 0.053774045695601944 7242 27 True
car 48.52847485926662 -3.96044752435847 -1.5598581132976057 5.237514495849609 1.9297595024108887 1.638383150100708 -3.14115910089959 3.386858953390095 0.0038902489711969746 7243 19 True
motorcycle -14.675228227881632 -0.011602369725318251 -1.4763642262603411 2.0333523750305176 0.8025798797607422 1.499274730682373 0.0007487092347439999 0.761008514586426 0.0011946782283474002 7257 28 True
pedestrian 19.423216821590074 20.224675155860368 -1.2578176775384664 0.3753577768802643 0.3753577768802643 1.8600000143051147 1.6478417831539578 -1.621028759724771 -0.17999349881197024 7251 1 True
pedestrian 41.30658651003853 -9.01815813314867 -1.305570454856569 0.9953577518463135 0.3753577768802643 1.8600000143051147 3.1335129055523345 3.1371611781960573 -0.05364872291132539 7249 1 True
pedestrian 31.890676524970274 13.026885479405127 -1.2761432396124062 0.3753577768802643 0.3753577768802643 1.8600000143051147 -1.744288080566406 -1.6207399453563773 0.5886159801798934 7245 2 True
pedestrian 18.487614093663808 -1.6330575521676607 -2.10953940459843 0.3753577768802643 0.3753577768802643 1.8600000143051147 1.044090757668813 -0.2037852501543121 0.15637462482806344 7247 3 True
pedestrian 19.22031272739997 27.74961170696407 -1.257306836632359 0.3753577768802643 0.3753577768802643 1.8600000143051147 1.5888561437831452 -1.7564675985124276 -0.0684521587890448 7253 0 True