8.163454055786133 0.004681305028498173
car 12.881921947549131 70.57362935834607 -1.3290791739751027 4.181210041046143 1.994117259979248 1.3805816173553467 -1.5714539651705661 0.0 0.0 20001 2 False
car -61.39656607608225 70.18197391164071 -1.332677344218391 5.357479572296143 2.033203125 1.4147460460662842 -1.571453432538798 0.0 0.0 20003 0 False
car 5.687349443682592 93.10798074647332 -1.0622515103592294 4.4777727127075195 2.069315195083618 2.0377910137176514 -0.0006585656966131198 0.0 0.0 20011 0 False
car 86.1280781615888 49.44452787253576 -1.5348777443775052 3.633375883102417 1.845113754272461 1.5012825727462769 1.5712095541580808 -6.991943696277109 -0.010529016274577505 7259 0 False
car -0.03127360771043186 -7.858815533889896e-07 -1.376131701661798 4.552699089050293 2.097072124481201 1.7671663761138916 0.0 8.163453421190248 0.004681304849021723 -100 1548 False
car 32.66505154554153 12.818913218530811 -1.560799890746881 4.673638820648193 1.8118125200271606 1.441947340965271 -1.5706381064597472 -8.643285345234359 -0.009784607374907037 7244 14 True
car 32.67305253581145 28.912608612254516 -1.560793622028936 4.673638820648193 1.8118125200271606 1.441947340965271 -1.5723590397025453 -9.479547245815372 0.02415624624436129 7255 23 True
car 28.66781465862914 49.66479927963732 -1.5594191939678266 4.673638820648193 1.8118125200271606 1.441947340965271 1.571063346737732 -8.493732409300163 -0.009638033536356585 7258 0 False
truck -2.9736361371942053 -4.005475862903341 -0.3599954914154264 8.46804141998291 2.8910882472991943 3.8274123668670654 -3.141423785403805 5.2801460244513 0.0027266922185223115 7261 9466 True
car -17.453412005952714 -3.995543529297305 -1.4340323497384657 4.611005783081055 2.241713285446167 1.6672759056091309 3.1412203870374653 8.021417921969618 -0.0018570575587027233 7260 143 True
car 22.597458949598376 -0.016834320885882326 -1.427002555163088 4.855708599090576 2.0327565670013428 1.6493593454360962 0.005486184908781821 10.962066559201595 -0.18547058733480656 7242 36 True
car 57.088120850159044 -4.006929005812319 -1.4695972220091158 5.237514495849609 1.9297595024108887 1.638383150100708 3.13806454381135 0.8071215220742143 -0.002098206978424168 7243 6 True
motorcycle -17.178254077162535 0.003478557242887703 -1.5007338928533809 2.0333523750305176 0.8025798797607422 1.499274730682373 -0.0004946730746687907 8.371794363863364 -0.0027878709908028716 7257 22 True
pedestrian 24.11450656582332 18.37585403714207 -1.222871210858468 0.3753577768802643 0.3753577768802643 1.8600000143051147 1.617746124370551 -1.6659852536284674 -0.2894476616165725 7251 0 True
pedestrian 49.71112707326779 -9.102516881150276 -1.2293341097272756 0.9953577518463135 0.3753577768802643 1.8600000143051147 -3.1409297694388734 3.134363875699764 0.01714519270615347 7249 2 True
pedestrian 36.614942732742804 14.570478826508602 -1.2170979695335276 0.3753577768802643 0.3753577768802643 1.8600000143051147 -1.227568253559984 -1.212953377386461 -1.0142233590930525 7245 0 True
pedestrian 22.22847097923602 -1.1653230232428222 -1.3538251799908185 0.3753577768802643 0.3753577768802643 1.8600000143051147 0.7902596625798305 0.7694056427553662 0.003513359059779522 7247 0 True
pedestrian 24.02019767988645 25.56721676751753 -1.2228224080152408 0.3753577768802643 0.3753577768802643 1.8600000143051147 1.6637400759692484 -1.9054981532539275 -0.29452953222874195 7253 2 True