-1.3845981072790892e-07 2.7357673459960097e-08
car 8.179018360604289 70.58154621172262 -1.3254451243430423 4.181210041046143 1.994117259979248 1.3805816173553467 -1.5705429320157367 0.0 0.0 20001 2 False
car -66.0990786208911 70.12222071131268 -1.3508956178957303 5.357479572296143 2.033203125 1.4147460460662842 -1.5705423993839687 0.0 0.0 20003 0 False
car 0.9638410286182193 93.10933429344571 -1.0607941742978375 4.4777727127075195 2.069315195083618 2.0377910137176514 0.000252467458216182 0.0 0.0 20011 0 False
car 81.40883095296005 72.91951108345275 -1.5092477884727376 3.633375883102417 1.845113754272461 1.5012825727462769 1.5720036746398076 -13.209419534336286 -0.029306306314603764 7259 0 False
car -0.031222269270983816 -7.975304590068788e-07 -1.3761317571003229 4.552699089050293 2.097072124481201 1.7671663761138916 0.0 -1.3845980319752783e-07 2.7357671972005006e-08 -100 1560 False
car 37.55764841641428 0.5853708775964122 -1.5517734728139516 4.673638820648193 1.8118125200271606 1.441947340965271 -0.1475359870709843 3.7482592360399583 -1.0334841308835923 7244 17 True
car 28.042954790619262 9.992322978277517 -1.551152545242186 4.673638820648193 1.8118125200271606 1.441947340965271 -1.5537866029065448 -8.626463856514164 -0.3559151155349041 7255 36 True
car 23.956410306039118 79.98055217304002 -1.5513467027543868 4.673638820648193 1.8118125200271606 1.441947340965271 1.571527768154992 -15.851622671286027 -0.019307319842689782 7258 0 False
truck -22.87339774514959 -4.021532484889258 -0.3609845883736078 8.46804141998291 2.8910882472991943 3.8274123668670654 -3.14094658082411 7.691503853169485 0.007783440374573714 7261 315 True
car -47.30452023801763 -4.025470208995978 -1.4387561718143824 4.611005783081055 2.241713285446167 1.6672759056091309 -3.1411037071957058 13.524430888351503 0.00970552345772027 7260 3 True
car 52.507677484016654 0.04050540156113902 -1.460119763480934 4.855708599090576 2.0327565670013428 1.6493593454360962 0.0008675117688435646 17.32456694291829 0.025734674882577725 7242 2 True
car 47.83883536883002 -3.960852694597591 -1.4528103763926556 5.237514495849609 1.9297595024108887 1.638383150100708 -3.141118620885213 -0.00011209975094227764 -1.8835482549282086e-07 7243 9 True
motorcycle -11.883423565723717 -0.00911387351359938 -1.5059068371392148 2.0333523750305176 0.8025798797607422 1.499274730682373 0.0008766977162878547 3.1222816431790816 0.004682473809883476 7257 45 True
pedestrian 19.34151770733166 21.943476806483613 -1.2157932412123564 0.3753577768802643 0.3753577768802643 1.8600000143051147 1.5870655689366657 -1.5206808175583766 -0.049747772839864715 7251 0 True
pedestrian 37.55198076855669 -8.915985075452795 -1.214641672654029 0.9953577518463135 0.3753577768802643 1.8600000143051147 3.1185494149746367 3.5603449999400385 -0.20236743548210295 7249 3 True
pedestrian 31.98785944273874 11.596268860643143 -1.2063324226698946 0.3753577768802643 0.3753577768802643 1.8600000143051147 -1.5669171744121975 -1.3364903934334875 -0.05518304246136274 7245 0 True
pedestrian 18.52230878131735 -1.5744862792689336 -2.0828035096374564 0.3753577768802643 0.3753577768802643 1.8600000143051147 -2.0472317197409735 0.025203070450891114 0.05068282737262566 7247 1 True
pedestrian 19.12448295919836 29.710122334964367 -1.2157911592860755 0.3753577768802643 0.3753577768802643 1.8600000143051147 1.62922297390959 -1.7842346010069834 -0.2092346037050786 7253 0 True