-9.118265552388038e-06 1.9335691092692286e-07
car 8.179036723108538 70.58154645081268 -1.3255774569405836 4.181210041046143 1.994117259979248 1.3805816173553467 -1.5705429320157367 0.0 0.0 20001 4 False
car -66.09906075498282 70.12222095683238 -1.3495847600230013 5.357479572296143 2.033203125 1.4147460460662842 -1.5705423993839687 0.0 0.0 20003 0 False
car 0.9638645333785121 93.1093344659568 -1.0607806403640188 4.4777727127075195 2.069315195083618 2.0377910137176514 0.000252467458216182 0.0 0.0 20011 0 False
car 81.41951629176168 65.40961872164064 -1.5110137141719164 3.633375883102417 1.845113754272461 1.5012825727462769 1.5722104689237808 -11.759281474209171 -0.03093445823073383 7259 0 False
car -0.0312354096472518 -5.534530242989888e-07 -1.3761317295949116 4.552699089050293 2.097072124481201 1.7671663761138916 0.0 -9.11826506042484e-06 1.9335690046082265e-07 -100 1585 False
car 33.7684171232583 1.4231687257099228 -1.5502459900400667 4.673638820648193 1.8118125200271606 1.441947340965271 -0.3824251154300901 6.654385255678938 -5.958982074469579 7244 26 True
car 28.017669938559322 14.546249046848189 -1.551859841924053 4.673638820648193 1.8118125200271606 1.441947340965271 -1.5705908688748675 -7.744862362705127 0.0015923790268882753 7255 41 True
car 23.963557800523745 70.42113651062087 -1.5515981683634181 4.673638820648193 1.8118125200271606 1.441947340965271 1.5714947449853682 -15.442975911772162 -0.016762347969028837 7258 0 False
truck -18.390237463411438 -4.019096003575731 -0.36076089552598023 8.46804141998291 2.8910882472991943 3.8274123668670654 -3.141423818888346 7.238751658374369 0.003937678492779491 7261 521 True
car -39.53598080664682 -4.021797171612539 -1.4381450700225487 4.611005783081055 2.241713285446167 1.6672759056091309 -3.1411732156414454 12.291126407304866 0.008561767143995305 7260 17 True
car 42.38388582317759 0.030847139536800405 -1.460896338596981 4.855708599090576 2.0327565670013428 1.6493593454360962 0.0010462947712805534 17.65903537470399 0.033032320529355466 7242 12 True
car 47.83662347129933 -3.9608539442987905 -1.4538988838568216 5.237514495849609 1.9297595024108887 1.638383150100708 -3.141118620885213 -0.0056658125134680035 -1.0597222878209134e-05 7243 9 True
motorcycle -13.553391240626581 -0.010534638317528877 -1.5043488481985907 2.0333523750305176 0.8025798797607422 1.499274730682373 0.0009176400123876001 4.1030526519938 0.0077399384737883905 7257 40 True
pedestrian 19.356449306968784 21.031644185422454 -1.2161552625938232 0.3753577768802643 0.3753577768802643 1.8600000143051147 1.6046336288604737 -1.5045400623278653 -0.17991111240817992 7251 2 True
pedestrian 39.656484340980626 -8.999941273667183 -1.2154086799500536 0.9953577518463135 0.3753577768802643 1.8600000143051147 3.1246935887357923 3.3309274270058316 -0.09346186271258623 7249 2 True
pedestrian 31.949353194647244 12.489303737270273 -1.20694118701145 0.3753577768802643 0.3753577768802643 1.8600000143051147 -1.4783756650704276 -0.7868705795508374 -0.12706717196552628 7245 0 True
pedestrian 18.504773451672975 -1.6083876555111833 -2.0831528916601663 0.3753577768802643 0.3753577768802643 1.8600000143051147 1.0943833139521282 0.026210550758353154 0.052259592844914576 7247 2 True
pedestrian 19.188009624765186 28.634899527893783 -1.2161480665214524 0.3753577768802643 0.3753577768802643 1.8600000143051147 1.624111839462704 -1.7843596673144086 -0.15781561335012023 7253 3 True