-2.5024917249538703e-07 2.0760648311579644e-08
car 8.179018360604289 70.58154621172262 -1.3254451243430423 4.181210041046143 1.994117259979248 1.3805816173553467 -1.5705429320157367 0.0 0.0 20001 6 False
car -66.0990786208911 70.12222071131268 -1.3508956178957303 5.357479572296143 2.033203125 1.4147460460662842 -1.5705423993839687 0.0 0.0 20003 0 False
car 0.9638410286182193 93.10933429344571 -1.0607941742978375 4.4777727127075195 2.069315195083618 2.0377910137176514 0.000252467458216182 0.0 0.0 20011 0 False
car 81.41038537322714 71.60875097432233 -1.5092673583228604 3.633375883102417 1.845113754272461 1.5012825727462769 1.5720378962309094 -12.982140185521788 -0.029674492889640226 7259 0 False
car -0.031222269270983816 -7.975304590068788e-07 -1.3761317571003229 4.552699089050293 2.097072124481201 1.7671663761138916 0.0 -2.502491588851054e-07 2.0760647182432533e-08 -100 1623 False
car 37.191486575555984 0.6322551736845603 -1.5517362319352173 4.673638820648193 1.8118125200271606 1.441947340965271 -0.15750741969145668 3.353928633141701 -1.0717741187097853 7244 24 True
car 28.02546959444038 10.825976749311012 -1.5512370882154942 4.673638820648193 1.8118125200271606 1.441947340965271 -1.5637833022465175 -7.99741527782331 -0.17406557947738882 7255 34 True
car 23.95760874806723 78.38986948646598 -1.5513153734238294 4.673638820648193 1.8118125200271606 1.441947340965271 1.5715390865800645 -15.965578901152195 -0.019644410615396873 7258 0 False
truck -22.107040434207363 -4.021081071723892 -0.36098628069687644 8.46804141998291 2.8910882472991943 3.8274123668670654 -3.1409740113601683 7.612744978387226 0.007254591434668393 7261 287 True
car -45.959610729699136 -4.024815707534808 -1.4387789573396401 4.611005783081055 2.241713285446167 1.6672759056091309 -3.141101576668633 13.329921300119098 0.009584981803878512 7260 14 True
car 50.7935970506245 0.038993493542127666 -1.4593025159954114 4.855708599090576 2.0327565670013428 1.6493593454360962 0.0008839086609747674 16.947810103463492 0.025770479542710268 7242 1 True
car 47.83880485125081 -3.960852702367284 -1.4528124029069225 5.237514495849609 1.9297595024108887 1.638383150100708 -3.141118620885213 -0.0002945685954599255 -2.5497212135551675e-07 7243 6 True
motorcycle -12.159638107139472 -0.009356097015627896 -1.5073293240944752 2.0333523750305176 0.8025798797607422 1.4992748498916626 0.0008763064347960883 2.191016427139032 0.0032827803763342154 7257 39 True
pedestrian 19.343967355107964 21.791240490888956 -1.2157932467262391 0.3753577768802643 0.3753577768802643 1.8600000143051147 1.587255984793769 -1.5195715889710726 -0.051582064854542094 7251 1 True
pedestrian 37.90952676452372 -8.924032224707506 -1.2146421842338386 0.9953577518463135 0.3753577768802643 1.8600000143051147 3.116768826973809 3.543469460211919 -0.2756267731654284 7249 4 True
pedestrian 31.989294403572785 11.713641739411138 -1.2063324231732118 0.3753577768802643 0.3753577768802643 1.8600000143051147 -1.5525319887767368 -1.4610163883584506 -0.10794909380740496 7245 1 True
pedestrian 18.519289008986505 -1.5802520391722867 -2.0828264233796667 0.3753577768802643 0.3753577768802643 1.8600000143051147 1.0943787865820989 0.025727376888790406 0.05261120904776872 7247 2 True
pedestrian 19.13493513527294 29.530694987199173 -1.2157911766066074 0.3753577768802643 0.3753577768802643 1.8600000143051147 1.6295051355887518 -1.7832980647648615 -0.20968647515198535 7253 3 True