-0.0009116816218011081 -1.5187576991593232e-06
car 8.181238373768679 70.58153923495607 -1.354470053325493 4.181210041046143 1.994117259979248 1.3805816173553467 -1.5705429320157367 0.0 0.0 20001 1 False
car -66.09640393283834 70.12221077235992 -1.0929474174908491 5.357479572296143 2.033203125 1.4147460460662842 -1.5705423993839687 0.0 0.0 20003 0 False
car 0.9671372536031413 93.1093240071444 -1.061689912525802 4.4777727127075195 2.069315195083618 2.0377910137176514 0.000252467458216182 0.0 0.0 20011 0 False
car 81.43152734535869 58.884480669194176 -1.821254891434552 3.633375883102417 1.845113754272461 1.5012825727462769 1.5724359053196377 -9.819094601164428 -0.029653974809202052 7259 0 False
car -0.031188987141206326 -7.882167127881701e-07 -1.376131804219736 4.552699089050293 2.097072124481201 1.7671663761138916 0.0 -0.0009116816060063794 -1.5187576074703407e-06 -100 1580 False
car 29.68973987112298 4.148082900418742 -1.662661211226416 4.673638820648193 1.8118125200271606 1.441947340965271 -1.0253995105039808 -3.08503171573379 -6.9720514976133385 7244 38 True
car 28.018205560035938 19.257737593978213 -1.657523374819419 4.673638820648193 1.8118125200271606 1.441947340965271 -1.568871134053548 -9.134417844756806 -0.025264688635399993 7255 36 True
car 23.972894508583124 61.78087953013263 -1.6412704343666025 4.673638820648193 1.8118125200271606 1.441947340965271 1.5719011430244443 -13.303781241863167 -0.02546526961409232 7258 0 False
truck -14.207771010261865 -4.016651333543017 -0.304455949321766 8.46804141998291 2.8910882472991943 3.8274123668670654 -3.141233136715359 6.644117244534133 0.0049100290328236715 7261 910 True
car -32.55677071811175 -4.019247010715059 -1.3114904591964214 4.611005783081055 2.241713285446167 1.6672759056091309 -3.1411718840620253 10.871278907719624 0.005640168236487294 7260 25 True
car 32.18181057808931 0.015853563935960047 -1.5830603799182572 4.855708599090576 2.0327565670013428 1.6493593454360962 0.0021522038590672116 15.670270045074004 0.06474374387211376 7242 32 True
car 48.88722614825457 -3.960114843996432 -1.6400697738549368 5.237514495849609 1.9297595024108887 1.638383150100708 -3.1413007809499103 3.7606352703112274 0.0033586979470116517 7243 10 True
motorcycle -14.75846309217701 -0.011713002396184446 -1.4535090051833377 2.0333523750305176 0.8025798797607422 1.4992752075195312 0.0007154454315543795 0.7586023758691284 0.00148798452172122 7257 36 True
pedestrian 19.440899923688903 20.06448638280967 -1.2888917731921108 0.3753577768802643 0.3753577768802643 1.8600000143051147 1.6078998600205316 -1.475627598142164 -0.0930861798937001 7251 0 True
pedestrian 41.621117998145735 -9.020673165097321 -1.3737702205734383 0.9953577518463135 0.3753577768802643 1.8600000143051147 3.133263900200738 3.138668750780837 -0.057519327457566716 7249 4 True
pedestrian 31.92040628910746 13.19514075217668 -1.327724038021703 0.3753577768802643 0.3753577768802643 1.8600000143051147 -1.7502857805913288 -1.6415598854266678 0.5995749227003616 7245 4 True
pedestrian 18.485237017775603 -1.6384485874857102 -2.14179974097385 0.3753577768802643 0.3753577768802643 1.8600000143051147 1.0574285895112356 0.3661700252046031 -0.10965590489776049 7247 6 True
pedestrian 19.224481622157782 27.573819282415858 -1.2879685873221578 0.3753577768802643 0.3753577768802643 1.8600000143051147 1.5893476297471787 -1.7551916085784438 -0.0778878447205192 7253 0 True