1.3302900447875743e-10 -3.198291353978533e-10
car 8.179018360604289 70.58154621172262 -1.3254451243430423 4.181210041046143 1.994117259979248 1.3805816173553467 -1.5705429320157367 0.0 0.0 20001 4 False
car -66.0990786208911 70.12222071131268 -1.3508956178957303 5.357479572296143 2.033203125 1.4147460460662842 -1.5705423993839687 0.0 0.0 20003 0 False
car 0.9638410286182193 93.10933429344571 -1.0607941742978375 4.4777727127075195 2.069315195083618 2.0377910137176514 0.000252467458216182 0.0 0.0 20011 0 False
car -0.031222269270983816 -7.975304590068788e-07 -1.3761317571003229 4.552699089050293 2.097072124481201 1.7671663761138916 0.0 1.330289972199194e-10 -3.198291180025247e-10 -100 1604 False
car 79.76628634247828 5.183534031639493 -1.5236164763736326 4.673638820648193 1.8118125200271606 1.441947340965271 1.207160500848982 -7.315805830242787 11.13681477770943 7244 0 True
car 55.89216224031014 0.06445578026212839 -1.551303617960846 4.673638820648193 1.8118125200271606 1.441947340965271 -0.00281868679674632 11.14407341348853 -0.06486227323387438 7255 8 True
car 23.92687276723342 117.00537852514718 -1.5517606624447762 4.673638820648193 1.8118125200271606 1.441947340965271 1.5726035511686536 -5.025866661964904 -0.017525554102660216 7258 0 False
truck -55.670880140389784 -4.033815617755443 -0.36085577458521967 8.46804141998291 2.8910882472991943 3.8274123668670654 -3.1412342019788952 9.854024931576253 0.006370000505240177 7261 34 True
car -97.86216355250372 -4.043745374251495 -1.4376659802576048 4.611005783081055 2.241713285446167 1.6672759056091309 -3.1410898587697345 13.647030766634446 0.00961879242283914 7260 0 True
car 81.46638442055121 34.81307640980395 -1.4566888192602825 4.855708599090576 2.0327565670013428 1.6493593454360962 1.5725379043032326 -12.52792009121898 -0.04264612350841121 7242 0 False
car 47.83886588638126 -3.9608525676186366 -1.4528067405529783 5.237514495849609 1.9297595024108887 1.638383150100708 -3.141118620885213 -9.699796111108793e-08 -7.646356935798159e-08 7243 7 True
motorcycle -6.59799373781874 -0.004765568987797231 -1.5064696748195456 2.0333523750305176 0.8025798797607422 1.4992753267288208 0.0007726841661620679 -1.5281469232744364e-07 -6.740282185018042e-09 7257 163 True
pedestrian 19.21889797783132 27.697420532282447 -1.2157929898470585 0.3753577768802643 0.3753577768802643 1.8600000143051147 1.593762214999305 -1.6785584131663487 -0.08544598188691824 7251 0 True
pedestrian 24.615290882819068 -7.783019171661384 -1.2146231516171822 0.3753577768802643 0.3753577768802643 1.8600000143051147 3.0675637716030546 0.9697638470344319 -0.14896147897586223 7249 4 True
pedestrian 27.94143894435865 8.85145563935644 -1.3189795682883272 0.3753577768802643 0.3753577768802643 1.8600000143051147 -2.8270142156414457 1.4183802085176789 1.0316032072897992 7245 3 True
pedestrian 18.640933145548274 -1.3447213875240294 -2.0827956147696725 0.3753577768802643 0.3753577768802643 1.8600000143051147 -2.047210281312307 -0.011264124590863124 -0.021052196167117215 7247 3 True
pedestrian 18.975047683897913 36.38604867930022 -1.2157908573899716 0.3753577768802643 0.3753577768802643 1.8600000143051147 1.6122260283991494 -1.8174230473284814 -0.10505391374598765 7253 1 True