-2.1538210451255146e-11 -1.2673823102105075e-10
car 8.179018360604289 70.58154621172262 -1.3254451243430423 4.181210041046143 1.994117259979248 1.3805816173553467 -1.5705429320157367 0.0 0.0 20001 5 False
car -66.0990786208911 70.12222071131268 -1.3508956178957303 5.357479572296143 2.033203125 1.4147460460662842 -1.5705423993839687 0.0 0.0 20003 0 False
car 0.9638410286182193 93.10933429344571 -1.0607941742978375 4.4777727127075195 2.069315195083618 2.0377910137176514 0.000252467458216182 0.0 0.0 20011 0 False
car -0.031222269270983816 -7.975304590068788e-07 -1.3761317571003229 4.552699089050293 2.097072124481201 1.7671663761138916 0.0 -2.1538209308110623e-11 -1.2673822412772612e-10 -100 1562 False
car 81.14205839909073 14.856713979544292 -1.5513424635808337 4.673638820648193 1.8118125200271606 1.441947340965271 1.5224461501964992 -11.375379557209573 1.0571383795514815 7244 0 False
car 64.81312404956839 0.05546128631662306 -1.5512521258090337 4.673638820648193 1.8118125200271606 1.441947340965271 6.501852638191648e-11 10.296963304171145 -0.002168482844252348 7255 3 True
truck -64.72930516268545 -4.037461550458967 -0.36082755766508745 8.46804141998291 2.8910882472991943 3.8274123668670654 -3.1411854661721126 10.261779304679507 0.007567633468190156 7261 29 True
car -110.14284796227776 -4.047982329722091 -1.4373964042178162 4.611005783081055 2.241713285446167 1.6672759056091309 -3.1411878630150687 13.486203967630415 0.00812355044681483 7260 0 True
car 81.45370144874198 43.03534037449127 -1.455670824058239 4.855708599090576 2.0327565670013428 1.6493593454360962 1.5719237798745898 -4.242217328911627 -0.009745179831841063 7242 0 False
car 47.83886588638126 -3.9608525676186366 -1.4528067405529783 5.237514495849609 1.9297595024108887 1.638383150100708 -3.141118620885213 -1.781964690705013e-08 -8.136079278113673e-09 7243 7 True
motorcycle -6.597993737818513 -0.004765568987799451 -1.5064694960056113 2.0333523750305176 0.8025798797607422 1.4992756843566895 0.0007726841661620679 5.324988812538199e-09 4.4526479319768445e-08 7257 162 True
pedestrian 19.186648985803288 29.223905402218477 -1.2157929235637615 0.3753577768802643 0.3753577768802643 1.8600000143051147 1.5925566029921636 -1.6895572220102946 -0.07193796028341305 7251 1 True
pedestrian 21.525085247693312 -7.560341919140465 -1.2146187281036476 0.9953577518463135 0.3753577768802643 1.8600000143051147 3.0696516881340874 3.5494936598513593 -0.5151976771867071 7249 7 True
pedestrian 26.440556188413495 8.363109838311562 -1.3189774277051431 0.3753577768802643 0.3753577768802643 1.8600000143051147 -2.8270142156414457 1.4183802085176789 1.0316032072897992 7245 5 True
pedestrian 18.67646853378909 -1.275630675831629 -2.082858175062605 0.3753577768802643 0.3753577768802643 1.8600000143051147 -2.047211213417901 -0.02867705863544817 -0.050651545947380625 7247 3 True
pedestrian 18.966908971875057 38.02692720047376 -1.2157908240866198 0.3753577768802643 0.3753577768802643 1.8600000143051147 1.5692948426250881 -1.8249072062793716 -0.0019499250124602337 7253 0 True