3.601447582244873 0.0018934656400233507
car 9.160832049308112 70.5750626848032 -1.3605174857307916 4.181210041046143 1.994117259979248 1.3805816173553467 -1.5713373736564749 0.0 0.0 20001 2 False
car -65.11710714688974 70.17474711019358 -1.0857238917124854 5.357479572296143 2.033203125 1.4147460460662842 -1.5713368410247066 0.0 0.0 20003 0 False
car 1.964682117757718 93.10857706930452 -1.0667886330276775 4.4777727127075195 2.069315195083618 2.0377910137176514 -0.0005419741825216984 0.0 0.0 20011 0 False
car 82.40547430500459 54.18011048074127 -1.8405061745282374 3.633375883102417 1.845113754272461 1.5012825727462769 1.5714864678343765 -8.685199312984945 -0.01965550650378409 7259 0 False
car -0.031277214299279876 -8.800951212251107e-07 -1.3761316109885056 4.552699089050293 2.097072124481201 1.7671663761138916 0.0 3.601447840993905 0.0018934656847567322 -100 1617 False
car 29.142003461971626 7.946303508733621 -1.6666619753467278 4.673638820648193 1.8118125200271606 1.441947340965271 -1.47372514530361 -7.546208348602525 -1.8102983835819015 7244 51 True
car 28.953011299314596 23.6128081885422 -1.6665026987483569 4.673638820648193 1.8118125200271606 1.441947340965271 -1.5689997859841351 -8.03986431069913 -0.022285597254590277 7255 16 True
car 24.946737391206057 55.62768324909998 -1.650044245247799 4.673638820648193 1.8118125200271606 1.441947340965271 1.5711117613855037 -10.892455499945617 -0.01294398684345348 7258 0 False
truck -10.088116672446063 -4.007153707963889 -0.3185899969091164 8.46804141998291 2.8910882472991943 3.8274123668670654 3.140115653907256 6.082514231008359 -0.007773880582125457 7261 2223 True
car -26.491140873607662 -3.9955043228237197 -1.3299992179622269 4.611005783081055 2.241713285446167 1.6672759056091309 3.1412696006328895 9.612141538162497 -0.0019723663331248785 7260 45 True
car 25.89052069695805 -0.031579218281590826 -1.565308200315647 4.855708599090576 2.0327565670013428 1.6493593454360962 0.003947792771755097 13.085354274017464 0.12171511003177854 7242 54 True
car 51.983700090312425 -3.999430970888743 -1.6608022888171354 5.237514495849609 1.9297595024108887 1.638383150100708 3.1397119190270204 4.014834684087573 -0.007159571881102043 7243 10 True
motorcycle -16.751292999231282 0.00016247086253673437 -1.4357660891473485 2.0333523750305176 0.8025798797607422 1.4992748498916626 -0.00029195259148492994 7.682048803807934 -0.00032640250417064186 7257 22 True
pedestrian 20.40073574563945 19.278132778591267 -1.2962704558420761 0.3753577768802643 0.3753577768802643 1.8600000143051147 1.5672436563274696 -1.5073761782343362 -0.0016779521581654488 7251 0 True
pedestrian 44.10848243798972 -9.071985825360805 -1.3909419829085652 0.9953577518463135 0.3753577768802643 1.8600000143051147 3.1244823788811464 3.1533760018805035 -0.10212872474302728 7249 1 True
pedestrian 33.00294733469468 13.982049596256653 -1.3377468241789057 0.3753577768802643 0.3753577768802643 1.8600000143051147 -1.5267044293832677 -0.8788581378605497 -0.2147271136619146 7245 1 True
pedestrian 18.92731481481684 -1.4185397720086876 -1.5342791423161164 0.3753577768802643 0.3753577768802643 1.8600000143051147 0.4480940970002381 0.6459560587952222 0.06616889321191342 7247 5 True
pedestrian 20.188482401751173 26.67380794832002 -1.2954144582861051 0.3753577768802643 0.3753577768802643 1.8600000143051147 1.6705364024873408 -1.7655562813365284 -0.37847098096164833 7253 0 True