-2.37256014834486e-09 2.085744910118592e-09
car 8.179018360604289 70.58154621172262 -1.3254451243430423 4.181210041046143 1.994117259979248 1.3805816173553467 -1.5705429320157367 0.0 0.0 20001 5 False
car -66.0990786208911 70.12222071131268 -1.3508956178957303 5.357479572296143 2.033203125 1.4147460460662842 -1.5705423993839687 0.0 0.0 20003 0 False
car 0.9638410286182193 93.10933429344571 -1.0607941742978375 4.4777727127075195 2.069315195083618 2.0377910137176514 0.000252467458216182 0.0 0.0 20011 0 False
car 81.39786756622573 81.21999966849009 -1.5089567329456381 3.633375883102417 1.845113754272461 1.5012825727462769 1.5721413599518668 -14.362536882135133 -0.035250557009610085 7259 0 False
car -0.031222269270983816 -7.975304590068788e-07 -1.3761317571003229 4.552699089050293 2.097072124481201 1.7671663761138916 0.0 -2.372560019311435e-09 2.085744796676968e-09 -100 1614 False
car 40.81019668174491 0.28559176451074286 -1.550857833862919 4.673638820648193 1.8118125200271606 1.441947340965271 -0.0803102429643472 7.278752328554327 -1.0617659220802134 7244 18 True
car 29.04893002160577 5.222124189308201 -1.5514784157481896 4.673638820648193 1.8118125200271606 1.441947340965271 -1.1783369995591906 -5.082702474094262 -5.814396912346737 7255 29 True
car 23.94919490308456 88.90266952317305 -1.5515283688205672 4.673638820648193 1.8118125200271606 1.441947340965271 1.5714990060395135 -13.702538146917378 -0.016619202669090567 7258 0 False
truck -27.626967669110343 -4.024114834162759 -0.3609700397684663 8.46804141998291 2.8910882472991943 3.8274123668670654 -3.1411114303563434 8.118299003536098 0.005880122512783972 7261 167 True
car -55.53721579951818 -4.029448553170932 -1.4375128437326596 4.611005783081055 2.241713285446167 1.6672759056091309 -3.141109033513387 13.624847340251671 0.009636860859198447 7260 5 True
car 62.77989215361828 0.049080199732883134 -1.4585412853365196 4.855708599090576 2.0327565670013428 1.6493593454360962 0.0008051787676753269 16.7517727023123 0.022758430518298782 7242 0 True
car 47.83886588638126 -3.9608525676186366 -1.4528067405529783 5.237514495849609 1.9297595024108887 1.638383150100708 -3.141118620885213 -7.371401562840334e-06 -4.564100308736458e-08 7243 9 True
motorcycle -10.230317237352892 -0.007663027348788987 -1.5061339114181205 2.0333523750305176 0.8025798797607422 1.4992746114730835 0.0008768101983384954 2.7828561277775186 0.004171527538199298 7257 65 True
pedestrian 19.32694131844795 22.859143495034473 -1.2157932082731777 0.3753577768802643 0.3753577768802643 1.8600000143051147 1.5865987171919078 -1.5271608602298579 -0.04835858316744965 7251 0 True
pedestrian 35.40998513662328 -8.806607537215786 -1.2146386070612438 0.9953577518463135 0.3753577768802643 1.8600000143051147 3.0502226128124663 3.544428479107319 -0.5484731744154215 7249 2 True
pedestrian 31.975997009051866 11.321563766912595 -1.2063324093268635 0.3753577768802643 0.3753577768802643 1.8600000143051147 -1.584474448542701 0.0 0.0 7245 2 True
pedestrian 18.540152778797278 -1.539977680062581 -2.0827959053134255 0.3753577768802643 0.3753577768802643 1.8600000143051147 -2.0472084171011184 0.021938710070162216 0.04363893314306663 7247 2 True
pedestrian 19.06292907921579 30.788616953506256 -1.2157910569956143 0.3753577768802643 0.3753577768802643 1.8600000143051147 1.627105363157484 -1.7902656413358533 -0.20342352840465777 7253 0 True