-4.6379358131787285e-09 -6.581688971607491e-09
car 8.179018360604289 70.58154621172262 -1.3254451243430423 4.181210041046143 1.994117259979248 1.3805816173553467 -1.5705429320157367 0.0 0.0 20001 1 False
car -66.0990786208911 70.12222071131268 -1.3508956178957303 5.357479572296143 2.033203125 1.4147460460662842 -1.5705423993839687 0.0 0.0 20003 0 False
car 0.9638410286182193 93.10933429344571 -1.0607941742978375 4.4777727127075195 2.069315195083618 2.0377910137176514 0.000252467458216182 0.0 0.0 20011 0 False
car -0.031222269270983816 -7.975304590068788e-07 -1.3761317571003229 4.552699089050293 2.097072124481201 1.7671663761138916 0.0 -4.6379355609396316e-09 -6.581688613635567e-09 -100 1553 False
car 45.35256625472698 0.12192757168567292 -1.5509880731768884 4.673638820648193 1.8118125200271606 1.441947340965271 -0.02135746239632368 9.949865214039036 -0.4071413725081031 7244 15 True
car 32.152700529652236 2.183353593005962 -1.5513652362721944 4.673638820648193 1.8118125200271606 1.441947340965271 -0.5589574261548784 4.723889733311199 -8.648833665022293 7255 33 True
car 23.94491254108732 95.2944378754077 -1.5515093240414046 4.673638820648193 1.8118125200271606 1.441947340965271 1.5714721081352234 -11.952021297633676 -0.012985382002561434 7258 0 False
truck -31.77241404590808 -4.025772979517301 -0.36095981814811706 8.46804141998291 2.8910882472991943 3.8274123668670654 -3.141246452509562 8.454482174517993 0.0019025100735893825 7261 112 True
car -62.3534687299132 -4.032463789829294 -1.4377887781081489 4.611005783081055 2.241713285446167 1.6672759056091309 -3.141263496726142 13.658494340494686 0.0059710871043240216 7260 5 True
car 71.4182934344949 0.3929090280416423 -1.4554141422786016 4.855708599090576 2.0327565670013428 1.6493593454360962 0.16797676314666538 15.936609904228979 5.495196437622966 7242 0 True
car 47.83886588638126 -3.9608525676186366 -1.4528067405529783 5.237514495849609 1.9297595024108887 1.638383150100708 -3.141118620885213 -4.1285592506687097e-07 -4.961253679666528e-08 7243 10 True
motorcycle -8.760072159354479 -0.006517183080152922 -1.5056243087297694 2.0333523750305176 0.8025798797607422 1.499274730682373 0.0008081229365869528 3.75435033491693 0.005112425503050587 7257 112 True
pedestrian 19.310022687541903 23.62504838652247 -1.2157931739603638 0.3753577768802643 0.3753577768802643 1.8600000143051147 1.5943136220372518 -1.531629005851133 -0.07041288093267284 7251 2 True
pedestrian 33.62575918760086 -8.624940043287285 -1.214636052307745 0.9953577518463135 0.3753577768802643 1.8600000143051147 3.0394485374069213 3.5122200535384427 -0.7262731047062658 7249 4 True
pedestrian 31.789669904672053 10.790142347934752 -1.2063321497990014 0.3753577768802643 0.3753577768802643 1.8600000143051147 -1.979849540019565 -0.5972673353877441 0.5050039892728363 7245 3 True
pedestrian 18.555221075475345 -1.5109633390659387 -2.0827926780326425 0.3753577768802643 0.3753577768802643 1.8600000143051147 -2.0472065528899295 0.019031348037540325 0.037346754285628246 7247 4 True
pedestrian 19.04567206816273 31.68494053698931 -1.2157910204771187 0.3753577768802643 0.3753577768802643 1.8600000143051147 1.573969219022115 -1.7737587556672278 -0.040005450102397165 7253 0 True