4.574243483990159e-10 3.522688252211026e-10
car 8.179018360604289 70.58154621172262 -1.3254451243430423 4.181210041046143 1.994117259979248 1.3805816173553467 -1.5705429320157367 0.0 0.0 20001 5 False
car -66.0990786208911 70.12222071131268 -1.3508956178957303 5.357479572296143 2.033203125 1.4147460460662842 -1.5705423993839687 0.0 0.0 20003 0 False
car 0.9638410286182193 93.10933429344571 -1.0607941742978375 4.4777727127075195 2.069315195083618 2.0377910137176514 0.000252467458216182 0.0 0.0 20011 0 False
car -0.031222269270983816 -7.975304590068788e-07 -1.3761317571003229 4.552699089050293 2.097072124481201 1.7671663761138916 0.0 4.5742432350322303e-10 3.5226880606162316e-10 -100 1562 False
car 80.97905704559935 9.49014012592944 -1.5491704272020455 4.673638820648193 1.8118125200271606 1.441947340965271 1.606918086513943 -10.145630579605688 -0.048750514090686335 7244 0 False
car 60.079725076787554 0.057464808719990046 -1.5515949358435575 4.673638820648193 1.8118125200271606 1.441947340965271 -0.0011068086841176782 9.526028657769237 -0.02257616445479327 7255 8 True
truck -59.65147057513849 -4.035411525504678 -0.3608432853972534 8.46804141998291 2.8910882472991943 3.8274123668670654 -3.14120304302046 10.039724790250682 0.005248803239626657 7261 21 True
car -103.32467219729153 -4.045862342112563 -1.4376584045238807 4.611005783081055 2.241713285446167 1.6672759056091309 -3.141262964094374 13.647138170321103 0.005418520817532711 7260 0 True
car 81.45937734695411 39.20109039577706 -1.457058061690524 4.855708599090576 2.0327565670013428 1.6493593454360962 1.572154808904012 -9.548218904640262 -0.02380330691511252 7242 0 False
car 47.83886588638126 -3.9608525676186366 -1.4528067405529783 5.237514495849609 1.9297595024108887 1.638383150100708 -3.141118620885213 -6.479439235666125e-09 1.4617285107388516e-07 7243 6 True
motorcycle -6.597993737818513 -0.004765568987799451 -1.5064694960056113 2.0333523750305176 0.8025798797607422 1.4992756843566895 0.0007726841661620679 -1.3384122395344227e-08 1.790259313170274e-08 7257 164 True
pedestrian 19.204839592202347 28.37648075358157 -1.2157929607722728 0.3753577768802643 0.3753577768802643 1.8600000143051147 1.5916150431840685 -1.6989483792274829 -0.07054114171893548 7251 0 True
pedestrian 23.313905918470255 -7.689249549290844 -1.2146212887334777 0.9953577518463135 0.3753577768802643 1.8600000143051147 3.0696002891684637 3.0664782796721264 -0.44613388431270157 7249 12 True
pedestrian 27.274379941581458 8.634413590933304 -1.3189786169180158 0.3753577768802643 0.3753577768802643 1.8600000143051147 -2.8270142156414457 1.4183802085176789 1.0316032072897992 7245 4 True
pedestrian 18.65645893154857 -1.3146299635204688 -2.0828822868345975 0.3753577768802643 0.3753577768802643 1.8600000143051147 -2.047210813944075 -0.021090452627419688 -0.035148236119870994 7247 4 True
pedestrian 18.97098640205303 37.11484174700666 -1.2157908419596446 0.3753577768802643 0.3753577768802643 1.8600000143051147 1.5694782011112638 -1.8224767175399654 -0.010881467236509106 7253 0 True