-5.897726751413757e-10 -2.066437243541941e-09
car 8.179018360604289 70.58154621172262 -1.3254451243430423 4.181210041046143 1.994117259979248 1.3805816173553467 -1.5705429320157367 0.0 0.0 20001 5 False
car -66.0990786208911 70.12222071131268 -1.3508956178957303 5.357479572296143 2.033203125 1.4147460460662842 -1.5705423993839687 0.0 0.0 20003 0 False
car 0.9638410286182193 93.10933429344571 -1.0607941742978375 4.4777727127075195 2.069315195083618 2.0377910137176514 0.000252467458216182 0.0 0.0 20011 0 False
car -0.031222269270983816 -7.975304590068788e-07 -1.3761317571003229 4.552699089050293 2.097072124481201 1.7671663761138916 0.0 -5.89772643068342e-10 -2.0664371311503543e-09 -100 1572 False
car 55.39210273294566 0.05844572595813169 -1.5511274862298416 4.673638820648193 1.8118125200271606 1.441947340965271 -0.0010359686589576304 14.378190661698003 -0.03666789908747328 7244 4 True
car 38.047578094529854 0.5835014798005447 -1.5514971909042896 4.673638820648193 1.8118125200271606 1.441947340965271 -0.14048334325032763 6.004647251985335 -1.5756731032510805 7255 23 True
car 23.937669083712535 103.72741947365579 -1.5514187225070786 4.673638820648193 1.8118125200271606 1.441947340965271 1.5717064661131965 -9.687569686845567 -0.015318882393747051 7258 0 False
truck -38.73533460053022 -4.0282247426706554 -0.36090980332277844 8.46804141998291 2.8910882472991943 3.8274123668670654 -3.141267491464403 8.93134450209627 0.003549875210845391 7261 80 True
car -73.28053124853369 -4.0345319750429605 -1.4377062704377916 4.611005783081055 2.241713285446167 1.6672759056091309 -3.1412933241051566 13.645507931924667 0.0036216015647408187 7260 0 True
car 80.85637980783491 6.960276991166856 -1.4111193116913145 4.855708599090576 2.0327565670013428 1.6493593454360962 1.3304802014901902 -10.1414355685562 8.28904653725007 7242 0 True
car 47.83886588638126 -3.9608525676186366 -1.4528067405529783 5.237514495849609 1.9297595024108887 1.638383150100708 -3.141118620885213 3.2709232318334887e-08 2.1469346609048945e-07 7243 9 True
motorcycle -6.80825980760045 -0.004940576617626036 -1.5064417174786948 2.0333523750305176 0.8025798797607422 1.4992746114730835 0.0008078390006822431 2.4209659433410042 0.0032964085699784007 7257 161 True
pedestrian 19.282975914581925 24.855906985398093 -1.215793119021389 0.3753577768802643 0.3753577768802643 1.8600000143051147 1.5945270742183262 -1.5399610968875337 -0.07093802152986288 7251 0 True
pedestrian 30.772390703660562 -8.363873367803524 -1.214631967085658 0.9953577518463135 0.3753577768802643 1.8600000143051147 3.036126246753269 3.510964472385181 -0.7342449362721527 7249 2 True
pedestrian 30.943174103708714 9.828131973401218 -1.2063309515764689 0.3753577768802643 0.3753577768802643 1.8600000143051147 -2.5727003895280625 0.36038898307568273 1.716172221660929 7245 1 True
pedestrian 18.579714574794934 -1.4633745956831348 -2.0828166288063787 0.3753577768802643 0.3753577768802643 1.8600000143051147 -2.047206952363756 0.011469118164334775 0.02463296468606453 7247 4 True
pedestrian 19.0309935419981 33.12164335032501 -1.215790980513762 0.3753577768802643 0.3753577768802643 1.8600000143051147 1.5727431006919013 -1.7811642185469443 -0.020657474855732525 7253 1 True