-1.7148357400742498e-08 1.5039217871049004e-08
car 8.179018360604289 70.58154621172262 -1.3254451243430423 4.181210041046143 1.994117259979248 1.3805816173553467 -1.5705429320157367 0.0 0.0 20001 1 False
car -66.0990786208911 70.12222071131268 -1.3508956178957303 5.357479572296143 2.033203125 1.4147460460662842 -1.5705423993839687 0.0 0.0 20003 0 False
car 0.9638410286182193 93.10933429344571 -1.0607941742978375 4.4777727127075195 2.069315195083618 2.0377910137176514 0.000252467458216182 0.0 0.0 20011 0 False
car 81.40170223169298 78.38465822277772 -1.509197638229351 3.633375883102417 1.845113754272461 1.5012825727462769 1.5721718531205917 -14.086948033969218 -0.035044421540456616 7259 0 False
car -0.031222269270983816 -7.975304590068788e-07 -1.3761317571003229 4.552699089050293 2.097072124481201 1.7671663761138916 0.0 -1.7148356468148532e-08 1.5039217053080838e-08 -100 1578 False
car 39.55223819310163 0.37951048754402583 -1.551018276942389 4.673638820648193 1.8118125200271606 1.441947340965271 -0.10453917939861615 5.464812099785038 -1.0617483954283635 7244 20 True
car 28.486073119569653 6.623936975657683 -1.5515411902260314 4.673638820648193 1.8118125200271606 1.441947340965271 -1.3488593264389037 -6.740883326104266 -3.6017290254555143 7255 35 True
car 23.95143772701971 86.0866834462038 -1.5515031964373494 4.673638820648193 1.8118125200271606 1.441947340965271 1.5716117908164131 -14.506561887122345 -0.02067411411458747 7258 0 False
truck -26.015059919328223 -4.023260271536461 -0.36099976374600495 8.46804141998291 2.8910882472991943 3.8274123668670654 -3.1410800050820242 7.98418117588149 0.006306352786770994 7261 240 True
car -52.800399714676416 -4.028132114828313 -1.437879929862187 4.611005783081055 2.241713285446167 1.6672759056091309 -3.141109566145155 13.738317372164566 0.00972072973667983 7260 5 True
car 59.4522255897316 0.04637117112270506 -1.4584782317651253 4.855708599090576 2.0327565670013428 1.6493593454360962 0.0008148598962165415 16.729690294166534 0.023114603893633824 7242 1 True
car 47.83883536880427 -3.96085257538835 -1.452807217346481 5.237514495849609 1.9297595024108887 1.638383150100708 -3.141118620885213 -9.958729283397564e-06 -1.8806774804022406e-07 7243 7 True
motorcycle -10.789826393011253 -0.00815428375097893 -1.5064612346099346 2.0333523750305176 0.8025798797607422 1.4992748498916626 0.0008767198225868244 2.6062032545591864 0.003907151132190718 7257 56 True
pedestrian 19.331779879924568 22.553488292223864 -1.2157932192296732 0.3753577768802643 0.3753577768802643 1.8600000143051147 1.5867113688108656 -1.5250071198524147 -0.04849642707033107 7251 2 True
pedestrian 36.12411322408195 -8.872419507692907 -1.214639629498298 0.9953577518463135 0.3753577768802643 1.8600000143051147 3.107366811002943 3.559055407432507 -0.2300677280665959 7249 4 True
pedestrian 31.967520137012173 11.413877283025844 -1.2063323959819945 0.3753577768802643 0.3753577768802643 1.8600000143051147 -1.6464356352861191 0.0 0.0 7245 0 True
pedestrian 18.53420478354724 -1.551495884725751 -2.0827950773929347 0.3753577768802643 0.3753577768802643 1.8600000143051147 -2.047208150785234 0.023981055974035763 0.046326127854285755 7247 1 True
pedestrian 19.083162303029383 30.428747377629854 -1.2157910906900187 0.3753577768802643 0.3753577768802643 1.8600000143051147 1.6278597028990853 -1.7882146308084803 -0.20544811887619138 7253 2 True