-0.0002993827511090785 1.836284127421095e-06
car 8.179246103698347 70.5815449505283 -1.3283305072947993 4.181210041046143 1.994117259979248 1.3805816173553467 -1.570542932048246 0.0 0.0 20001 3 False
car -66.09885642506771 70.12221944481843 -1.324791750361079 5.357479572296143 2.033203125 1.4147460460662842 -1.570542399416478 0.0 0.0 20003 0 False
car 0.9641724895283801 93.10933254485025 -1.0608224909263975 4.4777727127075195 2.069315195083618 2.0377910137176514 0.0002524674257069188 0.0 0.0 20011 0 False
car 81.42528099663076 62.00339567975281 -1.5411136913654526 3.633375883102417 1.845113754272461 1.5012825727462769 1.5723255173531856 -10.894166309924149 -0.031085541200400742 7259 0 False
car -0.031258042149147514 -9.609892712703072e-07 -1.3761319230014046 4.552699089050293 2.097072124481201 1.7671663761138916 0.0 -0.0002993827450758359 1.8362840208627231e-06 -100 1522 False
car 31.365505570269136 2.585811720668863 -1.5614875356668811 4.673638820648193 1.8118125200271606 1.441947340965271 -0.6847611882371686 2.265252761600628 -7.882727663464595 7244 48 True
car 28.018353098806926 16.786368003745626 -1.5622975697807773 4.673638820648193 1.8118125200271606 1.441947340965271 -1.5704551809644482 -7.425198956242446 -0.0005398587951872496 7255 30 True
car 23.9672646096966 65.94089639639975 -1.560208022015312 4.673638820648193 1.8118125200271606 1.441947340965271 1.5718207155949488 -14.386551484364263 -0.026055902782870042 7258 0 False
truck -16.25340837144222 -4.017621739218704 -0.354555290836442 8.46804141998291 2.8910882472991943 3.8274123668670654 -3.1411050388076354 6.976242122268186 0.005427096149717795 7261 653 True
car -35.94117624236401 -4.020454898531384 -1.4247805163564666 4.611005783081055 2.241713285446167 1.6672759056091309 -3.1412115651612593 11.598573839365454 0.0054354894718938096 7260 19 True
car 37.10163511169935 0.024483342844181077 -1.47533781907321 4.855708599090576 2.0327565670013428 1.6493593454360962 0.0012789151616453501 17.070872825840482 0.041144370633822085 7242 17 True
car 47.95995215030206 -3.9607956054205182 -1.4714810169789563 5.237514495849609 1.9297595024108887 1.638383150100708 -3.1411188872336067 2.3281079335805464 0.001437462122203225 7243 6 True
motorcycle -14.287652926246778 -0.011221619909806968 -1.5003846312690106 2.0333523750305176 0.8025798797607422 1.4992746114730835 0.0008524940822032383 1.6978886272640683 0.0034204027888051674 7257 37 True
pedestrian 19.3818432213032 20.55984906947773 -1.2231421402030431 0.3753577768802643 0.3753577768802643 1.8600000143051147 1.6826175775779304 -1.650245019639427 -0.33389200185994683 7251 0 True
pedestrian 40.656339580612894 -9.013348381514877 -1.2303520901773815 0.9953577518463135 0.3753577768802643 1.8600000143051147 3.134951543925519 3.136465737358465 -0.04847118003564017 7249 1 True
pedestrian 31.904426210605777 12.900428146839703 -1.2185825232349652 0.3753577768802643 0.3753577768802643 1.8600000143051147 -1.5956760941326136 -0.2141909459465033 0.04362350427848905 7245 1 True
pedestrian 18.496404652442607 -1.6244250914931095 -2.089835224157242 0.3753577768802643 0.3753577768802643 1.8600000143051147 1.0943853112887492 0.026298844877124784 0.051335580238582534 7247 1 True
pedestrian 19.212900482570547 28.101315724467455 -1.223060447192494 0.3753577768802643 0.3753577768802643 1.8600000143051147 1.5883237782983997 -1.7575315201988266 -0.062065347598050005 7253 3 True