1.0408592737709554e-10 -6.984642308971445e-10
car 8.179018360604289 70.58154621172262 -1.3254451243430423 4.181210041046143 1.994117259979248 1.3805816173553467 -1.5705429320157367 0.0 0.0 20001 3 False
car -66.0990786208911 70.12222071131268 -1.3508956178957303 5.357479572296143 2.033203125 1.4147460460662842 -1.5705423993839687 0.0 0.0 20003 0 False
car 0.9638410286182193 93.10933429344571 -1.0607941742978375 4.4777727127075195 2.069315195083618 2.0377910137176514 0.000252467458216182 0.0 0.0 20011 0 False
car -0.031222269270983816 -7.975304590068788e-07 -1.3761317571003229 4.552699089050293 2.097072124481201 1.7671663761138916 0.0 1.0408592170131506e-10 -6.984641929082601e-10 -100 1534 False
car 62.331129525508686 0.054998413753784 -1.551286901080564 4.673638820648193 1.8118125200271606 1.441947340965271 -1.917474365234375e-05 14.326157464472631 -0.004861030713734912 7244 0 True
car 41.85393071026431 0.27642518144111783 -1.5509802052768338 4.673638820648193 1.8118125200271606 1.441947340965271 -0.062243897699091166 9.675180620270984 -1.1272124791788773 7255 9 True
car 23.934219072949645 108.0485703512251 -1.551420150645472 4.673638820648193 1.8118125200271606 1.441947340965271 1.5716284355591668 -8.221266387264693 -0.012631309612568748 7258 0 False
truck -43.27116189154924 -4.029675433590215 -0.3608938972559377 8.46804141998291 2.8910882472991943 3.8274123668670654 -3.1412941230528086 9.20165024584979 0.003165731017376254 7261 55 True
car -80.10935753904323 -4.037082635605503 -1.4376894088056773 4.611005783081055 2.241713285446167 1.6672759056091309 -3.14116629142846 13.647447999991835 0.005998314989091812 7260 0 True
car 81.668489587794 13.886627435967414 -1.4663102299367545 4.855708599090576 2.0327565670013428 1.6493593454360962 1.6357881930834453 -15.612702217481345 -1.6765716922376552 7242 0 False
car 47.83886588638126 -3.9608525676186366 -1.4528067405529783 5.237514495849609 1.9297595024108887 1.638383150100708 -3.141118620885213 3.366682351440125e-08 1.4084343749188075e-07 7243 8 True
motorcycle -6.599061854254444 -0.004762503064256851 -1.5067598883069646 2.0333523750305176 0.8025798797607422 1.499274730682373 0.0007745264335978362 -0.0013348463369027084 -1.1774434912731094e-05 7257 156 True
pedestrian 19.267978141824983 25.62868263574434 -1.2157930873656853 0.3753577768802643 0.3753577768802643 1.8600000143051147 1.5893894413409762 -1.5457190534177572 -0.06078181175188526 7251 0 True
pedestrian 28.98923054605558 -8.17307846243368 -1.2146294137362972 0.9953577518463135 0.3753577768802643 1.8600000143051147 3.034925961063809 3.5054149715121437 -0.7600201254465261 7249 4 True
pedestrian 30.109380866903052 9.556832996920493 -1.206329762407187 0.3753577768802643 0.3753577768802643 1.8600000143051147 -2.82441257577006 1.3985148530169114 1.057556908475195 7245 4 True
pedestrian 18.595667403020002 -1.4324817977129882 -2.0827934501112924 0.3753577768802643 0.3753577768802643 1.8600000143051147 -2.04720788446935 0.006983513713309331 0.014079469928700327 7247 1 True
pedestrian 19.012910713989925 34.02520320430718 -1.215790942718402 0.3753577768802643 0.3753577768802643 1.8600000143051147 1.5952015191947089 -1.8076080869160285 -0.06444481345358259 7253 2 True