3.348661348212545e-10 3.902891898555083e-10
car 8.179018360604289 70.58154621172262 -1.3254451243430423 4.181210041046143 1.994117259979248 1.3805816173553467 -1.5705429320157367 0.0 0.0 20001 2 False
car -66.0990786208911 70.12222071131268 -1.3508956178957303 5.357479572296143 2.033203125 1.4147460460662842 -1.5705423993839687 0.0 0.0 20003 0 False
car 0.9638410286182193 93.10933429344571 -1.0607941742978375 4.4777727127075195 2.069315195083618 2.0377910137176514 0.000252467458216182 0.0 0.0 20011 0 False
car -0.031222269270983816 -7.975304590068788e-07 -1.3761317571003229 4.552699089050293 2.097072124481201 1.7671663761138916 0.0 3.3486611660590686e-10 3.902891686280596e-10 -100 1532 False
car 66.79557335021798 0.06764661742639477 -1.5511884427807008 4.673638820648193 1.8118125200271606 1.441947340965271 0.009883188436170419 15.229931611189526 0.32606753491277274 7244 0 True
car 44.99669064742517 0.1617029372181662 -1.551122985320682 4.673638820648193 1.8118125200271606 1.441947340965271 -0.026257680904812283 11.130654452354323 -0.5719011174866429 7255 17 True
car 23.932473643821595 110.34929776308083 -1.5514877690491011 4.673638820648193 1.8118125200271606 1.441947340965271 1.571567848695543 -7.203281375777412 -0.009492187955929474 7258 0 False
truck -46.05656208464319 -4.030508330707313 -0.36088681327900085 8.46804141998291 2.8910882472991943 3.8274123668670654 -3.1413106346376205 9.358744312998255 0.002917452548067657 7261 55 True
car -84.20603689707761 -4.038460620899087 -1.4376837868964032 4.611005783081055 2.241713285446167 1.6672759056091309 -3.14126402935791 13.64636480564249 0.005219095734307293 7260 0 True
car 81.48970585396933 18.847355411732938 -1.4582954085581 4.855708599090576 2.0327565670013428 1.6493593454360962 1.5725356406182185 -17.24858949980574 -0.24699922999702287 7242 0 False
car 47.83886588638126 -3.9608525676186366 -1.4528067405529783 5.237514495849609 1.9297595024108887 1.638383150100708 -3.141118620885213 2.10731180070922e-09 2.442111688368384e-09 7243 11 True
motorcycle -6.598146325812081 -0.004765369417361054 -1.5065053777834847 2.0333523750305176 0.8025798797607422 1.499274730682373 0.0007727401796225458 -0.00013020734569496066 -5.916321087290896e-07 7257 171 True
pedestrian 19.25781847990089 26.097573102705724 -1.215793066642467 0.3753577768802643 0.3753577768802643 1.8600000143051147 1.5843081342731051 -1.5688244003100882 -0.06651760364693986 7251 0 True
pedestrian 27.91931611724914 -8.058508445265868 -1.2146278816992244 0.9953577518463135 0.3753577768802643 1.8600000143051147 3.034916107376098 3.5053775438070685 -0.7603335383074151 7249 5 True
pedestrian 29.609086453122586 9.39405360785733 -1.318981946714202 0.3753577768802643 0.3753577768802643 1.8600000143051147 -2.8268501650568645 1.4168332126473908 1.0335439969620401 7245 5 True
pedestrian 18.605580738399794 -1.4133240693992586 -2.0828210162865815 0.3753577768802643 0.3753577768802643 1.8600000143051147 -2.047208683417002 0.0025189991226955834 0.007631533951775949 7247 2 True
pedestrian 19.007706460343798 34.568552101874026 -1.2157909281010437 0.3753577768802643 0.3753577768802643 1.8600000143051147 1.5926390277582805 -1.8109863562503523 -0.04659847978252657 7253 1 True