8.082358360290527 0.004090993199497461
car 16.250447765663182 70.57380528525323 -1.2954384355175028 4.181210041046143 1.994117259979248 1.3805816173553467 -1.5714153410450058 0.0 0.0 20001 0 False
car -58.02783853798448 70.17928093717667 -1.4627144084451333 5.357479572296143 2.033203125 1.4147460460662842 -1.5714148084132378 0.0 0.0 20003 0 False
car 9.054434354047714 93.10788017288272 -1.0445183394256592 4.4777727127075195 2.069315195083618 2.0377910137176514 -0.000619941571052995 0.0 0.0 20011 0 False
car 89.49897114683398 46.915910289879854 -1.3396869174338726 3.633375883102417 1.845113754272461 1.5012825727462769 1.5711821319443942 -5.55297114361295 -0.00783246963096616 7259 0 False
car -0.031221822689417422 -7.815141551681393e-07 -1.376131448194403 4.552699089050293 2.097072124481201 1.7671663761138916 0.0 8.082358108330206 0.004090993091373064 -100 1620 False
car 36.036326280345065 15.921477722891009 -1.4838748431234514 4.673638820648193 1.8118125200271606 1.441947340965271 -1.5709693950971468 -7.425525203117515 -0.0023366084355880058 7244 16 True
car 36.050400573749755 32.5283964535142 -1.483670721514519 4.673638820648193 1.8118125200271606 1.441947340965271 -1.5728402641826709 -8.267809558971766 0.030395121442754608 7255 15 True
car 32.03817467956276 46.66459089655212 -1.4910997134687487 4.673638820648193 1.8118125200271606 1.441947340965271 1.5705981012106498 -5.7485822257993 -0.0025485714248761923 7258 2 False
truck 2.444832203889291 -4.006383079326334 -0.3569855698775495 8.46804141998291 2.8910882472991943 3.8274123668670654 -3.14158356661187 5.140465402211533 0.003240141143859755 7261 10698 False
car -11.067394433171614 -3.9978407026526743 -1.4617312127586457 4.611005783081055 2.241713285446167 1.6672759056091309 3.1414520901789693 6.951258609245687 -0.00025688694597040244 7260 373 True
car 20.921111844606912 -0.0017802597033866885 -1.4198885613540315 4.855708599090576 2.0327565670013428 1.6493593454360962 -8.275245948963696e-05 14.10768636168562 0.00638493615100174 7242 81 True
car 60.570264705087254 -4.005103024430019 -1.338212166042203 5.237514495849609 1.9297595024108887 1.638383150100708 3.1379186110292565 -0.013133827062848488 4.47934963435674e-05 7243 7 True
motorcycle -17.00277472981577 0.003949743414760176 -1.539025395999225 2.0333523750305176 0.8025798797607422 1.4992746114730835 -0.0004571954695482531 7.24306513949973 -0.0021480632958538826 7257 24 True
pedestrian 27.54716324440102 17.731566182830264 -1.1642370875080248 0.3753577768802643 0.3753577768802643 1.8600000143051147 1.7199773437389296 -1.5231834074691633 -0.4714710831624578 7251 0 True
pedestrian 54.32543210691733 -9.098949509872677 -1.1119781428510496 0.9953577518463135 0.3753577768802643 1.8600000143051147 -3.140082610289306 3.0187198554809305 0.018551800685377103 7249 2 True
pedestrian 39.767614595728276 15.163018678960437 -1.131443066753135 0.3753577768802643 0.3753577768802643 1.8600000143051147 -1.2407314404390626 -1.1593450675755002 -0.8530442764194375 7245 1 True
pedestrian 25.14052641695565 -0.8046615871882092 -1.2720103017372906 0.9953577518463135 0.3753577768802643 1.8600000143051147 1.505342054349637 -3.5090086979880124 0.4789745931717637 7247 2 True
pedestrian 27.440438098980906 24.83597315998688 -1.1644362378784918 0.3753577768802643 0.3753577768802643 1.8600000143051147 1.6018164480878538 -1.741043921872246 -0.12359185630006549 7253 1 True