-2.6119163720750294e-08 3.2775375302662724e-08
car 8.179018360604289 70.58154621172262 -1.3254451243430423 4.181210041046143 1.994117259979248 1.3805816173553467 -1.5705429320157367 0.0 0.0 20001 6 False
car -66.0990786208911 70.12222071131268 -1.3508956178957303 5.357479572296143 2.033203125 1.4147460460662842 -1.5705423993839687 0.0 0.0 20003 0 False
car 0.9638410286182193 93.10933429344571 -1.0607941742978375 4.4777727127075195 2.069315195083618 2.0377910137176514 0.000252467458216182 0.0 0.0 20011 0 False
car 81.40733183378745 74.25279317943647 -1.5092316158691685 3.633375883102417 1.845113754272461 1.5012825727462769 1.5719703851543 -13.4330614142121 -0.028913603392636256 7259 0 False
car -0.031222269270983816 -7.975304590068788e-07 -1.3761317571003229 4.552699089050293 2.097072124481201 1.7671663761138916 0.0 -2.611916230022123e-08 3.277537352004175e-08 -100 1544 False
car 37.97538542118838 0.5366946453766235 -1.5515368445478064 4.673638820648193 1.8118125200271606 1.441947340965271 -0.13844126634083853 4.357718713301611 -1.1318141031615647 7244 20 True
car 28.08337276815581 9.10336574994699 -1.551134018146294 4.673638820648193 1.8118125200271606 1.441947340965271 -1.5311718569797939 -8.971389542133354 -0.8843570620291642 7255 34 True
car 23.95512408153968 81.5564261824024 -1.5513773765037637 4.673638820648193 1.8118125200271606 1.441947340965271 1.571664121887631 -15.662098854993337 -0.024086057552467968 7258 0 False
truck -23.647262386307887 -4.021960537037763 -0.36099027628666236 8.46804141998291 2.8910882472991943 3.8274123668670654 -3.1410182197969223 7.7853993196731714 0.005287716296491295 7261 264 True
car -48.66755718557931 -4.026133378786888 -1.4386978955940917 4.611005783081055 2.241713285446167 1.6672759056091309 -3.1411058377227783 13.68793148084778 0.009784459235296354 7260 4 True
car 54.25856211678558 0.04201952730060077 -1.4605661439108117 4.855708599090576 2.0327565670013428 1.6493593454360962 0.0008517341131576233 17.63567102246647 0.025630949213626766 7242 5 True
car 47.83883536883218 -3.9608526945976106 -1.4528088862765363 5.237514495849609 1.9297595024108887 1.638383150100708 -3.141118620885213 -0.00010273709816816566 8.82139779101875e-08 7243 13 True
motorcycle -11.519654112930994 -0.008794045569016973 -1.5051572330567995 2.0333523750305176 0.8025798797607422 1.4992749691009521 0.0008771486847868395 3.986325296369951 0.005980761606470397 7257 49 True
pedestrian 19.339037514785048 22.09581992582562 -1.215793235653369 0.3753577768802643 0.3753577768802643 1.8600000143051147 1.5869441288935342 -1.5217610643685768 -0.04958057864681161 7251 0 True
pedestrian 37.19339688836544 -8.906812377905151 -1.214641159574656 0.9953577518463135 0.3753577768802643 1.8600000143051147 3.1166050427051117 3.571511538981332 -0.18424099438565736 7249 2 True
pedestrian 31.98413272988404 11.490418645224446 -1.2063324187360922 0.3753577768802643 0.3753577768802643 1.8600000143051147 -1.5834258297492132 -1.1737572116606358 -0.010175736916438291 7245 0 True
pedestrian 18.525298036860363 -1.568723686181139 -2.0827916525132393 0.3753577768802643 0.3753577768802643 1.8600000143051147 -2.047208150785234 0.025201926444209165 0.04928071248908899 7247 4 True
pedestrian 19.114091794967237 29.889641250997922 -1.2157911420516128 0.3753577768802643 0.3753577768802643 1.8600000143051147 1.6289067237972685 -1.7851780613103945 -0.20872134501673562 7253 2 True