-2.137865856566279e-10 -1.8039177096529357e-10
car 8.179018360604289 70.58154621172262 -1.3254451243430423 4.181210041046143 1.994117259979248 1.3805816173553467 -1.5705429320157367 0.0 0.0 20001 5 False
car -66.0990786208911 70.12222071131268 -1.3508956178957303 5.357479572296143 2.033203125 1.4147460460662842 -1.5705423993839687 0.0 0.0 20003 0 False
car 0.9638410286182193 93.10933429344571 -1.0607941742978375 4.4777727127075195 2.069315195083618 2.0377910137176514 0.000252467458216182 0.0 0.0 20011 0 False
car -0.031222269270983816 -7.975304590068788e-07 -1.3761317571003229 4.552699089050293 2.097072124481201 1.7671663761138916 0.0 -2.1378657406213072e-10 -1.803917611537762e-10 -100 1582 False
car 76.79747483296069 2.3086641257750546 -1.5052272147247132 4.673638820648193 1.8118125200271606 1.441947340965271 0.6310636501856909 5.279810378739617 13.096826908185713 7244 0 True
car 52.64640111829999 0.07642843997546223 -1.5514550792695587 4.673638820648193 1.8118125200271606 1.441947340965271 -0.005460541406921214 10.253811182127187 -0.1100098692849644 7255 8 True
car 23.92839389257142 115.3459321874549 -1.5514320265154127 4.673638820648193 1.8118125200271606 1.441947340965271 1.5717325650698344 -6.676024990901781 -0.010954163204595347 7258 0 False
truck -52.7349367940659 -4.032745313107985 -0.3608647428427554 8.46804141998291 2.8910882472991943 3.8274123668670654 -3.1412600346196493 9.710075307280235 0.003983258417746464 7261 37 True
car -93.76530121235581 -4.041882875815734 -1.437671602422241 4.611005783081055 2.241713285446167 1.6672759056091309 -3.141091456665039 13.647098493195273 0.00930470816111999 7260 0 True
car 81.47600591840336 30.704409556992815 -1.45726800599008 4.855708599090576 2.0327565670013428 1.6493593454360962 1.5747797514152526 -14.958130233787704 -0.08632927259972352 7242 0 False
car 47.83886588638126 -3.9608525676186366 -1.4528067405529783 5.237514495849609 1.9297595024108887 1.638383150100708 -3.141118620885213 -4.331620427278994e-08 -1.9991931882341912e-08 7243 13 True
motorcycle -6.597993737819195 -0.004765568987793234 -1.5064699728427695 2.0333523750305176 0.8025798797607422 1.4992748498916626 0.0007726841661620679 -1.2973485467380772e-06 -1.950503286088983e-08 7257 178 True
pedestrian 19.232238778997726 27.199813834067985 -1.2157930155000083 0.3753577768802643 0.3753577768802643 1.8600000143051147 1.599709048690372 -1.5758151245665066 -0.07058643683411936 7251 0 True
pedestrian 25.460338562151605 -7.8456144453613765 -1.2146243612937266 0.9953577518463135 0.3753577768802643 1.8600000143051147 3.056592622443305 3.458445908364099 -0.5721229947156462 7249 2 True
pedestrian 28.44170267941155 9.014235022136987 -1.318980281772434 0.3753577768802643 0.3753577768802643 1.8600000143051147 -2.8270142156414457 1.4183802085176789 1.0316032072897992 7245 8 True
pedestrian 18.62989124583396 -1.3661815729786957 -2.082865545308045 0.3753577768802643 0.3753577768802643 1.8600000143051147 -2.0472093492067125 -0.008269603901677816 -0.011297736609764387 7247 0 True
pedestrian 18.990903406919756 35.83942185391275 -1.2157908872876482 0.3753577768802643 0.3753577768802643 1.8600000143051147 1.5783577053176032 -1.8171507346939562 -0.050462531165450825 7253 2 True