1.3999021386545962e-10 -5.203399378039819e-10
car 8.179018360604289 70.58154621172262 -1.3254451243430423 4.181210041046143 1.994117259979248 1.3805816173553467 -1.5705429320157367 0.0 0.0 20001 2 False
car -66.0990786208911 70.12222071131268 -1.3508956178957303 5.357479572296143 2.033203125 1.4147460460662842 -1.5705423993839687 0.0 0.0 20003 0 False
car 0.9638410286182193 93.10933429344571 -1.0607941742978375 4.4777727127075195 2.069315195083618 2.0377910137176514 0.000252467458216182 0.0 0.0 20011 0 False
car -0.031222269270983816 -7.975304590068788e-07 -1.3761317571003229 4.552699089050293 2.097072124481201 1.7671663761138916 0.0 1.3999020622802606e-10 -5.203399095030614e-10 -100 1561 False
car 69.86398967350993 0.20363023923247647 -1.550676177328871 4.673638820648193 1.8118125200271606 1.441947340965271 0.08328504132352935 14.950574604732124 2.476448878434545 7244 0 True
car 47.32073694548359 0.11990571898519686 -1.5511896105796397 4.673638820648193 1.8118125200271606 1.441947340965271 -0.013827119660115903 11.66070050045863 -0.32502336927600756 7255 6 True
car 23.931256603092663 111.77330106172438 -1.5513907121485002 4.673638820648193 1.8118125200271606 1.441947340965271 1.5717649224497474 -7.219536551101721 -0.013006456166383924 7258 0 False
truck -47.93946600990705 -4.0310475577200995 -0.36088078191070205 8.46804141998291 2.8910882472991943 3.8274123668670654 -3.1413207546412147 9.461312979587985 0.0027553750316191244 7261 50 True
car -86.93717683683701 -4.039290193870841 -1.4376826217945151 4.611005783081055 2.241713285446167 1.6672759056091309 -3.141268823043823 13.647058225512197 0.004909639175693365 7260 0 True
car 81.47119685574745 22.383733392991367 -1.4583549996473362 4.855708599090576 2.0327565670013428 1.6493593454360962 1.5643168661202322 -17.92113137364817 0.12588570066334825 7242 0 False
car 47.83886588638126 -3.9608525676186366 -1.4528067405529783 5.237514495849609 1.9297595024108887 1.638383150100708 -3.141118620885213 -4.046721418759204e-10 1.7938758234143596e-09 7243 8 True
motorcycle -6.598024255467635 -0.0047653383388430726 -1.5064779598215106 2.0333523750305176 0.8025798797607422 1.499274730682373 0.0007726837110323831 -4.0386587807237295e-05 -2.461560725493354e-07 7257 164 True
pedestrian 19.251451805328827 26.41200362756683 -1.2157930533841474 0.3753577768802643 0.3753577768802643 1.8600000143051147 1.5830070480215286 -1.5711640344366227 -0.059816113325601085 7251 0 True
pedestrian 27.206009313720983 -7.982128123698963 -1.2146268602975163 0.9953577518463135 0.3753577768802643 1.8600000143051147 3.034916107376098 3.5053775438070685 -0.7603335383074151 7249 5 True
pedestrian 29.2755569516126 9.285533060482893 -1.3189814710290402 0.3753577768802643 0.3753577768802643 1.8600000143051147 -2.8269889156324597 1.418203061141681 1.0321033497671133 7245 6 True
pedestrian 18.61238282227663 -1.4002207597738154 -2.082822068925349 0.3753577768802643 0.3753577768802643 1.8600000143051147 -2.0472089497328865 -0.0001232934090052218 0.0026120823071308645 7247 1 True
pedestrian 19.001876828415732 34.931191000411 -1.215790914974583 0.3753577768802643 0.3753577768802643 1.8600000143051147 1.5948562406510247 -1.8123427565174786 -0.060808059532057084 7253 2 True