-1.2213803302074666e-06 7.685481051566967e-08
car 8.179018360604289 70.58154621172262 -1.3254451243430423 4.181210041046143 1.994117259979248 1.3805816173553467 -1.5705429320157367 0.0 0.0 20001 4 False
car -66.0990786208911 70.12222071131268 -1.3508956178957303 5.357479572296143 2.033203125 1.4147460460662842 -1.5705423993839687 0.0 0.0 20003 0 False
car 0.9638410286182193 93.10933429344571 -1.0607941742978375 4.4777727127075195 2.069315195083618 2.0377910137176514 0.000252467458216182 0.0 0.0 20011 0 False
car 81.41384280681586 69.05642945357224 -1.5093212199555572 3.633375883102417 1.845113754272461 1.5012825727462769 1.5721050078336927 -12.513744903523229 -0.030280960204314183 7259 0 False
car -0.031222269270983816 -7.975304590068788e-07 -1.3761317571003229 4.552699089050293 2.097072124481201 1.7671663761138916 0.0 -1.2213802637804146e-06 7.685480633563346e-08 -100 1625 False
car 36.09378385838676 0.814751437340806 -1.5504932733132675 4.673638820648193 1.8118125200271606 1.441947340965271 -0.21221947142601014 6.572342324665411 -2.7935268677437 7244 21 True
car 28.01754803284217 12.333133973452025 -1.5514093740160464 4.673638820648193 1.8118125200271606 1.441947340965271 -1.5703124356180826 -7.182598230661388 -0.0044382017013971115 7255 26 True
car 23.959982035470887 75.18132057445318 -1.551220766998203 4.673638820648193 1.8118125200271606 1.441947340965271 1.5715341597362094 -16.08813208734084 -0.019259765368514183 7258 0 False
truck -20.59687829409529 -4.020212120606468 -0.36102098512543335 8.46804141998291 2.8910882472991943 3.8274123668670654 -3.1411596335313585 7.482854065815438 0.006600588507007111 7261 350 True
car -43.3286906290885 -4.023546257284136 -1.4388300469717221 4.611005783081055 2.241713285446167 1.6672759056091309 -3.141099978773329 12.928809792282845 0.009191560513724481 7260 12 True
car 47.46110879779178 0.03594539819039122 -1.457773479292759 4.855708599090576 2.0327565670013428 1.6493593454360962 0.0009230702946924916 16.476183973760204 0.02653356458701415 7242 6 True
car 47.83865226334535 -3.9608527412156627 -1.4528291515938263 5.237514495849609 1.9297595024108887 1.638383150100708 -3.141119153516981 -0.0010656493743635683 -1.3347775123242907e-06 7243 7 True
motorcycle -12.652863092721361 -0.009799244775170468 -1.5060548076729208 2.0333523750305176 0.8025798797607422 1.499274730682373 0.0008770830160751939 3.4254587108292665 0.005189294810116641 7257 35 True
pedestrian 19.34892760471672 21.48708640244178 -1.2157932578369952 0.3753577768802643 0.3753577768802643 1.8600000143051147 1.5883589320276048 -1.5171308932355754 -0.06102985316501957 7251 0 True
pedestrian 38.62117032265934 -8.940332917998223 -1.2146432024631593 0.9953577518463135 0.3753577768802643 1.8600000143051147 3.0644571968154906 3.5596406705288857 -0.4380590307492915 7249 3 True
pedestrian 31.98748354898555 11.993897551194829 -1.206332416883176 0.3753577768802643 0.3753577768802643 1.8600000143051147 -1.499615022613949 -1.4913227700474636 -0.23243260310634967 7245 1 True
pedestrian 18.513341009679436 -1.5917542995939515 -2.082823926528906 0.3753577768802643 0.3753577768802643 1.8600000143051147 1.0943868426375918 0.026145435291265923 0.05328900367528712 7247 2 True
pedestrian 19.156022524894865 29.17210736707978 -1.2157912115059828 0.3753577768802643 0.3753577768802643 1.8600000143051147 1.6297532088347542 -1.7818242989065167 -0.20769711231501478 7253 0 True