1.8551568267688445e-11 5.653634227442694e-10
car 8.179018360604289 70.58154621172262 -1.3254451243430423 4.181210041046143 1.994117259979248 1.3805816173553467 -1.5705429320157367 0.0 0.0 20001 3 False
car -66.0990786208911 70.12222071131268 -1.3508956178957303 5.357479572296143 2.033203125 1.4147460460662842 -1.5705423993839687 0.0 0.0 20003 0 False
car 0.9638410286182193 93.10933429344571 -1.0607941742978375 4.4777727127075195 2.069315195083618 2.0377910137176514 0.000252467458216182 0.0 0.0 20011 0 False
car -0.031222269270983816 -7.975304590068788e-07 -1.3761317571003229 4.552699089050293 2.097072124481201 1.7671663761138916 0.0 1.8551567211123463e-11 5.653633919949457e-10 -100 1532 False
car 77.93605503167458 3.148296127776627 -1.4938637763548328 4.673638820648193 1.8118125200271606 1.441947340965271 0.8093072069129944 1.0563075586734325 13.975526951807513 7244 0 True
car 53.69452854231292 0.0717242639285991 -1.5513388595163318 4.673638820648193 1.8118125200271606 1.441947340965271 -0.004508194765225053 10.71025749955232 -0.0960517825329927 7255 5 True
car 23.927838690771807 115.96837620218145 -1.5515414516322683 4.673638820648193 1.8118125200271606 1.441947340965271 1.5718095303603279 -5.770821451957465 -0.009887690299840815 7258 0 False
truck -53.708813668563664 -4.033074084305456 -0.36086191919376365 8.46804141998291 2.8910882472991943 3.8274123668670654 -3.141263496726142 9.75850290520648 0.003939099535909024 7261 36 True
car -95.13091690903562 -4.042492342714443 -1.4376695892969793 4.611005783081055 2.241713285446167 1.6672759056091309 -3.1410895924538504 13.647022252755955 0.009480817034368379 7260 0 True
car 81.47252369832944 32.155431779795165 -1.4568790615469784 4.855708599090576 2.0327565670013428 1.6493593454360962 1.5739073005790711 -14.138737007308276 -0.07121751968550036 7242 0 False
car 47.83886588638126 -3.9608525676186366 -1.4528067405529783 5.237514495849609 1.9297595024108887 1.638383150100708 -3.141118620885213 4.4255499218158476e-08 -3.536216097222808e-07 7243 6 True
motorcycle -6.597993737819195 -0.004765568987793234 -1.5064699728427695 2.0333523750305176 0.8025798797607422 1.499274730682373 0.0007726841661620679 -4.219722142186893e-07 7.942733469515823e-08 7257 157 True
pedestrian 19.225819611535997 27.36082675748406 -1.215793004191825 0.3753577768802643 0.3753577768802643 1.8600000143051147 1.6063151473524304 -1.5755958362367142 -0.09507619547144645 7251 0 True
pedestrian 25.46033856239444 -7.845615399035636 -1.2146243612937395 0.9953577518463135 0.3753577768802643 1.8600000143051147 3.056586230862088 3.4556001830554397 -0.5870946627574622 7249 0 True
pedestrian 28.27496844635425 8.959974279382358 -1.318980043973515 0.3753577768802643 0.3753577768802643 1.8600000143051147 -2.8270142156414457 1.4183802085176789 1.0316032072897992 7245 5 True
pedestrian 18.63349052817523 -1.3591430765587873 -2.0828010432371373 0.3753577768802643 0.3753577768802643 1.8600000143051147 -2.0472093492067125 -0.008404189060111943 -0.01481524745648985 7247 0 True
pedestrian 18.991528465671877 36.02138688826821 -1.2157908857797262 0.3753577768802643 0.3753577768802643 1.8600000143051147 1.571797679303487 -1.8185813685880865 -0.022917216205195788 7253 1 True