-1.0819765916547652e-10 5.544845693705724e-10
car 8.179018360604289 70.58154621172262 -1.3254451243430423 4.181210041046143 1.994117259979248 1.3805816173553467 -1.5705429320157367 0.0 0.0 20001 3 False
car -66.0990786208911 70.12222071131268 -1.3508956178957303 5.357479572296143 2.033203125 1.4147460460662842 -1.5705423993839687 0.0 0.0 20003 0 False
car 0.9638410286182193 93.10933429344571 -1.0607941742978375 4.4777727127075195 2.069315195083618 2.0377910137176514 0.000252467458216182 0.0 0.0 20011 0 False
car -0.031222269270983816 -7.975304590068788e-07 -1.3761317571003229 4.552699089050293 2.097072124481201 1.7671663761138916 0.0 -1.081976533181202e-10 5.544845392128856e-10 -100 1537 False
car 80.38019766540737 6.304608612451826 -1.5474189645566594 4.673638820648193 1.8118125200271606 1.441947340965271 1.3705488909844292 -9.956618708373426 7.098017871876628 7244 0 True
car 57.00898419865308 0.061849772672561976 -1.5513256600148178 4.673638820648193 1.8118125200271606 1.441947340965271 -0.0021965734117296008 11.069230844835293 -0.05037526240100797 7255 9 True
car 23.92592024698638 117.51027635655542 -1.551449339357491 4.673638820648193 1.8118125200271606 1.441947340965271 1.5726442974989148 -5.00835077643512 -0.015216645667064268 7258 0 False
truck -56.659054477777204 -4.034232906075827 -0.360852811275425 8.46804141998291 2.8910882472991943 3.8274123668670654 -3.1412062388110686 9.901119695546203 0.005169377671635436 7261 33 True
car -99.22779450208412 -4.044377971635854 -1.4376642651340532 4.611005783081055 2.241713285446167 1.6672759056091309 -3.1410898587697345 13.647073670219317 0.009642233381279855 7260 0 True
car 81.46415381852154 36.02280408917396 -1.4567648556267982 4.855708599090576 2.0327565670013428 1.6493593454360962 1.5722666615753171 -11.749925877884657 -0.033736943304025074 7242 0 False
car 47.83886588638126 -3.9608525676186366 -1.4528067405529783 5.237514495849609 1.9297595024108887 1.638383150100708 -3.141118620885213 -4.280266941354827e-09 7.122248306062476e-08 7243 12 True
motorcycle -6.59799373781874 -0.004765568987797231 -1.5064696748195456 2.0333523750305176 0.8025798797607422 1.4992754459381104 0.0007726841661620679 -1.771634824281537e-07 -1.0678060500220698e-08 7257 161 True
pedestrian 19.215375933282985 27.866473667830036 -1.2157929825771052 0.3753577768802643 0.3753577768802643 1.8600000143051147 1.5923182502759299 -1.6841356897652053 -0.07688807895505413 7251 1 True
pedestrian 24.257496231548657 -7.7572394653821215 -1.214622639447585 0.3753577768802643 0.3753577768802643 1.8600000143051147 3.0688173204693263 1.494006414299199 -0.22277857583161562 7249 6 True
pedestrian 27.774643675905963 8.79719583473663 -1.318979330402084 0.3753577768802643 0.3753577768802643 1.8600000143051147 -2.8270142156414457 1.4183802085176789 1.0316032072897992 7245 4 True
pedestrian 18.64477648436207 -1.3373529172558736 -2.082831099835145 0.3753577768802643 0.3753577768802643 1.8600000143051147 -2.0472098818384805 -0.014417609377332028 -0.024336787934247747 7247 1 True
pedestrian 18.968745232433093 36.56809205856705 -1.215790845971134 0.3753577768802643 0.3753577768802643 1.8600000143051147 1.6081609827448524 -1.8254994371839648 -0.12922351605807397 7253 2 True