6.526182372290634e-11 8.576503396362511e-10
car 8.179018360604289 70.58154621172262 -1.3254451243430423 4.181210041046143 1.994117259979248 1.3805816173553467 -1.5705429320157367 0.0 0.0 20001 1 False
car -66.0990786208911 70.12222071131268 -1.3508956178957303 5.357479572296143 2.033203125 1.4147460460662842 -1.5705423993839687 0.0 0.0 20003 0 False
car 0.9638410286182193 93.10933429344571 -1.0607941742978375 4.4777727127075195 2.069315195083618 2.0377910137176514 0.000252467458216182 0.0 0.0 20011 0 False
car -0.031222269270983816 -7.975304590068788e-07 -1.3761317571003229 4.552699089050293 2.097072124481201 1.7671663761138916 0.0 6.52618201690335e-11 8.576502929894863e-10 -100 1591 False
car 60.917860430402925 0.05517384770068956 -1.5513553916756315 4.673638820648193 1.8118125200271606 1.441947340965271 -0.0001917474690327007 13.915062769758643 -0.009330987221425857 7244 0 True
car 40.91663039994228 0.3311327309150349 -1.5510046129425266 4.673638820648193 1.8118125200271606 1.441947340965271 -0.07766945465800497 8.841713828211011 -1.2864945088899251 7255 19 True
car 23.934856478203926 107.22311579728883 -1.551479469075461 4.673638820648193 1.8118125200271606 1.441947340965271 1.5715293660502963 -8.254487224494895 -0.010216468667813635 7258 0 False
truck -42.353223726528086 -4.029391898702912 -0.36089580641954444 8.46804141998291 2.8910882472991943 3.8274123668670654 -3.1412887967351275 9.148429475437755 0.0032440118782743562 7261 69 True
car -78.74363500608567 -4.0365704162872005 -1.437695117573029 4.611005783081055 2.241713285446167 1.6672759056091309 -3.141086130347358 13.648522461724319 0.009329121847387815 7260 0 True
car 81.73879750836346 12.346313487806452 -1.475004701565802 4.855708599090576 2.0327565670013428 1.6493593454360962 1.650623053089142 -14.93894482829642 -1.5941820947163392 7242 0 False
car 47.83886588638126 -3.9608525676186366 -1.4528067405529783 5.237514495849609 1.9297595024108887 1.638383150100708 -3.141118620885213 -5.659476318939845e-08 -1.954730822445682e-07 7243 8 True
motorcycle -6.600160487831204 -0.004761471467492839 -1.5071065473493577 2.0333523750305176 0.8025798797607422 1.499274730682373 0.0007803155531498293 -0.002675299475938395 -2.5295545997648255e-06 7257 168 True
pedestrian 19.270519990616208 25.47390003318581 -1.2157930930450758 0.3753577768802643 0.3753577768802643 1.8600000143051147 1.592761932538774 -1.5445316862911938 -0.0636287652313854 7251 0 True
pedestrian 29.345868688303085 -8.211265766079212 -1.2146299244152845 0.9953577518463135 0.3753577768802643 1.8600000143051147 3.034945135807461 3.5054762158474757 -0.7595162767973384 7249 3 True
pedestrian 30.276115100445963 9.611091832326602 -1.2063300002061317 0.3753577768802643 0.3753577768802643 1.8600000143051147 -2.8205070533303154 1.3724208234478417 1.0918843382417678 7245 4 True
pedestrian 18.592403612046382 -1.4387266920778978 -2.082818688091902 0.3753577768802643 0.3753577768802643 1.8600000143051147 -2.047207751311408 0.007318397035129962 0.016747932422045534 7247 5 True
pedestrian 19.019365450317252 33.844350049364884 -1.215790954339373 0.3753577768802643 0.3753577768802643 1.8600000143051147 1.5783329379403854 -1.8071542741413575 -0.0487797843130406 7253 1 True