5.373348236083984 0.002371204784139991
car 28.08410537386993 70.58129612687738 -1.2734525752646983 4.181210041046143 1.994117259979248 1.3805816173553467 -1.5710981296337718 0.0 0.0 20001 0 False
car -46.19405503756417 70.1632101140363 -1.4391883575655766 5.357479572296143 2.033203125 1.4147460460662842 -1.5710975970020036 0.0 0.0 20003 0 False
car -79.90380929066231 82.85353446109231 -1.3625925393514016 4.1928300857543945 1.8161858320236206 1.4738311767578125 -1.5710975970020036 0.0 0.0 20009 0 False
car 20.880949517507872 93.11308632287627 -1.0223555636932646 4.4777727127075195 2.069315195083618 2.0377910137176514 -0.0003027301598187967 0.0 0.0 20011 0 False
car 101.3447253349172 41.125462064995816 -1.3188851820265937 3.633375883102417 1.845113754272461 1.5012825727462769 1.5716763102605862 -2.199362268928024 -0.004523677801786995 7259 0 False
car -0.031237399158840162 -8.988461148717874e-07 -1.3761318376660716 4.552699089050293 2.097072124481201 1.7671663761138916 0.0 5.3733480018219035 0.002371204789517473 -100 1567 False
car 47.88189685809391 31.314457094789027 -1.4617933804308603 4.673638820648193 1.8118125200271606 1.441947340965271 -1.5705107699514766 -6.159417564678325 -0.005667502383498725 7244 0 True
car 47.726643319778134 46.202161388072234 -1.462027027763027 4.673638820648193 1.8118125200271606 1.441947340965271 -1.4566110616033083 -6.257622443862851 -1.225475314125165 7255 0 False
car 43.8811160704243 37.425481255061676 -1.469181684235834 4.673638820648193 1.8118125200271606 1.441947340965271 1.5710624521478271 -5.404509358752005 -0.004428264860961915 7258 0 True
truck 20.936221055725355 -4.001379724298195 -0.3226586347209546 8.46804141998291 2.8910882472991943 3.8274123668670654 -3.141210428864983 3.3290042157222666 0.0023236825804572236 7261 321 True
car 8.161759667726983 -3.997797724336547 -1.4250099059285937 4.611005783081055 2.241713285446167 1.6672759056091309 -3.141526812135247 2.328502724535606 0.0007931414447040059 7260 712 True
car 13.966001323893806 0.002550633961758253 -1.4354116608851974 4.855708599090576 2.0327565670013428 1.6493593454360962 0.0006063792917434539 7.103842718294369 0.008615579257815436 7242 202 True
car 72.42656921789444 -3.983572158919339 -1.3173120765612096 5.237514495849609 1.9297595024108887 1.638383150100708 3.138235822440491 -0.002902957203361387 -9.814437072293548e-05 7243 0 True
motorcycle -15.664722656887534 0.0026673962368337634 -1.53546320191783 2.0333523750305176 0.8025798797607422 1.4992748498916626 -0.00020406022242922336 2.196831705896076 -0.00021501841169346072 7257 29 True
pedestrian 39.58019957633496 15.39976255457658 -1.1422109541672945 0.3753577768802643 0.3753577768802643 1.8600000143051147 1.5778987808916562 -1.372943150500937 -0.019128485923347434 7251 0 False
pedestrian 71.27798861472843 -9.062083940458441 -1.08126704546613 0.9953577518463135 0.3753577768802643 1.8600000143051147 -3.132970349096272 3.2244664415224715 0.0751232150098858 7249 0 False
pedestrian 51.227077817992495 17.446766170259394 -1.1107473066153157 0.3753577768802643 0.3753577768802643 1.8600000143051147 -1.3164467481373423 -1.0795269711863034 -0.6487474566633536 7245 1 True
pedestrian 36.644974453461714 -6.4859906052681255 -1.1469915209122854 0.9953577518463135 0.3753577768802643 1.8600000143051147 1.9035687523483955 -0.8324160535791679 -2.8828081259689395 7247 0 False
pedestrian 39.45564012163322 22.04223336852405 -1.1424296029960122 0.3753577768802643 0.3753577768802643 1.8600000143051147 1.5942894582920328 -1.6618526851587747 -0.07812485045861135 7253 0 False