7.669267177581787 0.0038205194287002087
car 25.588996046895943 70.57727786650126 -1.2491906913200772 4.181210041046143 1.994117259979248 1.3805816173553467 -1.571241428060232 0.0 0.0 20001 0 False
car -48.688985630354324 70.16983597128231 -1.5001789341104668 5.357479572296143 2.033203125 1.4147460460662842 -1.5712408954284638 0.0 0.0 20003 0 False
car -82.39698729113144 82.86499073254696 -1.4622707637566703 4.1928300857543945 1.8161858320236206 1.4738311767578125 -1.5712408954284638 0.0 0.0 20009 0 False
car 18.38878550575089 93.11009989547233 -1.0063565394598282 4.4777727127075195 2.069315195083618 2.0377910137176514 -0.0004460285862790645 0.0 0.0 20011 0 False
car 98.84423168494493 42.1244582589572 -1.2104986450286233 3.633375883102417 1.845113754272461 1.5012825727462769 1.5715071791933723 -2.8582372114105077 -0.005346530950362347 7259 0 False
car -0.03127153904875968 -8.715605372966451e-07 -1.3761318210745326 4.552699089050293 2.097072124481201 1.7671663761138916 0.0 7.6692671041092595 0.003820519261474429 -100 1567 False
car 45.38239368938855 28.05974369886869 -1.4147054492081605 4.673638820648193 1.8118125200271606 1.441947340965271 -1.5703503351121662 -9.558430958514862 -0.011340042064127368 7244 0 True
car 45.36592776563032 42.93942707816684 -1.414799242001088 4.673638820648193 1.8118125200271606 1.441947340965271 -1.5423649299095126 -9.169546407195575 -0.455482674753596 7255 0 False
car 41.38092786342253 39.7037308889071 -1.4268940423211727 4.673638820648193 1.8118125200271606 1.441947340965271 1.5710979848375135 -6.922695441616032 -0.006814691925838687 7258 0 True
truck 17.112111717379776 -4.004501360934295 -0.31017528939962435 8.46804141998291 2.8910882472991943 3.8274123668670654 -3.141405126257067 3.3702752232833055 0.002757557505911622 7261 518 True
car 4.495969056650608 -3.998924547407182 -1.4273189856093418 4.611005783081055 2.241713285446167 1.6672759056091309 3.1415258683913363 3.4588247275480217 0.0008997936698715913 7260 1945 True
car 14.831108209747072 0.001230743308921367 -1.4178933281856425 4.855708599090576 2.0327565670013428 1.6493593454360962 0.00020984703382352987 9.62293244042405 0.0070875349558770975 7242 175 True
car 69.92165044525507 -3.9939201424947792 -1.2421035878158337 5.237514495849609 1.9297595024108887 1.638383150100708 3.1380933229616828 -0.0002872626852573261 -1.2345645625944277e-05 7243 1 True
motorcycle -16.27662162194565 0.004186401002157059 -1.555209331915996 2.0333523750305176 0.8025798797607422 1.4992748498916626 -0.00038906855371170155 6.6311886053147004 -0.0015800971685451888 7257 23 True
pedestrian 37.07308809048726 15.944663406091127 -1.104776901825821 0.3753577768802643 0.3753577768802643 1.8600000143051147 1.5779205983133129 -1.3767905484802674 -0.01996713804213726 7251 0 True
pedestrian 67.4382407461261 -9.084887247377392 -1.0114918159682156 0.9953577518463135 0.3753577768802643 1.8600000143051147 -3.1351038261243156 3.322340675926135 0.05704829555103668 7249 0 False
pedestrian 48.821011967570314 16.745528321339286 -1.059641757230882 0.3753577768802643 0.3753577768802643 1.8600000143051147 -1.4695902530097085 -1.6922499836328126 -0.4600452304951825 7245 1 True
pedestrian 34.192768198753754 -5.0243792749569955 -1.2167348172874766 0.9953577518463135 0.3753577768802643 1.8600000143051147 1.5106032665096734 -3.6844978691681485 0.2580484905835184 7247 0 False
pedestrian 36.93766094061533 22.70291801886311 -1.1051727711333115 0.3753577768802643 0.3753577768802643 1.8600000143051147 1.5945335163189385 -1.6647880594834528 -0.0793820861285171 7253 0 False