3.354065636340664e-10 1.2926726355999563e-10
car 8.179018360604289 70.58154621172262 -1.3254451243430423 4.181210041046143 1.994117259979248 1.3805816173553467 -1.5705429320157367 0.0 0.0 20001 6 False
car -66.0990786208911 70.12222071131268 -1.3508956178957303 5.357479572296143 2.033203125 1.4147460460662842 -1.5705423993839687 0.0 0.0 20003 0 False
car 0.9638410286182193 93.10933429344571 -1.0607941742978375 4.4777727127075195 2.069315195083618 2.0377910137176514 0.000252467458216182 0.0 0.0 20011 0 False
car -0.031222269270983816 -7.975304590068788e-07 -1.3761317571003229 4.552699089050293 2.097072124481201 1.7671663761138916 0.0 3.3540654536256195e-10 1.2926725652942576e-10 -100 1560 False
car 63.78852697990294 0.055054275157575105 -1.5512346264672934 4.673638820648193 1.8118125200271606 1.441947340965271 0.00017310534089384598 14.785783682364459 0.0003288936029617673 7244 0 True
car 42.8663631967861 0.22997173824962314 -1.5509945883940655 4.673638820648193 1.8118125200271606 1.441947340965271 -0.04738824840969509 10.403566719606303 -0.9270295590592866 7255 9 True
car 23.933648131822963 108.85270076425805 -1.5514424909553979 4.673638820648193 1.8118125200271606 1.441947340965271 1.5716485424084132 -7.8742390849691475 -0.011357391285554425 7258 0 False
truck -44.19437959836392 -4.0299560211049075 -0.36089198053984783 8.46804141998291 2.8910882472991943 3.8274123668670654 -3.141299183054606 9.254445677064313 0.0030869966167085786 7261 63 True
car -81.47498853062604 -4.037550247342983 -1.4376858459358997 4.611005783081055 2.241713285446167 1.6672759056091309 -3.141236598821852 13.646627738734711 0.0060595082100556134 7260 0 True
car 81.5894382067824 15.487542300199369 -1.4605299352924745 4.855708599090576 2.0327565670013428 1.6493593454360962 1.6106776678492225 -16.22857577937962 -1.2490701156273478 7242 0 False
car 47.83886588638126 -3.9608525676186366 -1.4528067405529783 5.237514495849609 1.9297595024108887 1.638383150100708 -3.141118620885213 -1.2362731050181434e-10 -1.0402196797779026e-09 7243 6 True
motorcycle -6.598512537072736 -0.004764628187799769 -1.5065980624822315 2.0333523750305176 0.8025798797607422 1.499274730682373 0.0007730966436934346 -0.0006200100602577784 -7.221140662166625e-06 7257 162 True
pedestrian 19.264185051524066 25.78354693573067 -1.2157930798953014 0.3753577768802643 0.3753577768802643 1.8600000143051147 1.5927856346524556 -1.546726878073611 -0.06371372041863553 7251 0 True
pedestrian 28.63256188562474 -8.134888782372215 -1.2146289030136215 0.9953577518463135 0.3753577768802643 1.8600000143051147 3.034919036850823 3.5053916050867797 -0.7602142675732909 7249 4 True
pedestrian 29.942616106161324 9.502573200161443 -1.2132259011744018 0.3753577768802643 0.3753577768802643 1.8600000143051147 -2.8259750510618424 1.410085268392087 1.0426095846314374 7245 1 True
pedestrian 18.598900656965327 -1.4261607959902816 -2.082819397574695 0.3753577768802643 0.3753577768802643 1.8600000143051147 -2.0472084171011184 0.005003571602613632 0.012348689808022773 7247 2 True
pedestrian 19.01356652049634 34.2062641632343 -1.2157909412663996 0.3753577768802643 0.3753577768802643 1.8600000143051147 1.5783883316442702 -1.8090010568547743 -0.04967505825885096 7253 1 True