-1.863731746709618e-08 -1.3402443599375147e-08
car 8.179018360604289 70.58154621172262 -1.3254451243430423 4.181210041046143 1.994117259979248 1.3805816173553467 -1.5705429320157367 0.0 0.0 20001 4 False
car -66.0990786208911 70.12222071131268 -1.3508956178957303 5.357479572296143 2.033203125 1.4147460460662842 -1.5705423993839687 0.0 0.0 20003 0 False
car 0.9638410286182193 93.10933429344571 -1.0607941742978375 4.4777727127075195 2.069315195083618 2.0377910137176514 0.000252467458216182 0.0 0.0 20011 0 False
car 81.40552188637622 75.60827673448566 -1.5092183631554743 3.633375883102417 1.845113754272461 1.5012825727462769 1.5720856999320985 -13.653590348464311 -0.0342748738694437 7259 0 False
car -0.031222269270983816 -7.975304590068788e-07 -1.3761317571003229 4.552699089050293 2.097072124481201 1.7671663761138916 0.0 -1.8637316453466577e-08 -1.3402442870428623e-08 -100 1579 False
car 38.45910284370467 0.48246694570750037 -1.5512317057945406 4.673638820648193 1.8118125200271606 1.441947340965271 -0.1294120593181716 5.035441159096176 -1.2348541285736585 7244 19 True
car 28.164439605235827 8.216586572477336 -1.5512575870388021 4.673638820648193 1.8118125200271606 1.441947340965271 -1.4880688974605136 -8.569752123125268 -1.7039284538540804 7255 31 True
car 23.95375311250706 83.10555914221767 -1.551423011250753 4.673638820648193 1.8118125200271606 1.441947340965271 1.5717144555897182 -15.333031962748944 -0.02360212109211686 7258 0 False
truck -24.42961092389345 -4.022350694849369 -0.361007396154704 8.46804141998291 2.8910882472991943 3.8274123668670654 -3.141024078746372 7.868994164019084 0.006885032218889045 7261 234 True
car -50.04310633900974 -4.026800687838851 -1.4385180676043063 4.611005783081055 2.241713285446167 1.6672759056091309 -3.1411082345657344 13.778431348376673 0.009798615282964895 7260 7 True
car 56.02372898068859 0.04351964628661875 -1.4603616620508184 4.855708599090576 2.0327565670013428 1.6493593454360962 0.0008371317973730878 17.573913957231394 0.025035599188486156 7242 4 True
car 47.83886588637972 -3.9608525676186224 -1.4528078134365843 5.237514495849609 1.9297595024108887 1.638383150100708 -3.141118620885213 -6.26237150196154e-05 1.4181300300156897e-08 7243 6 True
motorcycle -11.176514541583344 -0.008492582946672211 -1.5066450982235764 2.0333523750305176 0.8025798797607422 1.4992746114730835 0.0008767663108331876 2.496410396437215 0.0037442212001826698 7257 64 True
pedestrian 19.33661833019704 22.248269872224135 -1.215793230180244 0.3753577768802643 0.3753577768802643 1.8600000143051147 1.5868533151770696 -1.5228396043638601 -0.04945959396096035 7251 1 True
pedestrian 36.835911331467855 -8.896423942803771 -1.2146406480503982 0.9953577518463135 0.3753577768802643 1.8600000143051147 3.1134854184392293 3.5811552301179983 -0.19270242298616735 7249 4 True
pedestrian 31.967520137012173 11.413877283025844 -1.2063323959819945 0.3753577768802643 0.3753577768802643 1.8600000143051147 -1.646429243704902 -1.0565403891956062 0.07457901038255114 7245 0 True
pedestrian 18.52825677690879 -1.5629695349191925 -2.0828256313173132 0.3753577768802643 0.3753577768802643 1.8600000143051147 -2.0472098818384805 0.023974368686954572 0.049335530720187246 7247 2 True
pedestrian 19.103731125003264 30.069251727530116 -1.215791124859564 0.3753577768802643 0.3753577768802643 1.8600000143051147 1.6285710326254104 -1.7861255198389625 -0.2081728160729977 7253 1 True