8.776885986328125 0.004615710116922855
car 23.948250459679684 70.5755396412644 -1.2614689171374525 4.181210041046143 1.994117259979248 1.3805816173553467 -1.5713108455125442 0.0 0.0 20001 0 False
car -50.32983616379212 70.17325395901 -1.4893113384511676 5.357479572296143 2.033203125 1.4147460460662842 -1.5713103128807762 0.0 0.0 20003 0 False
car -84.03694405418673 82.87074898806314 -1.440894253408103 4.1928300857543945 1.8161858320236206 1.4738311767578125 -1.5713103128807762 0.0 0.0 20009 0 False
car 16.749679891893607 93.10886207597183 -1.016382098925594 4.4777727127075195 2.069315195083618 2.0377910137176514 -0.000515446038591139 0.0 0.0 20011 0 False
car 97.20110131475337 42.72571995215775 -1.2456397509075983 3.633375883102417 1.845113754272461 1.5012825727462769 1.5714866307057853 -3.2081305725443463 -0.00731179068938568 7259 0 False
car -0.031239382561693674 -9.627238444220865e-07 -1.3761316275576345 4.552699089050293 2.097072124481201 1.7671663761138916 0.0 8.776886430898962 0.004615710098270911 -100 1573 False
car 43.73916272748045 26.03319600136399 -1.4332837535317933 4.673638820648193 1.8118125200271606 1.441947340965271 -1.5705403936599576 -10.258075105415113 -0.00966930157872395 7244 0 True
car 43.74650290399882 41.16359030690579 -1.4335154967042472 4.673638820648193 1.8118125200271606 1.441947340965271 -1.5587557826323462 -8.328884475496594 -0.17334522977519906 7255 0 False
car 39.73787768750225 41.15880827620435 -1.4442404404012894 4.673638820648193 1.8118125200271606 1.441947340965271 1.5700690312549321 -7.206951638900762 -0.0005313672578437399 7258 0 True
truck 14.783868390176053 -4.0057378389265725 -0.3222506359867774 8.46804141998291 2.8910882472991943 3.8274123668670654 -3.1414780058158716 3.5393162543044796 0.002627449536977027 7261 792 True
car 2.090717263663521 -3.999089033020537 -1.4352253133859487 4.611005783081055 2.241713285446167 1.6672759056091309 3.1414295530347345 4.0836698308960235 0.0007807446817999617 7260 3210 True
car 15.236672933113084 0.0002574686171519236 -1.4210965240642497 4.855708599090576 2.0327565670013428 1.6493593454360962 4.834289982811444e-06 10.827044645124385 0.005352065068740692 7242 155 True
car 68.27576016347342 -3.9987372689372274 -1.26822089742257 5.237514495849609 1.9297595024108887 1.638383150100708 3.1380239055093706 -0.00010490973567292352 -3.920613283739903e-07 7243 6 True
motorcycle -16.442293020703232 0.004760509208855845 -1.550865433731495 2.0333523750305176 0.8025798797607422 1.499274730682373 -0.000449528025723955 8.062526261320983 -0.0031830626616881786 7257 24 True
pedestrian 35.42269644814252 16.222763245372114 -1.1206709936889832 0.3753577768802643 0.3753577768802643 1.8600000143051147 1.5935620869673144 -1.3782393337311618 -0.04154294029454605 7251 0 True
pedestrian 65.13624800194242 -9.090637426077688 -1.038628581871365 0.9953577518463135 0.3753577768802643 1.8600000143051147 -3.1405195349491386 3.2874624801591126 0.025418357419092357 7249 1 True
pedestrian 47.17088456236485 16.391672719846802 -1.0791971960536866 0.3753577768802643 0.3753577768802643 1.8600000143051147 -1.5799687749033455 -1.7501116220829016 -0.11129341921660184 7245 2 True
pedestrian 32.59769974472363 -4.289775553587393 -1.2315840061433267 0.9953577518463135 0.3753577768802643 1.8600000143051147 1.5018620712405888 -3.663304551339077 0.4714117882769316 7247 2 True
pedestrian 35.25885216605434 23.067552012472497 -1.1211004386052696 0.3753577768802643 0.3753577768802643 1.8600000143051147 1.65401126527898 -1.8317111159326072 -0.25156102905660693 7253 0 False