-3.003330448336783e-06 1.0964647145783601e-07
car 8.179020838979 70.58154641276776 -1.3254626519460762 4.181210041046143 1.994117259979248 1.3805816173553467 -1.5705429320157367 0.0 0.0 20001 3 False
car -66.09907620954161 70.12222091336855 -1.350718361653852 5.357479572296143 2.033203125 1.4147460460662842 -1.5705423993839687 0.0 0.0 20003 0 False
car 0.9638442010397057 93.10933448402476 -1.0607918884113712 4.4777727127075195 2.069315195083618 2.0377910137176514 0.000252467458216182 0.0 0.0 20011 0 False
car 81.41577806985856 67.81590585563117 -1.5095677231335582 3.633375883102417 1.845113754272461 1.5012825727462769 1.5721392294247944 -12.27062530891674 -0.030535420274385914 7259 0 False
car -0.031219923800222205 -8.328988179151509e-07 -1.3761318551853838 4.552699089050293 2.097072124481201 1.7671663761138916 0.0 -3.003330285038493e-06 1.0964646549491579e-07 -100 1566 False
car 35.36990157957479 0.9629416675141833 -1.5502993942811831 4.673638820648193 1.8118125200271606 1.441947340965271 -0.2552822338915401 6.829734588230633 -3.5972925735913654 7244 13 True
car 28.017367549457674 13.049436058768086 -1.551494308350502 4.673638820648193 1.8118125200271606 1.441947340965271 -1.5705100420040554 -7.194909239598837 0.00015483180834265453 7255 38 True
car 23.96121689650829 73.57486814806435 -1.5512397737355053 4.673638820648193 1.8118125200271606 1.441947340965271 1.571505397620731 -16.003877480592433 -0.018375923205395887 7258 0 False
truck -19.85135944770832 -4.019893405186961 -0.3609655598992889 8.46804141998291 2.8910882472991943 3.8274123668670654 -3.1413431251754758 7.358312654770871 0.0038828220230679306 7261 417 True
car -42.04344079266815 -4.022942264458276 -1.4387489026059503 4.611005783081055 2.241713285446167 1.6672759056091309 -3.1411029082480533 12.721641328374448 0.008861474483754682 7260 14 True
car 45.80888964381393 0.03435980031203778 -1.4581110760756304 4.855708599090576 2.0327565670013428 1.6493593454360962 0.0009550451055965904 16.642207851834232 0.027896760045513582 7242 3 True
car 47.838410267122356 -3.9608527165008343 -1.452976108693056 5.237514495849609 1.9297595024108887 1.638383150100708 -3.141119153516981 -0.00198805048081945 -2.377196935310838e-06 7243 10 True
motorcycle -12.954924012841957 -0.010079312228891357 -1.5075620160218652 2.0333523750305176 0.8025798797607422 1.4992748498916626 0.0008768320445633598 2.3744904164505716 0.003546791875423383 7257 53 True
pedestrian 19.351379937873844 21.335166903409217 -1.2158420392338511 0.3753577768802643 0.3753577768802643 1.8600000143051147 1.5900975752766926 -1.5153502508352477 -0.07691898624032156 7251 0 True
pedestrian 38.978541475198995 -8.969954889984013 -1.2147451627460026 0.9953577518463135 0.3753577768802643 1.8600000143051147 3.0827190096172754 3.1956384259131094 -0.23460733657438643 7249 3 True
pedestrian 31.97697763456182 12.155626792844657 -1.2064146505776596 0.3753577768802643 0.3753577768802643 1.8600000143051147 -1.4902845124579536 -1.2324702955513573 -0.2138749644719358 7245 2 True
pedestrian 18.510413241294827 -1.5973586044401231 -2.082843117328755 0.3753577768802643 0.3753577768802643 1.8600000143051147 1.0943851781633165 0.02656641203755767 0.052392227459536235 7247 3 True
pedestrian 19.16662998589078 28.992951098360756 -1.2158392175494042 0.3753577768802643 0.3753577768802643 1.8600000143051147 1.6293839618615042 -1.781684831924567 -0.20154822682512377 7253 2 True