7.6673583984375 0.0040338183753192425
car 20.5100158505345 70.57544949224693 -1.3528173238750596 4.181210041046143 1.994117259979248 1.3805816173553467 -1.5713143161364638 0.0 0.0 20001 0 False
car -53.76838469282535 70.17342109435545 -1.2775016111761928 5.357479572296143 2.033203125 1.4147460460662842 -1.5713137835046955 0.0 0.0 20003 0 True
car 13.312583404552697 93.10879746329482 -1.0784003171860053 4.4777727127075195 2.069315195083618 2.0377910137176514 -0.0005189166625108794 0.0 0.0 20011 0 False
car 93.76135051426672 44.16115963154345 -1.6359689523110426 3.633375883102417 1.845113754272461 1.5012825727462769 1.5713653153031688 -3.965766196196383 -0.006728918168601173 7259 0 False
car -0.031241026855866494 -6.808869752461533e-07 -1.3761316516085438 4.552699089050293 2.097072124481201 1.7671663761138916 0.0 7.667359048332452 0.004033818397647637 -100 1625 False
car 40.3006791067765 21.50181045943301 -1.6054609731703726 4.673638820648193 1.8118125200271606 1.441947340965271 -1.570679419068864 -11.527221262322307 -0.008404018147694741 7244 10 True
car 40.31811240678536 37.93350935455189 -1.605496904907659 4.673638820648193 1.8118125200271606 1.441947340965271 -1.5667219650317277 -8.650864866068437 -0.05228056849142759 7255 3 False
car 36.29885343154177 43.59379423125672 -1.6006672254906562 4.673638820648193 1.8118125200271606 1.441947340965271 1.56877526017274 -4.522622435603477 0.009222577993903783 7258 0 False
truck 9.717753953867032 -4.0060085752497105 -0.3749013661953722 8.46804141998291 2.8910882472991943 3.8274123668670654 -3.141525684876546 4.574555063528026 0.003010405498751292 7261 2182 True
car -3.2358133008769983 -3.9990439149226877 -1.434310145314892 4.611005783081055 2.241713285446167 1.6672759056091309 3.14137068870693 5.243595987225176 0.0010516121636513845 7260 2699 True
car 16.59604294806445 0.00016421526389964747 -1.4830926391287944 4.855708599090576 2.0327565670013428 1.6493593454360962 1.1059618828300801e-05 13.076914577828825 0.007061420541362801 7242 123 True
car 64.83687141210663 -3.9989811539951656 -1.5403255364989936 5.237514495849609 1.9297595024108887 1.638383150100708 3.138020434885451 -1.2432080049939978e-05 -8.08584639117451e-08 7243 4 True
motorcycle -16.64801345620782 0.003632470246200281 -1.4854037945524556 2.0333523750305176 0.8025798797607422 1.4992748498916626 -0.0003566774779470741 6.39617845855157 -0.0013881480944550552 7257 24 True
pedestrian 31.952673310103364 16.802125543618597 -1.2586931804221466 0.3753577768802643 0.3753577768802643 1.8600000143051147 1.6628585367459212 -1.4223489412286912 -0.1697619161519995 7251 0 True
pedestrian 60.44071009799342 -9.08453780296461 -1.2962052283307692 0.9953577518463135 0.3753577768802643 1.8600000143051147 -3.140614085605407 3.114861387716027 -0.019567744883026882 7249 2 True
pedestrian 43.80309699588855 15.88983900858764 -1.2653074755997866 0.3753577768802643 0.3753577768802643 1.8600000143051147 -1.4540495734352514 -1.1638382502899267 -0.24976475519873031 7245 0 True
pedestrian 29.26322804391583 -2.816144053099879 -1.3582166994356386 0.9953577518463135 0.3753577768802643 1.8600000143051147 1.5002415305686547 -3.6572074636116803 0.5169135555838539 7247 4 True
pedestrian 31.75972127606053 23.79058192861013 -1.258428833230823 0.3753577768802643 0.3753577768802643 1.8600000143051147 1.6462350992628754 -1.7829562131571568 -0.2914581315018799 7253 0 True