-1.548346451052396e-10 1.2453175157745022e-09
car 8.179018360604289 70.58154621172262 -1.3254451243430423 4.181210041046143 1.994117259979248 1.3805816173553467 -1.5705429320157367 0.0 0.0 20001 3 False
car -66.0990786208911 70.12222071131268 -1.3508956178957303 5.357479572296143 2.033203125 1.4147460460662842 -1.5705423993839687 0.0 0.0 20003 0 False
car 0.9638410286182193 93.10933429344571 -1.0607941742978375 4.4777727127075195 2.069315195083618 2.0377910137176514 0.000252467458216182 0.0 0.0 20011 0 False
car -0.031222269270983816 -7.975304590068788e-07 -1.3761317571003229 4.552699089050293 2.097072124481201 1.7671663761138916 0.0 -1.5483463673186067e-10 1.2453174480431242e-09 -100 1606 False
car 80.74344177815186 7.409390697634263 -1.5503881981398393 4.673638820648193 1.8118125200271606 1.441947340965271 1.5049631781976487 -10.597338901185946 3.471835042429344 7244 0 True
car 58.09058869947086 0.059919536945751695 -1.5514420058335778 4.673638820648193 1.8118125200271606 1.441947340965271 -0.0016921711273193358 10.567393126396412 -0.037362532472542155 7255 5 True
truck -57.651882752834865 -4.034622769050725 -0.3608494836798892 8.46804141998291 2.8910882472991943 3.8274123668670654 -3.141201445125156 9.947768657642882 0.005219715434008327 7261 41 True
car -100.59342547558043 -4.04491663210565 -1.4376623711952927 4.611005783081055 2.241713285446167 1.6672759056091309 -3.1411732156414454 13.647113216850753 0.0060687528701133045 7260 0 True
car 81.46227841956653 37.1559022199068 -1.4568629472315706 4.855708599090576 2.0327565670013428 1.6493593454360962 1.5721968868136933 -10.993542718202537 -0.029925377193571124 7242 0 False
car 47.83886588638126 -3.9608525676186366 -1.4528067405529783 5.237514495849609 1.9297595024108887 1.638383150100708 -3.141118620885213 -2.55422149843136e-08 9.60715896231026e-08 7243 9 True
motorcycle -6.59799373781874 -0.004765568987797231 -1.5064696748195456 2.0333523750305176 0.8025798797607422 1.4992754459381104 0.0007726841661620679 -1.3680433735059834e-08 3.798606954990571e-09 7257 161 True
pedestrian 19.211914800543013 28.03601128544092 -1.2157929753878916 0.3753577768802643 0.3753577768802643 1.8600000143051147 1.5917636474473742 -1.6893205242052078 -0.07293626670872433 7251 2 True
pedestrian 24.02943419532778 -7.740846170684932 -1.2146223129858653 0.9953577518463135 0.3753577768802643 1.8600000143051147 3.0693193259107803 2.01822879713213 -0.2965672839865432 7249 6 True
pedestrian 27.607909442848666 8.742935091982002 -1.318979092603165 0.3753577768802643 0.3753577768802643 1.8600000143051147 -2.8270142156414457 1.4183802085176789 1.0316032072897992 7245 9 True
pedestrian 18.648589272286358 -1.329853264942914 -2.0828054155884823 0.3753577768802643 0.3753577768802643 1.8600000143051147 -2.0472098818384805 -0.014778802351782033 -0.028788505374019044 7247 2 True
pedestrian 18.969583854004043 36.75029365852693 -1.2157908447655932 0.3753577768802643 0.3753577768802643 1.8600000143051147 1.5830774885728622 -1.8194178334981972 -0.08797807155810555 7253 0 True