1.0419788643023509e-10 -1.0486270879406234e-10
car 8.179018360604289 70.58154621172262 -1.3254451243430423 4.181210041046143 1.994117259979248 1.3805816173553467 -1.5705429320157367 0.0 0.0 20001 3 False
car -66.0990786208911 70.12222071131268 -1.3508956178957303 5.357479572296143 2.033203125 1.4147460460662842 -1.5705423993839687 0.0 0.0 20003 0 False
car 0.9638410286182193 93.10933429344571 -1.0607941742978375 4.4777727127075195 2.069315195083618 2.0377910137176514 0.000252467458216182 0.0 0.0 20011 0 False
car -0.031222269270983816 -7.975304590068788e-07 -1.3761317571003229 4.552699089050293 2.097072124481201 1.7671663761138916 0.0 1.0419788072455923e-10 -1.048627030904729e-10 -100 1587 False
car 81.32047370102032 19.733735442384017 -1.5517245413846559 4.673638820648193 1.8118125200271606 1.441947340965271 1.5416182306900024 -7.77925428111445 0.4379115701808278 7244 0 False
car 70.49120794197063 0.12114641853844077 -1.5511438396337665 4.673638820648193 1.8118125200271606 1.441947340965271 0.04134477950338522 12.694361568600284 1.1772237478173169 7255 6 True
truck -69.91526345831687 -4.039793496139877 -0.36081179447374834 8.46804141998291 2.8910882472991943 3.8274123668670654 -3.141153774581909 10.472650477092277 0.006510715844735876 7261 15 True
car -116.41230242172372 -4.050050590353873 -1.4354774644825912 4.611005783081055 2.241713285446167 1.6672759056091309 -3.141352978863186 11.509946364084414 0.0024309635806905173 7260 0 True
car 81.45318740609298 43.376240666574994 -1.4584337921313235 4.855708599090576 2.0327565670013428 1.6493593454360962 1.5718839656499226 0.011569127235416681 1.9343922797214233e-05 7242 0 False
car 47.83886588638126 -3.9608525676186366 -1.4528067405529783 5.237514495849609 1.9297595024108887 1.638383150100708 -3.141118620885213 -2.526077667102578e-08 9.089240642850026e-08 7243 9 True
motorcycle -6.597993737818513 -0.004765568987799451 -1.5064694960056113 2.0333523750305176 0.8025798797607422 1.4992756843566895 0.0007726841661620679 5.83476934525283e-09 -1.828345815359e-08 7257 148 True
pedestrian 19.167331639150916 30.061863592675323 -1.2157928848683996 0.3753577768802643 0.3753577768802643 1.8600000143051147 1.5944900563104418 -1.6710355229213127 -0.07789480159713057 7251 0 True
pedestrian 19.751376711311423 -7.454738241882413 -1.2146161893995258 0.9953577518463135 0.3753577768802643 1.8600000143051147 3.0996053008778888 3.487241046407177 -0.35858573884695316 7249 11 True
pedestrian 25.606701917669284 8.091806077920097 -1.3189762384486146 0.3753577768802643 0.3753577768802643 1.8600000143051147 -2.8270118187984887 1.4183776873439695 1.0316065644950934 7245 3 True
pedestrian 18.69632568396065 -1.2371646501122737 -2.082795707490655 0.3753577768802643 0.3753577768802643 1.8600000143051147 -2.047212012365553 -0.03227023846281875 -0.0616820622360846 7247 6 True
pedestrian 18.968385367638177 38.94047891169258 -1.2157908141390499 0.3753577768802643 0.3753577768802643 1.8600000143051147 1.569704702770657 -1.8276800992426552 0.005898931134246244 7253 0 True