6.984987258911133 0.0033553021494299173
car 26.320618159471735 70.57816014795539 -1.2636517568906116 4.181210041046143 1.994117259979248 1.3805816173553467 -1.5712086955234217 0.0 0.0 20001 0 False
car -47.95749836452978 70.16828674615437 -1.4668513729430983 5.357479572296143 2.033203125 1.4147460460662842 -1.5712081628916537 0.0 0.0 20003 0 False
car -81.66588516251647 82.86233871760138 -1.4072618967771051 4.1928300857543945 1.8161858320236206 1.4738311767578125 -1.5712081628916537 0.0 0.0 20009 0 False
car 19.1198275567005 93.11074761474391 -1.0161949694998627 4.4777727127075195 2.069315195083618 2.0377910137176514 -0.0004132960494685107 0.0 0.0 20011 0 False
car 99.5770792767699 41.84955022741865 -1.2720710509426123 3.633375883102417 1.845113754272461 1.5012825727462769 1.5715469691011106 -2.689293157584946 -0.005154772179170086 7259 0 False
car -0.03126973956574375 -8.590789351003991e-07 -1.376132118693562 4.552699089050293 2.097072124481201 1.7671663761138916 0.0 6.984987590257622 0.0033553023687898104 -100 1610 False
car 46.11488495360112 28.987768671914857 -1.4418557105785688 4.673638820648193 1.8118125200271606 1.441947340965271 -1.5703548867991242 -8.897116972169465 -0.010750847976141297 7244 0 True
car 46.07610498404898 43.85083861220729 -1.441963406770902 4.673638820648193 1.8118125200271606 1.441947340965271 -1.5267250213032304 -8.814347713374744 -0.6662950337824333 7255 0 False
car 42.11357598531657 39.06169969576999 -1.4516643990313447 4.673638820648193 1.8118125200271606 1.441947340965271 1.5710450968175989 -5.702347092323614 -0.006112074146677269 7258 0 True
truck 18.18250317894075 -4.003825102688754 -0.318084935523562 8.46804141998291 2.8910882472991943 3.8274123668670654 -3.1413729263520245 3.3281186587892835 0.0030484752807209926 7261 477 True
car 5.562958784117029 -3.998720503015346 -1.42732428085136 4.611005783081055 2.241713285446167 1.6672759056091309 3.141560997771103 3.157584473051949 0.002127639134696147 7260 1391 True
car 14.629725428782308 0.0015977264729705176 -1.4277130434590326 4.855708599090576 2.0327565670013428 1.6493593454360962 0.0003202380236372765 9.015984677575752 0.008030711311284617 7242 158 True
car 70.65567966621012 -3.9915923106686866 -1.2850587561874396 5.237514495849609 1.9297595024108887 1.638383150100708 3.138126055498493 -0.00020478753582695657 -9.05007176554047e-06 7243 0 True
motorcycle -16.167755322156324 0.0038938326230506526 -1.5440259796134106 2.0333523750305176 0.8025798797607422 1.4992749691009521 -0.00037521280502903067 5.781547797597664 -0.004189537814431712 7257 30 True
pedestrian 37.807600847444576 15.808131908225352 -1.1266007720341848 0.3753577768802643 0.3753577768802643 1.8600000143051147 1.5779088560974857 -1.3758167206205185 -0.019944041279441365 7251 0 False
pedestrian 68.50315170715942 -9.080713595066698 -1.0520526877229646 0.9953577518463135 0.3753577768802643 1.8600000143051147 -3.1325264453153085 3.340902149535674 0.06969929619028221 7249 0 False
pedestrian 49.542073735456825 16.9220910815652 -1.0890559295721471 0.3753577768802643 0.3753577768802643 1.8600000143051147 -1.4243601196834252 -1.6481179808949953 -0.5992382534459586 7245 0 True
pedestrian 34.9028681643436 -5.391761367184188 -1.2367567277980138 0.9953577518463135 0.3753577768802643 1.8600000143051147 1.5261178734925052 -3.692656271078359 -0.08046954294484412 7247 0 False
pedestrian 37.67490055640849 22.537477215828496 -1.126905424579205 0.3753577768802643 0.3753577768802643 1.8600000143051147 1.5944703751374874 -1.6640148633057894 -0.07925852740485688 7253 0 False