9.431287750771844e-09 5.284650494985499e-09
car 8.179018360604289 70.58154621172262 -1.3254451243430423 4.181210041046143 1.994117259979248 1.3805816173553467 -1.5705429320157367 0.0 0.0 20001 3 False
car -66.0990786208911 70.12222071131268 -1.3508956178957303 5.357479572296143 2.033203125 1.4147460460662842 -1.5705423993839687 0.0 0.0 20003 0 False
car 0.9638410286182193 93.10933429344571 -1.0607941742978375 4.4777727127075195 2.069315195083618 2.0377910137176514 0.000252467458216182 0.0 0.0 20011 0 False
car 81.39419081977655 84.15426388442495 -1.5093396487941957 3.633375883102417 1.845113754272461 1.5012825727462769 1.5717872929840087 -14.936102081935593 -0.023739451808896615 7259 0 False
car -0.031222269270983816 -7.975304590068788e-07 -1.3761317571003229 4.552699089050293 2.097072124481201 1.7671663761138916 0.0 9.431287237795077e-09 5.284650207558399e-09 -100 1511 False
car 42.44995759892208 0.20342986994255963 -1.5507761976995225 4.673638820648193 1.8118125200271606 1.441947340965271 -0.05105702435088157 8.854981726643981 -0.8239078934811385 7244 15 True
car 29.96498248789061 3.8787833605192716 -1.5513861646123916 4.673638820648193 1.8118125200271606 1.441947340965271 -0.9538294469267528 -2.025598221761025 -8.272510504040104 7255 43 True
car 23.94726593367153 91.56470212699963 -1.5515252910834354 4.673638820648193 1.8118125200271606 1.441947340965271 1.5713990044250488 -12.964098816897895 -0.013024191737278278 7258 0 False
truck -29.26484588793653 -4.024930470874738 -0.36094993459181834 8.46804141998291 2.8910882472991943 3.8274123668670654 -3.141135398785909 8.253597883401335 0.005578706729270409 7261 151 True
car -58.2603447529529 -4.0307579305096155 -1.4376041369009585 4.611005783081055 2.241713285446167 1.6672759056091309 -3.1411082345657344 13.606103678739162 0.009637279344402916 7260 5 True
car 66.19605700549647 0.062343423815942156 -1.459970007778197 4.855708599090576 2.0327565670013428 1.6493593454360962 0.009197806823501985 17.432802726302803 0.3671933063625154 7242 1 True
car 47.83886588638126 -3.9608525676186366 -1.4528067405529783 5.237514495849609 1.9297595024108887 1.638383150100708 -3.141118620885213 -7.933539190207104e-07 1.4987821154610658e-07 7243 6 True
motorcycle -9.677888143450275 -0.007239615456110293 -1.5064125189178816 2.0333523750305176 0.8025798797607422 1.4992746114730835 0.0008064502049587252 2.753743456432024 0.0042101614693691005 7257 62 True
pedestrian 19.320912467575397 23.165206567409097 -1.2157931956085752 0.3753577768802643 0.3753577768802643 1.8600000143051147 1.5912981272820366 -1.5290646887047223 -0.055578914462062826 7251 0 True
pedestrian 34.69622167408613 -8.734566073238561 -1.2146375850635558 0.9953577518463135 0.3753577768802643 1.8600000143051147 3.0410794558809067 3.519561531201697 -0.6905908258586186 7249 2 True
pedestrian 31.940281352518696 11.121463310727643 -1.2063323608766905 0.3753577768802643 0.3753577768802643 1.8600000143051147 -1.705237783012814 -0.2788265245428874 0.04796247019566066 7245 3 True
pedestrian 18.54616179605688 -1.5284078720429108 -2.082802962005907 0.3753577768802643 0.3753577768802643 1.8600000143051147 -2.047212411839379 0.02065483072717384 0.041679925597045975 7247 2 True
pedestrian 19.046480130043165 31.14811365251819 -1.2157910287195797 0.3753577768802643 0.3753577768802643 1.8600000143051147 1.614633790306939 -1.7945855570870828 -0.179601204909692 7253 1 True