5.9819159507751465 0.0031780933495610952
car 10.092631273614302 70.57485023945098 -1.3470541391773783 4.181210041046143 1.994117259979248 1.3805816173553467 -1.5713581207106413 0.0 0.0 20001 0 False
car -64.18569115717966 70.17607566878533 -1.2074089815584834 5.357479572296143 2.033203125 1.4147460460662842 -1.5713575880788733 0.0 0.0 20003 0 False
car 2.8964265012755277 93.10851284835152 -1.066420133082406 4.4777727127075195 2.069315195083618 2.0377910137176514 -0.0005627212366882729 0.0 0.0 20011 0 False
car 83.33862995888171 52.49188939948818 -1.693827073751323 3.633375883102417 1.845113754272461 1.5012825727462769 1.5713474765276874 -8.14913430313256 -0.013615412079006104 7259 0 False
car -0.03125234003186961 -8.418207322336002e-07 -1.37613180885206 4.552699089050293 2.097072124481201 1.7671663761138916 0.0 5.9819160441876 0.0031780931725661644 -100 1598 False
car 29.933246586007897 9.453717471449458 -1.616936587353985 4.673638820648193 1.8118125200271606 1.441947340965271 -1.5377354740321405 -7.5790335941107525 -0.6551063506144216 7244 41 True
car 29.883820324211683 25.263371992396358 -1.6170839295950556 4.673638820648193 1.8118125200271606 1.441947340965271 -1.5691036235941285 -8.308117360890725 -0.017960954745937775 7255 9 True
car 25.87903693626646 53.45828596842841 -1.6077806711381344 4.673638820648193 1.8118125200271606 1.441947340965271 1.5712065954250196 -10.44492411883311 -0.014043752185677104 7258 0 False
truck -7.96954506938863 -4.006407956308541 -0.34283079231733327 8.46804141998291 2.8910882472991943 3.8274123668670654 3.1412352714686356 5.8192524949285644 0.00042413497087576954 7261 3570 True
car -23.680578979305892 -3.995783709480861 -1.3856045724684067 4.611005783081055 2.241713285446167 1.6672759056091309 3.1412690935859113 9.091663983047075 -0.0018283905778953297 7260 64 True
car 24.308331954391804 -0.04629395628225774 -1.5237137510185925 4.855708599090576 2.0327565670013428 1.6493593454360962 0.002166894079899415 12.01553035076402 0.09037489760963036 7242 48 True
car 53.5972554069823 -4.000941894804235 -1.5709627367531698 5.237514495849609 1.9297595024108887 1.638383150100708 3.1389518790787023 2.7505429643162254 -0.007961953617402935 7243 6 True
motorcycle -17.27353414387801 0.0009221525014762033 -1.4669198133652341 2.0333523750305176 0.8025798797607422 1.499274730682373 -0.00031303067122394633 6.8021161000148505 -0.0005144616917101941 7257 22 True
pedestrian 21.330893303188873 18.979821118513076 -1.2623528082781972 0.3753577768802643 0.3753577768802643 1.8600000143051147 1.5726573512034379 -1.5048590548953453 -0.012177645536467593 7251 1 True
pedestrian 45.66932507065246 -9.083771052207297 -1.3152907198846653 0.9953577518463135 0.3753577768802643 1.8600000143051147 3.1264360977914034 3.152274754313029 -0.07949043470583032 7249 1 True
pedestrian 33.94613985916851 14.170887647295991 -1.2809286342854644 0.3753577768802643 0.3753577768802643 1.8600000143051147 -1.3269208854735197 -0.830801156308813 -0.536000770769003 7245 0 True
pedestrian 19.686988771541905 -1.3343966278088262 -1.4292022953767713 0.3753577768802643 0.3753577768802643 1.8600000143051147 0.5261284050370817 0.7074729256072394 0.03456771327247769 7247 7 True
pedestrian 21.15614342559917 26.317148851050767 -1.261966387802646 0.3753577768802643 0.3753577768802643 1.8600000143051147 1.6814014503520824 -1.8514151293037713 -0.3966292197533843 7253 2 True