1.5135394326737384e-10 6.700453525354533e-10
car 8.179018360604289 70.58154621172262 -1.3254451243430423 4.181210041046143 1.994117259979248 1.3805816173553467 -1.5705429320157367 0.0 0.0 20001 1 False
car -66.0990786208911 70.12222071131268 -1.3508956178957303 5.357479572296143 2.033203125 1.4147460460662842 -1.5705423993839687 0.0 0.0 20003 0 False
car 0.9638410286182193 93.10933429344571 -1.0607941742978375 4.4777727127075195 2.069315195083618 2.0377910137176514 0.000252467458216182 0.0 0.0 20011 0 False
car -0.031222269270983816 -7.975304590068788e-07 -1.3761317571003229 4.552699089050293 2.097072124481201 1.7671663761138916 0.0 1.5135393501782735e-10 6.700453160924161e-10 -100 1542 False
car 81.09214782197444 13.714369189414693 -1.5511784944898692 4.673638820648193 1.8118125200271606 1.441947340965271 1.5244673545985752 -11.286751843249398 1.0243775157111437 7244 0 False
car 63.813215587932575 0.05549662841788283 -1.5513604275792625 4.673638820648193 1.8118125200271606 1.441947340965271 -0.00023595584076818905 9.675202602666873 -0.006344899143275308 7255 6 True
truck -63.70490647551665 -4.0369828258152545 -0.36083081121199134 8.46804141998291 2.8910882472991943 3.8274123668670654 -3.14122008723704 10.218268930649494 0.005022138535466263 7261 23 True
car -108.78605181248932 -4.047504569550426 -1.4376077958454514 4.611005783081055 2.241713285446167 1.6672759056091309 -3.1412712198867796 13.615978992978244 0.0047229231859335224 7260 0 True
car 81.45451004721116 42.4963963331864 -1.4573734390074282 4.855708599090576 2.0327565670013428 1.6493593454360962 1.5720501467615764 -6.75457807521701 -0.016404420689261692 7242 0 False
car 47.83886588638126 -3.9608525676186366 -1.4528067405529783 5.237514495849609 1.9297595024108887 1.638383150100708 -3.141118620885213 -1.0034167923008015e-07 -1.1406387439810628e-07 7243 11 True
motorcycle -6.597993737818513 -0.004765568987799451 -1.5064694960056113 2.0333523750305176 0.8025798797607422 1.4992756843566895 0.0007726841661620679 -4.05575468637401e-09 5.300004055623403e-08 7257 155 True
pedestrian 19.19035404014477 29.055228060947478 -1.2157929310905513 0.3753577768802643 0.3753577768802643 1.8600000143051147 1.5922864255277844 -1.6935795698635672 -0.07156740140543576 7251 0 True
pedestrian 21.88281886393247 -7.586122117796298 -1.21461924018594 0.9953577518463135 0.3753577768802643 1.8600000143051147 3.0696516881340874 3.54949190334209 -0.5152220518829685 7249 9 True
pedestrian 26.607320939289934 8.41736963516165 -1.3189776655477305 0.3753577768802643 0.3753577768802643 1.8600000143051147 -2.8270142156414457 1.4183802085176789 1.0316032072897992 7245 4 True
pedestrian 18.67250322902288 -1.2834088994827821 -2.0827959869472084 0.3753577768802643 0.3753577768802643 1.8600000143051147 -2.047210281312307 -0.02532692964400907 -0.04820133245051839 7247 1 True
pedestrian 18.966406131052793 37.844382363247355 -1.2157908257770296 0.3753577768802643 0.3753577768802643 1.8600000143051147 1.5712775643819172 -1.8243090046358195 -0.01572410850844861 7253 0 True