1.331049576114296e-10 -1.0417856854960661e-10
car 8.179018360604289 70.58154621172262 -1.3254451243430423 4.181210041046143 1.994117259979248 1.3805816173553467 -1.5705429320157367 0.0 0.0 20001 3 False
car -66.0990786208911 70.12222071131268 -1.3508956178957303 5.357479572296143 2.033203125 1.4147460460662842 -1.5705423993839687 0.0 0.0 20003 0 False
car 0.9638410286182193 93.10933429344571 -1.0607941742978375 4.4777727127075195 2.069315195083618 2.0377910137176514 0.000252467458216182 0.0 0.0 20011 0 False
car -0.031222269270983816 -7.975304590068788e-07 -1.3761317571003229 4.552699089050293 2.097072124481201 1.7671663761138916 0.0 1.3310495033655912e-10 -1.0417856288324347e-10 -100 1573 False
car 71.34606132336819 0.38060588339201207 -1.550266009784964 4.673638820648193 1.8118125200271606 1.441947340965271 0.15579948599274954 14.130269080108752 4.4153236371188695 7244 0 True
car 48.46066344958484 0.10654075645224292 -1.551360876252824 4.673638820648193 1.8118125200271606 1.441947340965271 -0.010547172191732459 11.117694668789268 -0.23737092375184013 7255 5 True
car 23.930672960492416 112.5074546645167 -1.5513188184206128 4.673638820648193 1.8118125200271606 1.441947340965271 1.5718091308865016 -7.446728698919022 -0.01291714356630558 7258 0 False
truck -48.88856260400587 -4.031403160085477 -0.3608772784547982 8.46804141998291 2.8910882472991943 3.8274123668670654 -3.1412879977874755 9.511941864989808 0.005193615718743024 7261 44 True
car -88.30279258644873 -4.039691759780959 -1.4376810855035917 4.611005783081055 2.241713285446167 1.6672759056091309 -3.141268823043823 13.647309060430247 0.004851854941491666 7260 0 True
car 81.47498606979735 24.1619440532731 -1.4584244210052928 4.855708599090576 2.0327565670013428 1.6493593454360962 1.566623827465905 -17.57225946250461 0.10533168330205345 7242 0 False
car 47.83886588638126 -3.9608525676186366 -1.4528067405529783 5.237514495849609 1.9297595024108887 1.638383150100708 -3.141118620885213 -9.566064564677388e-10 -2.0438928200412153e-09 7243 8 True
motorcycle -6.597993737824311 -0.0047655689877461604 -1.506473549121456 2.0333523750305176 0.8025798797607422 1.499274730682373 0.0007726845237639629 -1.8518070548606665e-05 3.2688742117891614e-08 7257 176 True
pedestrian 19.245125134616956 26.569308688770885 -1.2157930422572283 0.3753577768802643 0.3753577768802643 1.8600000143051147 1.599723030274285 -1.5716918106793232 -0.0712707087483934 7251 0 True
pedestrian 26.858071814103027 -7.956245772002894 -1.2146263622273308 0.9953577518463135 0.3753577768802643 1.8600000143051147 3.0599711057484944 3.523325525331442 -0.67227708829512 7249 3 True
pedestrian 29.108792200736218 9.231273263632804 -1.3189812331864528 0.3753577768802643 0.3753577768802643 1.8600000143051147 -2.8270048945855035 1.418325236960152 1.0317555970880259 7245 8 True
pedestrian 18.615799085140452 -1.3935202682873755 -2.082801778342354 0.3753577768802643 0.3753577768802643 1.8600000143051147 -2.0472089497328865 -0.0002550819679797465 -0.0006730904258508904 7247 0 True
pedestrian 19.00250200274246 35.11270208581891 -1.2157909134728186 0.3753577768802643 0.3753577768802643 1.8600000143051147 1.578312431617313 -1.8135515597287064 -0.04879081570899455 7253 1 True