7.609759330749512 0.004027333110570908
car 17.040924622957846 70.57521231454923 -1.3056434643087775 4.181210041046143 1.994117259979248 1.3805816173553467 -1.5713261890070203 0.0 0.0 20001 0 False
car -57.237428999574036 70.17406584479357 -1.420499708428979 5.357479572296143 2.033203125 1.4147460460662842 -1.5713256563752522 0.0 0.0 20003 0 False
car 9.843080834008447 93.10864584553462 -1.0496509294460978 4.4777727127075195 2.069315195083618 2.0377910137176514 -0.0005307895330671651 0.0 0.0 20011 0 False
car 90.29162421661101 46.38887416752201 -1.4013436123321064 3.633375883102417 1.845113754272461 1.5012825727462769 1.5713009782034526 -5.099463936395619 -0.00792496008745055 7259 0 False
car -0.0312587353556637 -7.752389217241529e-07 -1.3761316149954625 4.552699089050293 2.097072124481201 1.7671663761138916 0.0 7.609759756111079 0.004027333492494154 -100 1581 False
car 36.831510899607906 16.68067003210768 -1.5080945167524669 4.673638820648193 1.8118125200271606 1.441947340965271 -1.5708922272739438 -7.7770885503881955 -0.0027902377143691672 7244 15 True
car 36.84575994291373 33.35904423092822 -1.5078589564459888 4.673638820648193 1.8118125200271606 1.441947340965271 -1.5726258105212347 -8.348456945680152 0.028471937572730026 7255 18 True
car 32.830776788403284 46.114834760487625 -1.5124030662599166 4.673638820648193 1.8118125200271606 1.441947340965271 1.5705098868698515 -5.512359065043503 -0.0014833156925552835 7258 1 False
truck 3.760872675924304 -4.006146836942391 -0.35696434039219005 8.46804141998291 2.8910882472991943 3.8274123668670654 -3.1414680493013623 5.08738259450155 0.0036460763318941574 7261 8322 False
car -9.580652987367387 -3.99904149677073 -1.4523764688285266 4.611005783081055 2.241713285446167 1.6672759056091309 -3.141563923019624 6.730419633603736 0.002824334969994024 7260 563 True
car 20.276967776227536 3.0848547770245816e-05 -1.4363756340915546 4.855708599090576 2.0327565670013428 1.6493593454360962 9.353630223828885e-06 14.706018743238344 0.00803727919539229 7242 81 True
car 61.36728993574434 -3.9997448706541556 -1.3796748653536364 5.237514495849609 1.9297595024108887 1.638383150100708 3.1380085620148948 -8.129177030439e-07 -5.888004745842805e-07 7243 10 True
motorcycle -16.910882402854497 0.0026513222031996353 -1.5268681109586648 2.0333523750305176 0.8025798797607422 1.4992748498916626 -0.0003684327624983982 6.7920125736557235 -0.0014139514965810626 7257 22 True
pedestrian 28.36610014344302 17.575369662385768 -1.1823722795237712 0.3753577768802643 0.3753577768802643 1.8600000143051147 1.7219771790871061 -1.5137255176463928 -0.46847767062022033 7251 0 True
pedestrian 55.425318483919 -9.093908957070738 -1.1486693970762192 0.9953577518463135 0.3753577768802643 1.8600000143051147 -3.136586212830652 3.1561480232303163 0.02782902172783018 7249 2 True
pedestrian 40.51316814358552 15.3077953531701 -1.158290251060203 0.3753577768802643 0.3753577768802643 1.8600000143051147 -1.2551387940760748 -1.087562409885319 -0.734869162701909 7245 2 True
pedestrian 25.923413279551255 -1.016674047270259 -1.2884874825166621 0.9953577518463135 0.3753577768802643 1.8600000143051147 1.5046073582002821 -3.6426203829647608 0.516269862516741 7247 4 False
pedestrian 28.240208939895638 24.66386584943853 -1.1825202467954667 0.3753577768802643 0.3753577768802643 1.8600000143051147 1.6045807431812256 -1.7386716281211083 -0.14787813108483958 7253 1 True