3.5348777770996094 0.0012186237145215273
car 29.948488020967034 70.58694494646004 -1.2541239958082877 4.181210041046143 1.994117259979248 1.3805816173553467 -1.570912862618155 0.0 0.0 20001 0 False
car -44.329497741975075 70.15509791961122 -1.458696594642546 5.357479572296143 2.033203125 1.4147460460662842 -1.5709123299863867 0.0 0.0 20003 0 False
car -78.04163834081393 82.83917701325912 -1.3997168084508305 4.1928300857543945 1.8161858320236206 1.4738311767578125 -1.5709123299863867 0.0 0.0 20009 0 False
car 22.741027536628167 93.11740053084776 -1.0067768484439967 4.4777727127075195 2.069315195083618 2.0377910137176514 -0.0001174631442017922 0.0 0.0 20011 0 False
car 103.21565336927586 40.39634651707071 -1.2619033252156873 3.633375883102417 1.845113754272461 1.5012825727462769 1.5718462641128699 -1.4834062687536593 -0.003287212406934428 7259 0 False
car -0.031248225370063665 -9.91257641747012e-07 -1.3761316683753293 4.552699089050293 2.097072124481201 1.7671663761138916 0.0 3.534877707833527 0.0012186237390220949 -100 1532 False
car 49.75237384851863 33.48810345988276 -1.4321975929277895 4.673638820648193 1.8118125200271606 1.441947340965271 -1.570794085733864 -4.408410126394245 -0.0018655376024372169 7244 0 True
car 49.34857685578112 48.39621221386817 -1.4331279858937853 4.673638820648193 1.8118125200271606 1.441947340965271 -1.3325589479626814 -4.0462967454773935 -1.7052240103862832 7255 0 False
car 45.75258094615259 35.709641796213944 -1.4419492981829638 4.673638820648193 1.8118125200271606 1.441947340965271 1.5711157596428924 -3.0202348723822423 -0.002308598971673541 7258 0 False
truck 24.183676102990205 -3.9963931019485557 -0.30541584419449475 8.46804141998291 2.8910882472991943 3.8274123668670654 -3.1409340818170173 3.062072519644144 0.004612428735396966 7261 229 True
car 10.776733184052546 -3.99567056575954 -1.4142335101630785 4.611005783081055 2.241713285446167 1.6672759056091309 -3.141302929316441 1.3173344073093987 0.0006740549457124557 7260 376 True
car 13.42796656602809 0.004721861893911772 -1.429985655472888 4.855708599090576 2.0327565670013428 1.6493593454360962 0.0002572114454661754 5.307651705782671 0.004002363540381984 7242 228 True
car 74.45520323524579 -3.9693992021725992 -1.2743622080256476 5.237514495849609 1.9297595024108887 1.638383150100708 3.139815785740932 2.2763869866201762 -0.0031371373765166333 7243 0 True
motorcycle -13.947394654381355 0.0002180737553809653 -1.541199991217562 2.0333523750305176 0.8025798797607422 1.499276041984558 -7.971742718739228e-06 4.698712829602033e-08 -4.992813766850166e-08 7257 33 True
pedestrian 41.45870019429378 14.85851392086932 -1.116904008315141 0.3753577768802643 0.3753577768802643 1.8600000143051147 1.5779504904914168 -1.3691321698586945 -0.019172282022298176 7251 0 False
pedestrian 74.45120740572855 -9.031996719140691 -1.0362931659742407 0.9953577518463135 0.3753577768802643 1.8600000143051147 -3.1216083370584116 3.2798938886060953 0.1392549716375148 7249 0 False
pedestrian 52.9065311661613 18.130213313405438 -1.079823886488442 0.3753577768802643 0.3753577768802643 1.8600000143051147 -1.2903733135060467 -0.20126552606019738 -0.09943026813021053 7245 0 True
pedestrian 39.37213163035011 -7.31899152883311 -1.1212006125273195 0.3753577768802643 0.3753577768802643 1.8600000143051147 2.9487136326045724 0.8075372557735351 -0.35669392885796364 7247 0 False
pedestrian 41.344646091066465 21.384833315163657 -1.1171550698045962 0.3753577768802643 0.3753577768802643 1.8600000143051147 1.594077515166574 -1.6590543630391832 -0.0769256652627858 7253 0 False