-2.9950828661640116e-07 1.4253050295565117e-08
car 8.179018360604289 70.58154621172262 -1.3254451243430423 4.181210041046143 1.994117259979248 1.3805816173553467 -1.5705429320157367 0.0 0.0 20001 3 False
car -66.0990786208911 70.12222071131268 -1.3508956178957303 5.357479572296143 2.033203125 1.4147460460662842 -1.5705423993839687 0.0 0.0 20003 0 False
car 0.9638410286182193 93.10933429344571 -1.0607941742978375 4.4777727127075195 2.069315195083618 2.0377910137176514 0.000252467458216182 0.0 0.0 20011 0 False
car 81.41196447794653 70.32090194337346 -1.5092916366727884 3.633375883102417 1.845113754272461 1.5012825727462769 1.5720717183481852 -12.750542814040895 -0.0300005589840232 7259 0 False
car -0.031222269270983816 -7.975304590068788e-07 -1.3761317571003229 4.552699089050293 2.097072124481201 1.7671663761138916 0.0 -2.995082703270757e-07 1.425304952036108e-08 -100 1629 False
car 36.74279916479367 0.7028606579682388 -1.550896296147684 4.673638820648193 1.8118125200271606 1.441947340965271 -0.1786913003073798 5.412556065141239 -1.9433117054077695 7244 20 True
car 28.018009108086403 11.600933464462468 -1.5513335672330635 4.673638820648193 1.8118125200271606 1.441947340965271 -1.570022817094167 -7.482422062754186 -0.009318344074083936 7255 36 True
car 23.958779242371975 76.78909310375884 -1.5512714080018446 4.673638820648193 1.8118125200271606 1.441947340965271 1.5715437471080353 -16.052248817877057 -0.019681769638132826 7258 0 False
truck -21.348709248590637 -4.020620973159226 -0.3610057237227109 8.46804141998291 2.8910882472991943 3.8274123668670654 -3.1410070345297916 7.5444910012111155 0.008037979692299545 7261 355 True
car -44.63417143336625 -4.024172838874782 -1.4388031455241679 4.611005783081055 2.241713285446167 1.6672759056091309 -3.1411002450892127 13.131452140064397 0.009420645530446548 7260 12 True
car 49.114855973801355 0.037478661929023716 -1.4583653349133427 4.855708599090576 2.0327565670013428 1.6493593454360962 0.0009014695147652592 16.635585061928047 0.025961724599940197 7242 4 True
car 47.83877433366666 -3.9608527101369315 -1.4528178864905863 5.237514495849609 1.9297595024108887 1.638383150100708 -3.141118887201097 -0.0005621069819800624 -6.59952698072913e-07 7243 9 True
motorcycle -12.348755496258491 -0.009523693679079237 -1.5067431399039855 2.0333523750305176 0.8025798797607422 1.4992749691009521 0.0008765688495685657 2.242292414880567 0.003385408073810659 7257 37 True
pedestrian 19.346416976175817 21.639109079462852 -1.215793252238699 0.3753577768802643 0.3753577768802643 1.8600000143051147 1.5876085870242647 -1.5184398498157607 -0.054443250803352244 7251 0 True
pedestrian 38.2660655576139 -8.931597071187639 -1.2146426943664665 0.9953577518463135 0.3753577768802643 1.8600000143051147 3.104835744840834 3.5676155318602656 -0.3728270219241027 7249 4 True
pedestrian 31.98877206694084 11.847403013067641 -1.2063324206602537 0.3753577768802643 0.3753577768802643 1.8600000143051147 -1.5361540945387946 -1.6110472936549498 -0.1769969808077139 7245 1 True
pedestrian 18.516269236724668 -1.5860177692740263 -2.082795782348546 0.3753577768802643 0.3753577768802643 1.8600000143051147 1.0943895057964323 0.026147237122839447 0.05183882906490344 7247 2 True
pedestrian 19.145448324162146 29.3513553930053 -1.2157911940132604 0.3753577768802643 0.3753577768802643 1.8600000143051147 1.629714193557739 -1.7824256136006675 -0.21001025771363208 7253 1 True