-3.105603274544677e-10 3.25863919181657e-10
car 8.179018360604289 70.58154621172262 -1.3254451243430423 4.181210041046143 1.994117259979248 1.3805816173553467 -1.5705429320157367 0.0 0.0 20001 6 False
car -66.0990786208911 70.12222071131268 -1.3508956178957303 5.357479572296143 2.033203125 1.4147460460662842 -1.5705423993839687 0.0 0.0 20003 0 False
car 0.9638410286182193 93.10933429344571 -1.0607941742978375 4.4777727127075195 2.069315195083618 2.0377910137176514 0.000252467458216182 0.0 0.0 20011 0 False
car -0.031222269270983816 -7.975304590068788e-07 -1.3761317571003229 4.552699089050293 2.097072124481201 1.7671663761138916 0.0 -3.1056031060715656e-10 3.2586390145846604e-10 -100 1528 False
car 81.01524981694047 11.532078596202851 -1.5502028640732441 4.673638820648193 1.8118125200271606 1.441947340965271 1.5584669714109631 -10.446815467637643 0.3793376530888715 7244 0 False
car 61.95207040494381 0.05609948251676533 -1.5515430164180837 4.673638820648193 1.8118125200271606 1.441947340965271 -0.0006716485945816255 9.105522156019871 -0.01347953812569223 7255 6 True
truck -61.66926213231562 -4.036202532410949 -0.36083706107399904 8.46804141998291 2.8910882472991943 3.8274123668670654 -3.141210499865214 10.129893781858923 0.005161658883087571 7261 24 True
car -106.05591894304021 -4.046713638367779 -1.437654437851188 4.611005783081055 2.241713285446167 1.6672759056091309 -3.141274149361504 13.647115460413957 0.004858381882473795 7260 0 True
car 81.45688129877487 40.97396269434217 -1.457295141993566 4.855708599090576 2.0327565670013428 1.6493593454360962 1.5719930220044454 -8.273653018810766 -0.01929840931627467 7242 0 False
car 47.83886588638126 -3.9608525676186366 -1.4528067405529783 5.237514495849609 1.9297595024108887 1.638383150100708 -3.141118620885213 -4.1555865505040746e-08 -2.307103889019532e-08 7243 15 True
motorcycle -6.597993737818513 -0.004765568987799451 -1.5064694960056113 2.0333523750305176 0.8025798797607422 1.4992756843566895 0.0007726841661620679 0.0 0.0 7257 146 True
pedestrian 19.19764238105597 28.716685069199183 -1.2157929459856278 0.3753577768802643 0.3753577768802643 1.8600000143051147 1.591874568013085 -1.70205428340676 -0.07104791549309505 7251 0 True
pedestrian 22.59834713180618 -7.637683453242782 -1.2146202644378485 0.9953577518463135 0.3753577768802643 1.8600000143051147 3.0696450302369858 3.5494779525838847 -0.5153918302331623 7249 9 True
pedestrian 26.940850440314307 8.525892089884607 -1.3189781412328667 0.3753577768802643 0.3753577768802643 1.8600000143051147 -2.8270142156414457 1.4183802085176789 1.0316032072897992 7245 8 True
pedestrian 18.66448108441392 -1.2990357631730451 -2.082859976165054 0.3753577768802643 0.3753577768802643 1.8600000143051147 -2.047210813944075 -0.024438777103595863 -0.04230505500786144 7247 2 True
pedestrian 18.96515626606441 37.47946047330648 -1.2157908288063275 0.3753577768802643 0.3753577768802643 1.8600000143051147 1.5910708266749913 -1.8231260070733655 -0.0338448369192316 7253 0 True