7.010826110839844 0.003818308934569359
car 11.373497619918624 70.57440575730227 -1.3474489987590434 4.181210041046143 1.994117259979248 1.3805816173553467 -1.5713963618120625 0.0 0.0 20001 0 False
car -62.90486698362028 70.17847159827889 -1.2242560008425296 5.357479572296143 2.033203125 1.4147460460662842 -1.5713958291802945 0.0 0.0 20003 0 False
car 4.178092787035496 93.10834391423167 -1.068398630701996 4.4777727127075195 2.069315195083618 2.0377910137176514 -0.0006009623381094816 0.0 0.0 20011 0 False
car 84.61967252673821 50.91147922344185 -1.6780922329785275 3.633375883102417 1.845113754272461 1.5012825727462769 1.5712121632865261 -7.588903688934272 -0.011060237240244044 7259 0 False
car -0.03127348470297875 -8.026689630735717e-07 -1.3761318130513445 4.552699089050293 2.097072124481201 1.7671663761138916 0.0 7.010825818119635 0.0038183088766406 -100 1584 False
car 31.16665534519956 11.061444302310532 -1.6128479062906709 4.673638820648193 1.8118125200271606 1.441947340965271 -1.5647544436635978 -8.59382642775668 -0.15755640125839973 7244 26 True
car 31.164091093487684 27.01156867757529 -1.6129560797804938 4.673638820648193 1.8118125200271606 1.441947340965271 -1.571090364861277 -9.254854356216661 0.007288806061017291 7255 9 True
car 27.159729190673772 51.463596035235284 -1.6046920319672515 4.673638820648193 1.8118125200271606 1.441947340965271 1.5710515748084375 -9.447989951534389 -0.010474954846389632 7258 0 False
truck -5.559093925057709 -4.005872156414275 -0.34937148929716555 8.46804141998291 2.8910882472991943 3.8274123668670654 3.1415802589243773 5.521519633547526 0.0038232102565083693 7261 6059 True
car -20.626861931270867 -3.9957605519556294 -1.3970870589979922 4.611005783081055 2.241713285446167 1.6672759056091309 3.1412502935440267 8.561243941814555 -0.0018323432990602709 7260 89 True
car 23.283628079066546 -0.05313209352543824 -1.512002206495394 4.855708599090576 2.0327565670013428 1.6493593454360962 -0.0012491752650578402 11.074357162227525 -0.0583445554765492 7242 45 True
car 55.32761711084407 -4.003356008334688 -1.5626846762397417 5.237514495849609 1.9297595024108887 1.638383150100708 3.1379666186935626 1.7199447247720276 -0.006210625903490508 7243 5 True
motorcycle -17.301705433552456 0.0020675518647059743 -1.4725986950850012 2.0333523750305176 0.8025798797607422 1.4992749691009521 -0.0003231617117130922 6.248797883206262 0.0007838976140242121 7257 26 True
pedestrian 22.60995312838213 18.677824805722498 -1.2602824044559464 0.3753577768802643 0.3753577768802643 1.8600000143051147 1.5752710836754895 -1.500486851689942 -0.0684357081717647 7251 1 True
pedestrian 47.577836331404285 -9.094813160154214 -1.3091050382461025 0.9953577518463135 0.3753577768802643 1.8600000143051147 3.132871995831489 3.1459211672564513 -0.03276184751000142 7249 0 True
pedestrian 35.18817031097723 14.354213596169263 -1.2759924671496141 0.3753577768802643 0.3753577768802643 1.8600000143051147 -1.2271418027020569 -0.9751191969927336 -0.8061511870073286 7245 0 True
pedestrian 20.834617501318064 -1.2566323510874624 -1.3960219598489352 0.3753577768802643 0.3753577768802643 1.8600000143051147 0.6444177067511867 0.6790266706659509 0.013554295219014283 7247 0 True
pedestrian 22.475421403101848 25.947842282784432 -1.2600113224020473 0.3753577768802643 0.3753577768802643 1.8600000143051147 1.671588617357995 -1.8741853084631255 -0.3709382043409573 7253 1 True