9.05530834197998 0.004638302605599165
car 23.0531494932751 70.57572108306881 -1.2746691730513722 4.181210041046143 1.994117259979248 1.3805816173553467 -1.571302802005627 0.0 0.0 20001 0 False
car -51.22502976864919 70.1728375983996 -1.4674554808946594 5.357479572296143 2.033203125 1.4147460460662842 -1.571302269373859 0.0 0.0 20003 0 True
car -84.93221166470474 82.8700615080421 -1.403148219762974 4.1928300857543945 1.8161858320236206 1.4738311767578125 -1.571302269373859 0.0 0.0 20009 0 False
car 15.854514453843365 93.10898586622818 -1.0262167463927057 4.4777727127075195 2.069315195083618 2.0377910137176514 -0.0005074025316739058 0.0 0.0 20011 0 False
car 96.30599079243581 43.05724806925312 -1.2933882664331928 3.633375883102417 1.845113754272461 1.5012825727462769 1.5714958726341806 -3.389926088271038 -0.006316891505943777 7259 0 False
car -0.03123231635601087 -9.264645648432435e-07 -1.3761316580089185 4.552699089050293 2.097072124481201 1.7671663761138916 0.0 9.05530797633076 0.004638302567577605 -100 1561 False
car 42.84456718998706 24.98121965447445 -1.4557922769758078 4.673638820648193 1.8118125200271606 1.441947340965271 -1.5706034564940845 -10.85997825169539 -0.009140535291266282 7244 14 True
car 42.856334643774346 40.35683378281988 -1.4561111762648478 4.673638820648193 1.8118125200271606 1.441947340965271 -1.5621159692690818 -7.854432650170998 -0.11043134913651541 7255 0 False
car 38.842909352249535 41.85297579400682 -1.4650048376277058 4.673638820648193 1.8118125200271606 1.441947340965271 1.5680601314139184 -6.767035252863088 0.015149193199565796 7258 0 True
truck 13.521619181126653 -4.005686104465848 -0.332205481226004 8.46804141998291 2.8910882472991943 3.8274123668670654 -3.141479283364897 3.8097791898404663 0.002810848932693005 7261 979 True
car 0.7701743780862103 -3.999018083504208 -1.4389757931293248 4.611005783081055 2.241713285446167 1.6672759056091309 3.141435998646347 4.394732492396551 0.0008643045215954913 7260 3718 False
car 15.457083687467389 0.0003611452830911688 -1.4275327962885689 4.855708599090576 2.0327565670013428 1.6493593454360962 -3.7336563682183618e-06 11.409247746412236 0.0056597952086104835 7242 170 True
car 67.38124896919487 -3.9981989640899105 -1.302236536090545 5.237514495849609 1.9297595024108887 1.638383150100708 3.138031949016288 0.0 0.0 7243 5 True
motorcycle -16.49668742328697 0.0042295645507197666 -1.5431619678054562 2.0333523750305176 0.8025798797607422 1.4992743730545044 -0.00044059851134771536 8.682088551193585 -0.0033099523277237953 7257 19 True
pedestrian 34.524721116590456 16.365973934011596 -1.1392176122883777 0.3753577768802643 0.3753577768802643 1.8600000143051147 1.5939863822010174 -1.427139514324831 -0.05889161136893426 7251 0 True
pedestrian 63.91647883782423 -9.089400756096065 -1.0718880164295306 0.9953577518463135 0.3753577768802643 1.8600000143051147 3.140063140264016 3.2703211932244023 0.008825197428737074 7249 1 True
pedestrian 46.30851851896625 16.251802595697797 -1.1032087085839108 0.3753577768802643 0.3753577768802643 1.8600000143051147 -1.4446498917595196 -1.735722077590471 -0.2500477495503806 7245 2 True
pedestrian 31.72915671834818 -3.9210805220306195 -1.248702286787162 0.9953577518463135 0.3753577768802643 1.8600000143051147 1.5008776886055553 -3.6596745747385593 0.49907381028633113 7247 3 True
pedestrian 34.34726107566826 23.24988983919982 -1.1396098633253922 0.3753577768802643 0.3753577768802643 1.8600000143051147 1.6595907702383812 -1.8165447282079779 -0.2872218034184529 7253 0 False