5.871767520904541 0.002745575038716197
car 26.97118884212466 70.57901419113708 -1.3022850442410074 4.181210041046143 1.994117259979248 1.3805816173553467 -1.5711779301221265 0.0 0.0 20001 0 False
car -47.307138766183044 70.1668553748964 -1.3930481162227109 5.357479572296143 2.033203125 1.4147460460662842 -1.5711773974903585 0.0 0.0 20003 0 False
car -81.01578786079747 82.85987009190576 -1.282438088563654 4.1928300857543945 1.8161858320236206 1.4738311767578125 -1.5711773974903585 0.0 0.0 20009 0 False
car 19.77008767131815 93.11137992096957 -1.0439363682448253 4.4777727127075195 2.069315195083618 2.0377910137176514 -0.00038253064817364183 0.0 0.0 20011 0 False
car 100.22873567108633 41.591210495072076 -1.4215853285425748 3.633375883102417 1.845113754272461 1.5012825727462769 1.5715845255574488 -2.523712998723539 -0.0049467994844677905 7259 0 False
car -0.031255123583150635 -1.0377304955344613e-06 -1.3761317489682214 4.552699089050293 2.097072124481201 1.7671663761138916 0.0 5.871767995769093 0.002745575028812648 -100 1599 False
car 46.76597605009374 29.847127336227487 -1.5104186176147643 4.673638820648193 1.8118125200271606 1.441947340965271 -1.5703812461549602 -8.174634604124606 -0.009498919816298603 7244 0 True
car 46.69664851929042 44.7107299551631 -1.5104813534602093 4.673638820648193 1.8118125200271606 1.441947340965271 -1.5067023219593527 -8.198286568120215 -0.8933555304368888 7255 0 False
car 42.765000289537625 38.51021392521711 -1.5141109656678622 4.673638820648193 1.8118125200271606 1.441947340965271 1.5709829179753567 -5.497422888086304 -0.004212472287648742 7258 0 True
truck 19.165666406405933 -4.003164747540044 -0.34402382463225845 8.46804141998291 2.8910882472991943 3.8274123668670654 -3.1413277798929906 3.2469757767172513 0.0012616558852932436 7261 428 True
car 6.519127455801424 -3.9984632984942574 -1.434196808174224 4.611005783081055 2.241713285446167 1.6672759056091309 3.141554212632746 2.870440674957566 0.0007385130062223283 7260 1076 True
car 14.408056563005289 0.0018668236769356916 -1.4493576253054916 4.855708599090576 2.0327565670013428 1.6493593454360962 0.00044141805768178573 8.406133075681215 0.008906611790871502 7242 178 True
car 71.3083706802891 -3.9893765637760725 -1.3907848854585934 5.237514495849609 1.9297595024108887 1.638383150100708 3.138156820899788 -0.0008920404170691131 -3.207815596493774e-05 7243 9 True
motorcycle -16.04978261435508 0.0038342313134618333 -1.518830973283085 2.0333523750305176 0.8025798797607422 1.499274730682373 -0.00016106025251580607 4.799762002457504 0.0015092207177709333 7257 27 True
pedestrian 38.46103639278908 15.671650145097669 -1.1826026147989797 0.3753577768802643 0.3753577768802643 1.8600000143051147 1.577897277273215 -1.3748493626565979 -0.019139982625711663 7251 0 False
pedestrian 69.48872236539069 -9.075725379421474 -1.1542194086190098 0.9953577518463135 0.3753577768802643 1.8600000143051147 -3.130453569715039 3.359495275674486 0.07793242671664842 7249 0 False
pedestrian 50.173603510109785 17.097773001642857 -1.1628397177175072 0.3753577768802643 0.3753577768802643 1.8600000143051147 -1.3840657215607592 -1.5995346335951777 -0.718818157893999 7245 0 True
pedestrian 35.53485411679429 -5.759207548850341 -1.2883737183676347 0.9953577518463135 0.3753577768802643 1.8600000143051147 1.5648511279028094 -3.6053504668286513 -0.8024127054008969 7247 0 False
pedestrian 38.33110845942963 22.37206139194519 -1.1827061499717093 0.3753577768802643 0.3753577768802643 1.8600000143051147 1.5944044678728686 -1.663310456343641 -0.07835052789068611 7253 0 False