-2.3416905747808414e-08 1.3973509460640798e-08
car 8.179018360604289 70.58154621172262 -1.3254451243430423 4.181210041046143 1.994117259979248 1.3805816173553467 -1.5705429320157367 0.0 0.0 20001 2 False
car -66.0990786208911 70.12222071131268 -1.3508956178957303 5.357479572296143 2.033203125 1.4147460460662842 -1.5705423993839687 0.0 0.0 20003 0 False
car 0.9638410286182193 93.10933429344571 -1.0607941742978375 4.4777727127075195 2.069315195083618 2.0377910137176514 0.000252467458216182 0.0 0.0 20011 0 False
car 81.39978614029906 79.79745376281784 -1.508988464139878 3.633375883102417 1.845113754272461 1.5012825727462769 1.5721582710105046 -14.124210975135119 -0.034968202557413654 7259 0 False
car -0.031222269270983816 -7.975304590068788e-07 -1.3761317571003229 4.552699089050293 2.097072124481201 1.7671663761138916 0.0 -2.3416904474300248e-08 1.397350870063569e-08 -100 1561 False
car 40.12399686786597 0.332983711822159 -1.5510350695086124 4.673638820648193 1.8118125200271606 1.441947340965271 -0.09373101555991173 6.139651054432209 -1.069132022375386 7244 19 True
car 28.73277523169986 5.912562079681862 -1.551553413851181 4.673638820648193 1.8118125200271606 1.441947340965271 -1.2655027210439045 -5.820611332567863 -4.702956641813685 7255 39 True
car 23.95028067625094 87.51479137440148 -1.5515215341606656 4.673638820648193 1.8118125200271606 1.441947340965271 1.571554000269572 -14.096182008838108 -0.018630889199442485 7258 0 False
truck -26.817641601156765 -4.0236901513647485 -0.3609845489533614 8.46804141998291 2.8910882472991943 3.8274123668670654 -3.1410935871921115 8.0620664240329 0.006127234543566336 7261 222 True
car -54.171706926536785 -4.028791906588895 -1.4376284631574276 4.611005783081055 2.241713285446167 1.6672759056091309 -3.141109566145155 13.67460800423677 0.009667710219191149 7260 2 True
car 61.1146703213314 0.0477299810623637 -1.4581168427460685 4.855708599090576 2.0327565670013428 1.6493593454360962 0.000808961415503174 16.584293791733856 0.022690388434356473 7242 1 True
car 47.83886588638126 -3.9608525676186366 -1.4528067405529783 5.237514495849609 1.9297595024108887 1.638383150100708 -3.141118620885213 -1.1565431093856278e-05 -4.9101830003668226e-08 7243 8 True
motorcycle -10.508332313097469 -0.007906901378988973 -1.5058998039054723 2.0333523750305176 0.8025798797607422 1.499274730682373 0.0008768146846168157 2.7984318871073763 0.0041958525203102965 7257 71 True
pedestrian 19.329360613268875 22.706260580522116 -1.2157932137521759 0.3753577768802643 0.3753577768802643 1.8600000143051147 1.586652246684604 -1.5260840893994996 -0.04842328934596474 7251 0 True
pedestrian 35.76701906795506 -8.841104974144713 -1.2146391182577032 0.9953577518463135 0.3753577768802643 1.8600000143051147 3.0665491080847844 3.5350603503678775 -0.38407520383039434 7249 2 True
pedestrian 31.967520137012173 11.413877283025844 -1.2063323959819945 0.3753577768802643 0.3753577768802643 1.8600000143051147 -1.6464356352861191 0.0 0.0 7245 2 True
pedestrian 18.53722455820906 -1.5457395125528453 -2.08281345476852 0.3753577768802643 0.3753577768802643 1.8600000143051147 -2.0472098818384805 0.02230995451966869 0.0455598937320327 7247 0 True
pedestrian 19.073015185686472 30.608634474085356 -1.2157910737998077 0.3753577768802643 0.3753577768802643 1.8600000143051147 1.627487659609053 -1.789168434701853 -0.20483259570701526 7253 3 True