4.639017581939697 0.0024503262247890234
car 9.563217178361242 70.5749848851824 -1.354181344425159 4.181210041046143 1.994117259979248 1.3805816173553467 -1.5713449881386456 0.0 0.0 20001 0 False
car -64.71493709184708 70.17523489319922 -1.146027704701977 5.357479572296143 2.033203125 1.4147460460662842 -1.5713444555068776 0.0 0.0 20003 0 False
car 2.3669786359695877 93.10855281970613 -1.0669093131441063 4.4777727127075195 2.069315195083618 2.0377910137176514 -0.0005495886646926006 0.0 0.0 20011 0 False
car 82.80876079297889 53.322850840170204 -1.7684815838182466 3.633375883102417 1.845113754272461 1.5012825727462769 1.571334510143045 -8.419665098024433 -0.013869036392921318 7259 0 False
car -0.031262663344818975 -7.819455245527962e-07 -1.376131684731773 4.552699089050293 2.097072124481201 1.7671663761138916 0.0 4.639017338842934 0.0024503258995192075 -100 1619 False
car 29.4569141826139 8.703122011295264 -1.6423787899194486 4.673638820648193 1.8118125200271606 1.441947340965271 -1.5125191382982694 -7.456843905619554 -1.033872170912527 7244 35 True
car 29.3549903399923 24.43299805585108 -1.6424232084730106 4.673638820648193 1.8118125200271606 1.441947340965271 -1.5688151203980145 -8.258501793040839 -0.025286021025718246 7255 7 True
car 25.349454606370443 54.53109606743158 -1.6294664110862587 4.673638820648193 1.8118125200271606 1.441947340965271 1.5711390342841447 -10.946715888552488 -0.011949148405348293 7258 0 False
truck -9.08529941113784 -4.006795187454826 -0.3314539915296215 8.46804141998291 2.8910882472991943 3.8274123668670654 3.1406989943718147 5.952432081061026 -0.004853828943752509 7261 2762 True
car -25.1362141938136 -3.99570625707543 -1.358657024933588 4.611005783081055 2.241713285446167 1.6672759056091309 3.1412721061543127 9.353136417746256 -0.0018755297839099145 7260 49 True
car 25.00884297893839 -0.03874859573057621 -1.5437935596386674 4.855708599090576 2.0327565670013428 1.6493593454360962 0.003431327177524773 12.546924507143505 0.11660554195875604 7242 42 True
car 52.7598189243202 -4.00002999052062 -1.6172332646221705 5.237514495849609 1.9297595024108887 1.638383150100708 3.139303765455223 3.390708070912486 -0.007831456127890204 7243 5 True
motorcycle -17.097592739439904 0.0005040562201639176 -1.4505796296236992 2.0333523750305176 0.8025798797607422 1.4992748498916626 -0.0003000939675389996 7.220579180561027 -0.0003225252394778271 7257 21 True
pedestrian 20.801305155932596 19.13083819417446 -1.2798446559428165 0.3753577768802643 0.3753577768802643 1.8600000143051147 1.5754028847458927 -1.506250089751342 -0.012409553721587908 7251 1 True
pedestrian 44.825544801900094 -9.077749782456337 -1.3542419557367913 0.9953577518463135 0.3753577768802643 1.8600000143051147 3.124826035050051 3.153531468884132 -0.09445365507699591 7249 4 True
pedestrian 33.41676506409999 14.080874619198186 -1.3100564131959276 0.3753577768802643 0.3753577768802643 1.8600000143051147 -1.4181201442445348 -0.812500876864267 -0.38349743941221554 7245 1 True
pedestrian 19.237883280285473 -1.37466941037997 -1.4747610342530366 0.3753577768802643 0.3753577768802643 1.8600000143051147 0.48069250159865307 0.7095673838643238 0.04416868133936163 7247 2 True
pedestrian 20.606547151116786 26.496790434074633 -1.2792341197983126 0.3753577768802643 0.3753577768802643 1.8600000143051147 1.6844934608596995 -1.7695557294660162 -0.3939322865774091 7253 1 True