-1.6598173946391626e-09 -1.1351194650899288e-08
car 8.179018360604289 70.58154621172262 -1.3254451243430423 4.181210041046143 1.994117259979248 1.3805816173553467 -1.5705429320157367 0.0 0.0 20001 2 False
car -66.0990786208911 70.12222071131268 -1.3508956178957303 5.357479572296143 2.033203125 1.4147460460662842 -1.5705423993839687 0.0 0.0 20003 0 False
car 0.9638410286182193 93.10933429344571 -1.0607941742978375 4.4777727127075195 2.069315195083618 2.0377910137176514 0.000252467458216182 0.0 0.0 20011 0 False
car -0.031222269270983816 -7.975304590068788e-07 -1.3761317571003229 4.552699089050293 2.097072124481201 1.7671663761138916 0.0 -1.6598173043664525e-09 -1.1351194033518559e-08 -100 1596 False
car 49.94272755200382 0.07342933666681306 -1.551000302535881 4.673638820648193 1.8118125200271606 1.441947340965271 -0.005240563966539171 12.601939173059057 -0.13625504325096752 7244 7 True
car 35.465045443794395 0.9945745016657646 -1.551703001462107 4.673638820648193 1.8118125200271606 1.441947340965271 -0.2397086469129456 6.76815775189863 -3.355020383962865 7255 20 True
car 23.941829108305512 99.73401230883988 -1.5515893696673708 4.673638820648193 1.8118125200271606 1.441947340965271 1.5715605250087314 -10.098792657847868 -0.014107125127666719 7258 0 False
truck -35.20612957175888 -4.026999818388058 -0.3609411971272123 8.46804141998291 2.8910882472991943 3.8274123668670654 -3.141245919877794 8.70301095655142 0.003783040588179151 7261 92 True
car -67.82005171914687 -4.033607139855965 -1.4376858291015358 4.611005783081055 2.241713285446167 1.6672759056091309 -3.141444591527303 13.645211960916615 0.00045928327797098954 7260 4 True
car 77.21258731803238 2.6201983597872793 -1.4013691547044251 4.855708599090576 2.0327565670013428 1.6493593454360962 0.7502495290955437 2.7099953915988335 14.482279854573207 7242 0 True
car 47.83886588638126 -3.9608525676186366 -1.4528067405529783 5.237514495849609 1.9297595024108887 1.638383150100708 -3.141118620885213 -6.255327604473974e-08 8.96210776298381e-08 7243 8 True
motorcycle -7.835237139243532 -0.005770433106845552 -1.5053946041036927 2.0333523750305176 0.8025798797607422 1.4992748498916626 0.0008080144206664214 3.2003970180622026 0.0043586137877250205 7257 125 True
pedestrian 19.29659106648694 24.239642290618065 -1.2157931466331757 0.3753577768802643 0.3753577768802643 1.8600000143051147 1.594376206270006 -1.535773874568323 -0.0706066008359636 7251 0 True
pedestrian 32.1994605521034 -8.510654833621206 -1.2146340104628035 0.9953577518463135 0.3753577768802643 1.8600000143051147 3.0822875778850976 3.540188925647573 -0.4946240998887481 7249 3 True
pedestrian 31.46301729748774 10.281022162291928 -1.2063316892395313 0.3753577768802643 0.3753577768802643 1.8600000143051147 -2.114491926787482 -0.637442381720625 1.3383660720466652 7245 1 True
pedestrian 18.5673610626111 -1.4873614281527423 -2.0828047948303574 0.3753577768802643 0.3753577768802643 1.8600000143051147 -2.0472065528899295 0.015247419220204396 0.03132035204386481 7247 3 True
pedestrian 19.038378762090872 32.40258242166262 -1.2157910005705488 0.3753577768802643 0.3753577768802643 1.8600000143051147 1.5726829133021036 -1.7775995473421793 -0.02132476607571671 7253 3 True