-0.0006412501679733396 3.8003681765985675e-06
car 8.17965285269122 70.58154405460951 -1.333001924603598 4.181210041046143 1.994117259979248 1.3805816173553467 -1.570542932048246 0.0 0.0 20001 3 False
car -66.09843019732907 70.12221836295788 -1.2831366217574893 5.357479572296143 2.033203125 1.4147460460662842 -1.570542399416478 0.0 0.0 20003 0 False
car 0.9647477358201968 93.1093310889012 -1.0609481985811482 4.4777727127075195 2.069315195083618 2.0377910137176514 0.0002524674257069188 0.0 0.0 20011 0 False
car 81.42736807786167 60.92856293579045 -1.591471449467955 3.633375883102417 1.845113754272461 1.5012825727462769 1.5723654647357943 -10.565805789500457 -0.03089666966807403 7259 0 False
car -0.03124563888843568 -6.799611496077773e-07 -1.3761316172863651 4.552699089050293 2.097072124481201 1.7671663761138916 0.0 -0.0006412501062943374 3.800367961345041e-06 -100 1547 False
car 30.725840109702006 3.0598820580445167 -1.5801979508639852 4.673638820648193 1.8118125200271606 1.441947340965271 -0.7962783015285911 0.5565010550883813 -7.66929371331145 7244 37 True
car 28.018445815957705 17.548841652225832 -1.5793974205793044 4.673638820648193 1.8118125200271606 1.441947340965271 -1.570167559809663 -7.936903035722903 -0.0051942225526605415 7255 35 True
car 23.969075460522674 64.51825845727961 -1.57473838114912 4.673638820648193 1.8118125200271606 1.441947340965271 1.571847480341297 -14.029586204474965 -0.024464290801498114 7258 0 False
truck -15.561287880028885 -4.0172005206612695 -0.3448118885505802 8.46804141998291 2.8910882472991943 3.8274123668670654 -3.1410336661507072 6.826240195570453 0.005248628417724491 7261 757 True
car -34.78930025686299 -4.020046654473958 -1.4032658403109748 4.611005783081055 2.241713285446167 1.6672759056091309 -3.141196917787636 11.358953575976999 0.005528838470860523 7260 24 True
car 35.41514692171819 0.021984594449266925 -1.4965204989275678 4.855708599090576 2.0327565670013428 1.6493593454360962 0.0014499358622917077 16.616446913113556 0.046149199914741354 7242 21 True
car 48.21740141199001 -3.9606746185195894 -1.501361914559314 5.237514495849609 1.9297595024108887 1.638383150100708 -3.1411108977570845 2.8604259608355167 0.002440957516965648 7243 11 True
motorcycle -14.518000423814328 -0.011549998666059214 -1.4915349339549084 2.0333523750305176 0.8025798797607422 1.4992752075195312 0.0007192082487316802 2.2346513524898066 0.002185205443546856 7257 31 True
pedestrian 19.402161705756498 20.391823254351753 -1.2349229732601046 0.3753577768802643 0.3753577768802643 1.8600000143051147 1.673942071338781 -1.5905967406662704 -0.25261750409692313 7251 3 True
pedestrian 40.99218850247314 -9.015384025779593 -1.2557816587550106 0.9953577518463135 0.3753577768802643 1.8600000143051147 3.132905705304167 3.1363659588277817 -0.05404561101755398 7249 2 True
pedestrian 31.889879639901665 13.026888106301298 -1.238152730363118 0.3753577768802643 0.3753577768802643 1.8600000143051147 -1.7442880805989154 -1.6048246435348954 0.5818604175949744 7245 1 True
pedestrian 18.49368066103125 -1.6296624054678703 -2.100865912060087 0.3753577768802643 0.3753577768802643 1.8600000143051147 1.095601975405079 -0.05564855071699853 0.09729051239689715 7247 1 True
pedestrian 19.216436385495285 27.925450247675364 -1.2347035974299898 0.3753577768802643 0.3753577768802643 1.8600000143051147 1.5885619978566916 -1.7569998338674724 -0.06403753779964076 7253 4 True