-1.6601098273838488e-10 6.303151889319736e-10
car 8.179018360604289 70.58154621172262 -1.3254451243430423 4.181210041046143 1.994117259979248 1.3805816173553467 -1.5705429320157367 0.0 0.0 20001 6 False
car -66.0990786208911 70.12222071131268 -1.3508956178957303 5.357479572296143 2.033203125 1.4147460460662842 -1.5705423993839687 0.0 0.0 20003 0 False
car 0.9638410286182193 93.10933429344571 -1.0607941742978375 4.4777727127075195 2.069315195083618 2.0377910137176514 0.000252467458216182 0.0 0.0 20011 0 False
car -0.031222269270983816 -7.975304590068788e-07 -1.3761317571003229 4.552699089050293 2.097072124481201 1.7671663761138916 0.0 -1.6601097372294147e-10 6.303151546498042e-10 -100 1557 False
car 68.33425934199568 0.10812463369409198 -1.550966887517545 4.673638820648193 1.8118125200271606 1.441947340965271 0.03527300621202257 15.40455887338522 1.1150540050683286 7244 0 True
car 46.146354896108846 0.13798116657875337 -1.5510949471284083 4.673638820648193 1.8118125200271606 1.441947340965271 -0.018870076200385888 11.707525899017735 -0.43582803017729493 7255 12 True
car 23.93189586341356 111.06042585455084 -1.551458910187082 4.673638820648193 1.8118125200271606 1.441947340965271 1.571638156088935 -7.086431945136573 -0.011236017472995826 7258 0 False
truck -46.99546582901655 -4.030779798837017 -0.3608840396587101 8.46804141998291 2.8910882472991943 3.8274123668670654 -3.141315694639418 9.410245607216284 0.0028371729406767615 7261 57 True
car -85.57154583013585 -4.038881948356055 -1.4376835024560832 4.611005783081055 2.241713285446167 1.6672759056091309 -3.141267491464403 13.646692932623596 0.005021713554004235 7260 0 True
car 81.47345218832146 20.597408503162953 -1.4581070711321829 4.855708599090576 2.0327565670013428 1.6493593454360962 1.5653247385834588 -17.687959868471616 0.025782512226626336 7242 0 False
car 47.83886588638126 -3.9608525676186366 -1.4528067405529783 5.237514495849609 1.9297595024108887 1.638383150100708 -3.141118620885213 -1.2241547171286974e-10 2.3151058840196153e-09 7243 7 True
motorcycle -6.59805477305747 -0.004765346108437818 -1.506487436916374 2.0333523750305176 0.8025798797607422 1.4992748498916626 0.0007727028589884027 -8.189283269037409e-05 -8.720868158910956e-07 7257 181 True
pedestrian 19.251552896301575 26.25467409315767 -1.2157930556056276 0.3753577768802643 0.3753577768802643 1.8600000143051147 1.6002235709783768 -1.5694882386870903 -0.07433838090115835 7251 1 True
pedestrian 27.562677974394603 -8.020318757434687 -1.2146273710202047 0.9953577518463135 0.3753577768802643 1.8600000143051147 3.034916107376098 3.5053775438070685 -0.7603335383074151 7249 5 True
pedestrian 29.442321702246204 9.33979381100724 -1.3189817088716147 0.3753577768802643 0.3753577768802643 1.8600000143051147 -2.826949500881619 1.4172983234080239 1.0322890820292652 7245 5 True
pedestrian 18.608936012040715 -1.4068039570966864 -2.0827940797008293 0.3753577768802643 0.3753577768802643 1.8600000143051147 -2.0472089497328865 0.0021056900622449942 0.004678741659762688 7247 1 True
pedestrian 19.00833168031761 34.74988389652115 -1.2157909266017117 0.3753577768802643 0.3753577768802643 1.8600000143051147 1.5774583565771314 -1.8119740426346027 -0.040980854955212885 7253 1 True