-6.630277216146396e-09 3.684882399213052e-09
car 8.179018360604289 70.58154621172262 -1.3254451243430423 4.181210041046143 1.994117259979248 1.3805816173553467 -1.5705429320157367 0.0 0.0 20001 5 False
car -66.0990786208911 70.12222071131268 -1.3508956178957303 5.357479572296143 2.033203125 1.4147460460662842 -1.5705423993839687 0.0 0.0 20003 0 False
car 0.9638410286182193 93.10933429344571 -1.0607941742978375 4.4777727127075195 2.069315195083618 2.0377910137176514 0.000252467458216182 0.0 0.0 20011 0 False
car -0.031222269270983816 -7.975304590068788e-07 -1.3761317571003229 4.552699089050293 2.097072124481201 1.7671663761138916 0.0 -6.630276855554473e-09 3.684882198795971e-09 -100 1594 False
car 51.23136424986154 0.06778408213823406 -1.5510309350631648 4.673638820648193 1.8118125200271606 1.441947340965271 -0.00350098783163478 13.115316350585045 -0.09957037716692356 7244 5 True
car 36.18273298614395 0.852502155054013 -1.5516652869785916 4.673638820648193 1.8118125200271606 1.441947340965271 -0.20356576979986826 6.555850294266913 -2.668153266570364 7255 24 True
car 23.94078034231535 100.73680440545351 -1.5515143126817157 4.673638820648193 1.8118125200271606 1.441947340965271 1.5716990092684426 -10.010902565820947 -0.016398874223531538 7258 0 False
truck -36.079786722563085 -4.02731523317201 -0.3609323179604331 8.46804141998291 2.8910882472991943 3.8274123668670654 -3.141258436724345 8.761928990744629 0.003677404629400721 7261 81 True
car -69.18522501889012 -4.033792585885418 -1.4376793462551727 4.611005783081055 2.241713285446167 1.6672759056091309 -3.141445390474955 13.64081841680634 0.00022941662607242963 7260 2 True
car 78.3634377842115 3.571060521856529 -1.388317371251068 4.855708599090576 2.0327565670013428 1.6493593454360962 0.9044112722697787 -1.4257101369633536 14.36352249125658 7242 0 True
car 47.83886588638126 -3.9608525676186366 -1.4528067405529783 5.237514495849609 1.9297595024108887 1.638383150100708 -3.141118620885213 -7.516068801549207e-08 -4.684773529273035e-08 7243 8 True
motorcycle -7.473329252443818 -0.005477781988572961 -1.5050901844504732 2.0333523750305176 0.8025798797607422 1.499274730682373 0.0008083778092103699 3.8937285324310564 0.005304508741730026 7257 136 True
pedestrian 19.29411047137171 24.393566601882426 -1.2157931410527396 0.3753577768802643 0.3753577768802643 1.8600000143051147 1.5898508336101107 -1.5370391548093232 -0.06445577354641709 7251 0 True
pedestrian 31.8425181716795 -8.476150220826174 -1.214633499397214 0.9953577518463135 0.3753577768802643 1.8600000143051147 3.0538626183158026 3.5235946486453105 -0.5452035967310278 7249 6 True
pedestrian 31.361216499388718 10.138206402549054 -1.2063315454976165 0.3753577768802643 0.3753577768802643 1.8600000143051147 -2.1597443218070134 -0.7193919754203797 1.5854779224026445 7245 0 True
pedestrian 18.57044182575129 -1.4814215773550368 -2.0827986598806016 0.3753577768802643 0.3753577768802643 1.8600000143051147 -2.047206952363756 0.015341332361055763 0.029533060213855118 7247 2 True
pedestrian 19.031924212236845 32.582703154773576 -1.215790988959513 0.3753577768802643 0.3753577768802643 1.8600000143051147 1.593022256315443 -1.800797240102074 -0.047847879733790455 7253 0 True