-4.45485959232883e-09 7.848979244329257e-09
car 8.179018360604289 70.58154621172262 -1.3254451243430423 4.181210041046143 1.994117259979248 1.3805816173553467 -1.5705429320157367 0.0 0.0 20001 3 False
car -66.0990786208911 70.12222071131268 -1.3508956178957303 5.357479572296143 2.033203125 1.4147460460662842 -1.5705423993839687 0.0 0.0 20003 0 False
car 0.9638410286182193 93.10933429344571 -1.0607941742978375 4.4777727127075195 2.069315195083618 2.0377910137176514 0.000252467458216182 0.0 0.0 20011 0 False
car 81.395880249024 82.67281899432227 -1.5092140837805896 3.633375883102417 1.845113754272461 1.5012825727462769 1.5721075378345915 -14.663177120073124 -0.03529069886040688 7259 0 False
car -0.031222269270983816 -7.975304590068788e-07 -1.3761317571003229 4.552699089050293 2.097072124481201 1.7671663761138916 0.0 -4.45485935004846e-09 7.848978817430846e-09 -100 1568 False
car 41.59191553961983 0.24203287299832033 -1.5507815858666567 4.673638820648193 1.8118125200271606 1.441947340965271 -0.06501092389566368 8.137695193375786 -0.9497575965021133 7244 10 True
car 29.451478360575152 4.538422638636242 -1.5514028854921276 4.673638820648193 1.8118125200271606 1.441947340965271 -1.0793731515157485 -3.923346010390543 -7.125872383081433 7255 27 True
car 23.948057880737338 90.25211076904765 -1.551528647403627 4.673638820648193 1.8118125200271606 1.441947340965271 1.5714469412841796 -13.325798785102293 -0.014735168765086824 7258 0 False
truck -28.44242777712327 -4.024512706865278 -0.36095444892479756 8.46804141998291 2.8910882472991943 3.8274123668670654 -3.1411071693021984 8.184673803723507 0.005842221400768876 7261 159 True
car -56.899123598916674 -4.030103329250106 -1.4375219223761135 4.611005783081055 2.241713285446167 1.6672759056091309 -3.141108500881619 13.602641036361142 0.00962910571122195 7260 8 True
car 64.4704433472811 0.05132616852304306 -1.459345743759527 4.855708599090576 2.0327565670013428 1.6493593454360962 0.0015737592570355368 17.065433470419332 0.055831127530455466 7242 1 True
car 47.83886588638126 -3.9608525676186366 -1.4528067405529783 5.237514495849609 1.9297595024108887 1.638383150100708 -3.141118620885213 -4.142116848192249e-06 -3.697284871543451e-08 7243 6 True
motorcycle -9.953553349324977 -0.007548456321385011 -1.5063171743806438 2.0333523750305176 0.8025798797607422 1.4992746114730835 0.0007843326902930728 2.7683143290037022 0.002745896474281311 7257 75 True
pedestrian 19.324521996918577 23.012131313715386 -1.2157932027927565 0.3753577768802643 0.3753577768802643 1.8600000143051147 1.5865515792804294 -1.5282371730544353 -0.04830359712512528 7251 1 True
pedestrian 35.05310347012261 -8.770841197835914 -1.2146380960658507 0.9953577518463135 0.3753577768802643 1.8600000143051147 3.0436914820717704 3.529018278234903 -0.6433151956082983 7249 5 True
pedestrian 31.967385629210355 11.222997426007504 -1.2063323983093373 0.3753577768802643 0.3753577768802643 1.8600000143051147 -1.6135300441254508 -0.13667351049474727 0.007408236553858164 7245 1 True
pedestrian 18.543142027193767 -1.5341872516067854 -2.0828257416378513 0.3753577768802643 0.3753577768802643 1.8600000143051147 -2.0472148086823356 0.021291456415975765 0.043959837302307084 7247 4 True
pedestrian 19.05287346701226 30.968690993425795 -1.2157910402338346 0.3753577768802643 0.3753577768802643 1.8600000143051147 1.6267145445976257 -1.791315025027813 -0.20199554661300925 7253 2 True