7.063485622406006 0.0037312256172299385
car 17.780225488584676 70.5753560314209 -1.3235904427371188 4.181210041046143 1.994117259979248 1.3805816173553467 -1.5713178969992951 0.0 0.0 20001 0 False
car -56.49820537985062 70.17359361720828 -1.3577362326915465 5.357479572296143 2.033203125 1.4147460460662842 -1.571317364367527 0.0 0.0 20003 0 False
car 10.582477290725478 93.10872983763124 -1.0597819169132745 4.4777727127075195 2.069315195083618 2.0377910137176514 -0.0005224975253421002 0.0 0.0 20011 0 False
car 91.03112123728897 45.90247693355559 -1.4985892200200805 3.633375883102417 1.845113754272461 1.5012825727462769 1.5713305754819027 -4.590042360160335 -0.007318775409838403 7259 0 False
car -0.03124624423367095 -9.064053632101832e-07 -1.3761316342026153 4.552699089050293 2.097072124481201 1.7671663761138916 0.0 7.063485945452172 0.0037312257556831284 -100 1625 False
car 37.5710473540193 17.48266348732791 -1.5475486465261383 4.673638820648193 1.8118125200271606 1.441947340965271 -1.5709386631803932 -8.376174570253617 -0.0018960390829960514 7244 13 True
car 37.586772192803096 34.212825229364384 -1.547224839055569 4.673638820648193 1.8118125200271606 1.441947340965271 -1.5721670451956213 -8.826855476530815 0.022450944259049387 7255 15 True
car 33.57015948807259 45.56999671594086 -1.5474731579282732 4.673638820648193 1.8118125200271606 1.441947340965271 1.5702755651071976 -5.374934633148505 0.0006808021193049192 7258 0 False
truck 5.006164327531394 -4.006159125236749 -0.3608380153511439 8.46804141998291 2.8910882472991943 3.8274123668670654 -3.141539385742971 5.0553449217905815 0.003001688039074051 7261 6671 True
car -8.173152675179097 -3.9992403907667216 -1.441241171154225 4.611005783081055 2.241713285446167 1.6672759056091309 3.1414739005136068 6.422084391238649 0.002313542681356695 7260 769 True
car 19.52784865928811 0.0001746313837269753 -1.4587618142385492 4.855708599090576 2.0327565670013428 1.6493593454360962 1.9977202304949362e-05 14.992068434452879 0.008374299056230614 7242 81 True
car 62.10710236442492 -3.9992332874639978 -1.4457700108262899 5.237514495849609 1.9297595024108887 1.638383150100708 3.1380168540226197 -1.5924445677404275e-06 1.2165160262259624e-07 7243 5 True
motorcycle -16.833905626516923 0.0027521554905720613 -1.5084161672412835 2.0333523750305176 0.8025798797607422 1.4992748498916626 -0.00036045295748238763 6.401712211166486 -0.0012844010330476494 7257 26 True
pedestrian 29.129964049863474 17.41797746909692 -1.2126106954480886 0.3753577768802643 0.3753577768802643 1.8600000143051147 1.7225021239099083 -1.5064642577974534 -0.4555543432365288 7251 0 True
pedestrian 56.46727802949658 -9.091685326444978 -1.2082721480035117 0.9953577518463135 0.3753577768802643 1.8600000143051147 -3.140060799954668 3.156209238886436 0.02913079950553468 7249 2 True
pedestrian 41.20611664987638 15.444200075873134 -1.2017352904712146 0.3753577768802643 0.3753577768802643 1.8600000143051147 -1.277756166946347 -1.02481565420339 -0.6111468989127403 7245 0 True
pedestrian 26.64082889159306 -1.3698910126918333 -1.3160729012455579 0.9953577518463135 0.3753577768802643 1.8600000143051147 1.4955147043440715 -3.399472526013114 0.5133760158655042 7247 7 True
pedestrian 28.985206388575875 24.489636662325122 -1.2126256120587977 0.3753577768802643 0.3753577768802643 1.8600000143051147 1.610783542652194 -1.7331842613665367 -0.19757198652338007 7253 1 True