1.33036762162142e-10 -2.4411037080618314e-10
car 8.179018360604289 70.58154621172262 -1.3254451243430423 4.181210041046143 1.994117259979248 1.3805816173553467 -1.5705429320157367 0.0 0.0 20001 2 False
car -66.0990786208911 70.12222071131268 -1.3508956178957303 5.357479572296143 2.033203125 1.4147460460662842 -1.5705423993839687 0.0 0.0 20003 0 False
car 0.9638410286182193 93.10933429344571 -1.0607941742978375 4.4777727127075195 2.069315195083618 2.0377910137176514 0.000252467458216182 0.0 0.0 20011 0 False
car -0.031222269270983816 -7.975304590068788e-07 -1.3761317571003229 4.552699089050293 2.097072124481201 1.7671663761138916 0.0 1.3303675490288063e-10 -2.4411035752912626e-10 -100 1573 False
car 81.29739570767276 18.92100831008805 -1.5517114060780859 4.673638820648193 1.8118125200271606 1.441947340965271 1.538300467406379 -8.531265022703936 0.5450815297561417 7244 0 False
car 69.23987706330371 0.07440105863628776 -1.5511332287204733 4.673638820648193 1.8118125200271606 1.441947340965271 0.012716042509741253 12.23718550421821 0.37062549444152243 7255 6 True
truck -68.8696855683965 -4.039328214377124 -0.3608151975272078 8.46804141998291 2.8910882472991943 3.8274123668670654 -3.1411513777389524 10.431369719807982 0.00652710613576583 7261 23 True
car -115.2418923241911 -4.049796236650043 -1.4355237230383757 4.611005783081055 2.241713285446167 1.6672759056091309 -3.14131782516649 11.90423009470659 0.002154136956741685 7260 0 True
car 81.45318629799999 43.38060467995928 -1.456352755504438 4.855708599090576 2.0327565670013428 1.6493593454360962 1.5718819682807923 0.015533132809922634 -5.118535656475339e-06 7242 0 False
car 47.83886588638126 -3.9608525676186366 -1.4528067405529783 5.237514495849609 1.9297595024108887 1.638383150100708 -3.141118620885213 -2.58188187489447e-09 6.816929893187677e-09 7243 7 True
motorcycle -6.597993737818513 -0.004765568987799451 -1.5064694960056113 2.0333523750305176 0.8025798797607422 1.4992756843566895 0.0007726841661620679 1.1795010984498658e-08 -5.210592448453729e-08 7257 163 True
pedestrian 19.17131090054977 29.89495824810607 -1.2157928927640544 0.3753577768802643 0.3753577768802643 1.8600000143051147 1.5940208077227274 -1.6745071167085777 -0.07640886780902546 7251 0 True
pedestrian 20.10163055672183 -7.468875981410378 -1.2146166906282323 0.9953577518463135 0.3753577768802643 1.8600000143051147 3.0940558104858398 3.561008491065296 -0.428429988294113 7249 10 True
pedestrian 25.773497185879137 8.146066836214167 -1.3189764763348446 0.3753577768802643 0.3753577768802643 1.8600000143051147 -2.8270118187984887 1.4183776873439695 1.0316065644950934 7245 3 True
pedestrian 18.69236034684309 -1.2448162735043709 -2.0828167572599696 0.3753577768802643 0.3753577768802643 1.8600000143051147 -2.047212678155263 -0.032139850610392706 -0.05936330639787904 7247 4 True
pedestrian 18.968248809601505 38.75765188012199 -1.2157908163571567 0.3753577768802643 0.3753577768802643 1.8600000143051147 1.5693128189472623 -1.8270917481438573 0.006614439978693241 7253 0 True