-3.862060475512408e-05 3.7384768347692443e-07
car 8.179077379495311 70.58154610631543 -1.3256525873359712 4.181210041046143 1.994117259979248 1.3805816173553467 -1.5705429320157367 0.0 0.0 20001 1 False
car -66.09902037279019 70.12222061520391 -1.3488630243099853 5.357479572296143 2.033203125 1.4147460460662842 -1.5705423993839687 0.0 0.0 20003 0 False
car 0.9639080290484685 93.10933409175317 -1.0607758314989981 4.4777727127075195 2.069315195083618 2.0377910137176514 0.000252467458216182 0.0 0.0 20011 0 False
car 81.42143819698731 64.2457852530418 -1.5119373399082021 3.633375883102417 1.845113754272461 1.5012825727462769 1.572247353673723 -11.486915690930172 -0.03105831977372483 7259 0 False
car -0.031225815052948747 -7.808168644984903e-07 -1.376131761667526 4.552699089050293 2.097072124481201 1.7671663761138916 0.0 -3.8620602693138824e-05 3.738476636038841e-07 -100 1517 False
car 32.91982961120908 1.7550913646203448 -1.5503469568501411 4.673638820648193 1.8118125200271606 1.441947340965271 -0.4710879982360204 5.791131340458164 -7.181446257659536 7244 34 True
car 28.01793995564327 15.31396615220335 -1.5522417426385435 4.673638820648193 1.8118125200271606 1.441947340965271 -1.5706804841698538 -7.5238149214761805 0.002914996919131907 7255 26 True
car 23.96474814470082 68.89257202368479 -1.55184155056901 4.673638820648193 1.8118125200271606 1.441947340965271 1.5715959450213115 -15.093021840745136 -0.021093647888221274 7258 0 False
truck -17.669147752683557 -4.018652051228492 -0.3605903455520634 8.46804141998291 2.8910882472991943 3.8274123668670654 -3.1413532451790704 7.179746049179051 0.0024021278565475104 7261 514 True
car -38.31490267549748 -4.021282781216581 -1.4377783477034256 4.611005783081055 2.241713285446167 1.6672759056091309 -3.1412435230348374 12.066237924922227 0.005177546814075021 7260 19 True
car 40.60499484556556 0.028870522446821312 -1.4619188204678717 4.855708599090576 2.0327565670013428 1.6493593454360962 0.001100809294651366 17.83401274860472 0.03561558928736666 7242 19 True
car 47.83507584316692 -3.960856824238199 -1.454516888001949 5.237514495849609 1.9297595024108887 1.638383150100708 -3.141117821937561 -0.005546258486278199 -1.7724022894793915e-05 7243 6 True
motorcycle -13.915321408103296 -0.011000005701504723 -1.5049331373640733 2.0333523750305176 0.8025798797607422 1.499274730682373 0.0008010575033620827 2.9389703237729368 0.004014970726416912 7257 33 True
pedestrian 19.359032179740154 20.880038868689034 -1.2163560131186175 0.3753577768802643 0.3753577768802643 1.8600000143051147 1.630314336402469 -1.673593039777031 -0.2844311444625882 7251 1 True
pedestrian 39.988742081574685 -9.005981545530403 -1.2158409570627002 0.9953577518463135 0.3753577768802643 1.8600000143051147 3.129352518811544 3.341601114094268 -0.06835053258528091 7249 4 True
pedestrian 31.934953432085422 12.636202741359444 -1.2072773546147642 0.3753577768802643 0.3753577768802643 1.8600000143051147 -1.4867823254246182 -0.5942540703124372 -0.06493902022372552 7245 2 True
pedestrian 18.5019997393602 -1.6137835650980392 -2.0833415174113736 0.3753577768802643 0.3753577768802643 1.8600000143051147 1.0943839131628672 0.027031695811792395 0.05223777606959134 7247 4 True
pedestrian 19.198808673167264 28.45600786595172 -1.2163464262448083 0.3753577768802643 0.3753577768802643 1.8600000143051147 1.6139522879596286 -1.755885525035874 -0.10632359333631193 7253 1 True