7.263019963232864e-09 2.735390580710373e-09
car 8.179018360604289 70.58154621172262 -1.3254451243430423 4.181210041046143 1.994117259979248 1.3805816173553467 -1.5705429320157367 0.0 0.0 20001 4 False
car -66.0990786208911 70.12222071131268 -1.3508956178957303 5.357479572296143 2.033203125 1.4147460460662842 -1.5705423993839687 0.0 0.0 20003 0 False
car 0.9638410286182193 93.10933429344571 -1.0607941742978375 4.4777727127075195 2.069315195083618 2.0377910137176514 0.000252467458216182 0.0 0.0 20011 0 False
car -0.031222269270983816 -7.975304590068788e-07 -1.3761317571003229 4.552699089050293 2.097072124481201 1.7671663761138916 0.0 7.263019568177274e-09 2.7353904319351635e-09 -100 1588 False
car 52.570812341876774 0.06360659427633486 -1.551058063978659 4.673638820648193 1.8118125200271606 1.441947340965271 -0.0023813963751933643 13.620961873045946 -0.0728188422973303 7244 4 True
car 36.8291528542191 0.7462857923505553 -1.5517057309711286 4.673638820648193 1.8118125200271606 1.441947340965271 -0.1768819335463312 5.946057379707247 -2.0399319895785895 7255 18 True
car 23.93973169093607 101.73914636781657 -1.551433891284137 4.673638820648193 1.8118125200271606 1.441947340965271 1.5717368261239792 -10.041374742570152 -0.015995927866420866 7258 0 False
truck -36.95927273457022 -4.027615919510058 -0.3609240265016558 8.46804141998291 2.8910882472991943 3.8274123668670654 -3.141254974617852 8.81961960217291 0.003698904529451426 7261 70 True
car -70.55013892338042 -4.033961753409672 -1.4376854403597101 4.611005783081055 2.241713285446167 1.6672759056091309 -3.1414464557384916 13.640232880104058 9.099639048697864e-05 7260 4 True
car 79.3635030087624 4.633423182042375 -1.387204121369721 4.855708599090576 2.0327565670013428 1.6493593454360962 1.0546871338007184 -4.942788944461872 13.04507981177849 7242 0 True
car 47.83886588638126 -3.9608525676186366 -1.4528067405529783 5.237514495849609 1.9297595024108887 1.638383150100708 -3.141118620885213 -3.71153245401038e-08 -1.9119418686416444e-08 7243 9 True
motorcycle -7.154603733064448 -0.005219847643711084 -1.5068738325452689 2.0333523750305176 0.8025798797607422 1.4992749691009521 0.0008078332140333949 2.1995784143406945 0.0029950702177355794 7257 147 True
pedestrian 19.290409151351867 24.54757643304135 -1.2157931337249137 0.3753577768802643 0.3753577768802643 1.8600000143051147 1.5928106683455574 -1.5380991832164685 -0.06512537746551103 7251 1 True
pedestrian 31.485788850378015 -8.439430645175268 -1.214632988607169 0.9953577518463135 0.3753577768802643 1.8600000143051147 3.0424938595411515 3.5287285975162486 -0.6426821645178905 7249 6 True
pedestrian 31.24058240143586 10.010921202577233 -1.2063313746094388 0.3753577768802643 0.3753577768802643 1.8600000143051147 -2.2615116105829873 -0.5203803228853064 1.6747820815211396 7245 1 True
pedestrian 18.573492064324398 -1.4754544055987473 -2.0828155024773802 0.3753577768802643 0.3753577768802643 1.8600000143051147 -2.04720788446935 0.013257463218901084 0.028130038800580372 7247 3 True
pedestrian 19.03258020618773 32.76302787717231 -1.2157909875174975 0.3753577768802643 0.3753577768802643 1.8600000143051147 1.5775214734416538 -1.8018591147341785 -0.04180858475585081 7253 3 True