-6.40608677215937e-10 7.650901023836809e-10
car 8.179018360604289 70.58154621172262 -1.3254451243430423 4.181210041046143 1.994117259979248 1.3805816173553467 -1.5705429320157367 0.0 0.0 20001 6 False
car -66.0990786208911 70.12222071131268 -1.3508956178957303 5.357479572296143 2.033203125 1.4147460460662842 -1.5705423993839687 0.0 0.0 20003 0 False
car 0.9638410286182193 93.10933429344571 -1.0607941742978375 4.4777727127075195 2.069315195083618 2.0377910137176514 0.000252467458216182 0.0 0.0 20011 0 False
car 81.39173857057989 87.19349362261752 -1.5093200548426173 3.633375883102417 1.845113754272461 1.5012825727462769 1.5710546579869586 -15.420098803545715 -0.009490062009623405 7259 0 False
car -0.031222269270983816 -7.975304590068788e-07 -1.3761317571003229 4.552699089050293 2.097072124481201 1.7671663761138916 0.0 -6.406086423751645e-10 7.650900607711689e-10 -100 1592 False
car 44.3526523438357 0.14336765570243148 -1.5508494922181035 4.673638820648193 1.8118125200271606 1.441947340965271 -0.028993814458833797 9.956236737094342 -0.5428238748496383 7244 10 True
car 31.32008091800816 2.696293734725919 -1.551359687290181 4.673638820648193 1.8118125200271606 1.441947340965271 -0.682959228354136 2.4999093297479487 -9.197829180362948 7255 33 True
car 23.945647784675145 94.08469837123135 -1.5515147054806813 4.673638820648193 1.8118125200271606 1.441947340965271 1.5714543981289335 -12.278173139525972 -0.014546798917059385 7258 0 False
truck -30.929915320766952 -4.025542983651198 -0.36095637418672033 8.46804141998291 2.8910882472991943 3.8274123668670654 -3.1412118314446342 8.388875205869377 0.004342313971526277 7261 128 True
car -60.987257911080974 -4.031969566006778 -1.437766175367968 4.611005783081055 2.241713285446167 1.6672759056091309 -3.141192390385098 13.64450968431655 0.005991172593183983 7260 7 True
car 69.71482135216826 0.197859246811511 -1.4583821054897597 4.855708599090576 2.0327565670013428 1.6493593454360962 0.08281729908503427 17.196554963971327 2.9563980885591055 7242 0 True
car 47.83886588638126 -3.9608525676186366 -1.4528067405529783 5.237514495849609 1.9297595024108887 1.638383150100708 -3.141118620885213 -9.520890837754764e-07 -4.209529739281947e-08 7243 10 True
motorcycle -9.112275458862939 -0.0068008069141249905 -1.5061418288704633 2.0333523750305176 0.8025798797607422 1.4992743730545044 0.0008078837984469201 3.1642860869229774 0.004285151270413161 7257 66 True
pedestrian 19.31366281215861 23.47166796483542 -1.2157931811923401 0.3753577768802643 0.3753577768802643 1.8600000143051147 1.5939765992859731 -1.5307307144935167 -0.0675309530315228 7251 0 True
pedestrian 33.98261054655046 -8.661531318671402 -1.2146365632706726 0.9953577518463135 0.3753577768802643 1.8600000143051147 3.039616316413879 3.5134858070326764 -0.7221807602394884 7249 4 True
pedestrian 31.850279335596383 10.904036029702747 -1.2063322349979937 0.3753577768802643 0.3753577768802643 1.8600000143051147 -1.8946415065985784 -0.5226468440950596 0.31058411010285836 7245 3 True
pedestrian 18.55220132205477 -1.5168033663522733 -2.0828142357701913 0.3753577768802643 0.3753577768802643 1.8600000143051147 -2.047206286574046 0.01903165242201629 0.03913273936956818 7247 4 True
pedestrian 19.045015939212988 31.50514605747889 -1.2157910219119414 0.3753577768802643 0.3753577768802643 1.8600000143051147 1.5841596631677415 -1.79493704326357 -0.06930673765706812 7253 1 True