-1.837646423918926e-10 1.0940612860110832e-09
car 8.179018360604289 70.58154621172262 -1.3254451243430423 4.181210041046143 1.994117259979248 1.3805816173553467 -1.5705429320157367 0.0 0.0 20001 2 False
car -66.0990786208911 70.12222071131268 -1.3508956178957303 5.357479572296143 2.033203125 1.4147460460662842 -1.5705423993839687 0.0 0.0 20003 0 False
car 0.9638410286182193 93.10933429344571 -1.0607941742978375 4.4777727127075195 2.069315195083618 2.0377910137176514 0.000252467458216182 0.0 0.0 20011 0 False
car -0.031222269270983816 -7.975304590068788e-07 -1.3761317571003229 4.552699089050293 2.097072124481201 1.7671663761138916 0.0 -1.837646324094024e-10 1.0940612265061964e-09 -100 1575 False
car 78.93437294294347 4.121436865215687 -1.499379157697216 4.673638820648193 1.8118125200271606 1.441947340965271 1.0002588249958886 -3.3588912908741726 13.321142143052816 7244 0 True
car 54.79059890066321 0.06773133734467329 -1.5512675310294952 4.673638820648193 1.8118125200271606 1.441947340965271 -0.003567034951104058 11.085375836504381 -0.079338283078942 7255 8 True
car 23.92742703483185 116.50646966707663 -1.551617022629726 4.673638820648193 1.8118125200271606 1.441947340965271 1.5711962048793366 -5.159014653230127 -0.002132551095787186 7258 0 False
truck -54.687451285875 -4.033400491300777 -0.3608586118972865 8.46804141998291 2.8910882472991943 3.8274123668670654 -3.141268290412055 9.806488005284065 0.0038723187950182006 7261 35 True
car -96.49654786128676 -4.043114449681948 -1.4376678145686408 4.611005783081055 2.241713285446167 1.6672759056091309 -3.1410895924538504 13.647005040668056 0.00957260726349251 7260 0 True
car 81.46918439539962 33.52457156175302 -1.456693608646495 4.855708599090576 2.0327565670013428 1.6493593454360962 1.5730632123845418 -13.325641341981772 -0.05496335516782704 7242 0 False
car 47.83886588638126 -3.9608525676186366 -1.4528067405529783 5.237514495849609 1.9297595024108887 1.638383150100708 -3.141118620885213 -8.343189592302773e-08 -7.130720891018953e-08 7243 10 True
motorcycle -6.597993737818911 -0.004765568987795454 -1.5064697940288352 2.0333523750305176 0.8025798797607422 1.4992752075195312 0.0007726841661620679 -5.098757310188173e-07 4.41038998524317e-09 7257 172 True
pedestrian 19.22235886048344 27.52886519915891 -1.2157929970229475 0.3753577768802643 0.3753577768802643 1.8600000143051147 1.597360275750902 -1.6086577400754865 -0.09432526798591016 7251 1 True
pedestrian 24.973055016513115 -7.808798885710367 -1.2146236637431236 0.3753577768802643 0.3753577768802643 1.8600000143051147 3.064427103120592 0.44576551462589925 -0.07213813344674262 7249 6 True
pedestrian 28.108173177901563 8.905714474762549 -1.318979806087272 0.3753577768802643 0.3753577768802643 1.8600000143051147 -2.8270142156414457 1.4183802085176789 1.0316032072897992 7245 5 True
pedestrian 18.63721186218038 -1.3520319506055318 -2.0828469589443137 0.3753577768802643 0.3753577768802643 1.8600000143051147 -2.0472098818384805 -0.011238372888297722 -0.017624307581983873 7247 1 True
pedestrian 18.985012420309374 36.20331577223586 -1.2157908740568515 0.3753577768802643 0.3753577768802643 1.8600000143051147 1.5925949524794685 -1.8190261104398167 -0.04747528829201786 7253 1 True