-1.6602402785892423e-10 3.259923164744549e-10
car 8.179018360604289 70.58154621172262 -1.3254451243430423 4.181210041046143 1.994117259979248 1.3805816173553467 -1.5705429320157367 0.0 0.0 20001 1 False
car -66.0990786208911 70.12222071131268 -1.3508956178957303 5.357479572296143 2.033203125 1.4147460460662842 -1.5705423993839687 0.0 0.0 20003 0 False
car 0.9638410286182193 93.10933429344571 -1.0607941742978375 4.4777727127075195 2.069315195083618 2.0377910137176514 0.000252467458216182 0.0 0.0 20011 0 False
car -0.031222269270983816 -7.975304590068788e-07 -1.3761317571003229 4.552699089050293 2.097072124481201 1.7671663761138916 0.0 -1.660240188725094e-10 3.2599229874427783e-10 -100 1601 False
car 65.28755009498678 0.056351451091876115 -1.5512198431005326 4.673638820648193 1.8118125200271606 1.441947340965271 0.001218821431034969 15.058492808124273 0.03547488344581181 7244 0 True
car 43.91938192396276 0.19191714757401712 -1.5511001053567182 4.673638820648193 1.8118125200271606 1.441947340965271 -0.035454637806137404 10.56947703678708 -0.7278576115151261 7255 16 True
car 23.93305657560552 109.61793651851949 -1.551480626980138 4.673638820648193 1.8118125200271606 1.441947340965271 1.5716051329193115 -7.489166589541847 -0.010388888111735028 7258 0 False
truck -45.12287684691097 -4.030233899665557 -0.36088969864340936 8.46804141998291 2.8910882472991943 3.8274123668670654 -3.1413050420040554 9.306810048716448 0.0030028860011734456 7261 61 True
car -82.84051271039107 -4.038019023979241 -1.4376842501722105 4.611005783081055 2.241713285446167 1.6672759056091309 -3.1412560398813882 13.646279825926102 0.005534319769376279 7260 0 True
car 81.52731024418404 17.142784669853114 -1.458838721585706 4.855708599090576 2.0327565670013428 1.6493593454360962 1.5878460076349048 -16.767055811777844 -0.6999421564347356 7242 0 False
car 47.83886588638126 -3.9608525676186366 -1.4528067405529783 5.237514495849609 1.9297595024108887 1.638383150100708 -3.141118620885213 -1.0948681401876595e-09 -3.289000081943194e-09 7243 12 True
motorcycle -6.598207361024265 -0.004765265747248559 -1.5065258220893298 2.0333523750305176 0.8025798797607422 1.4992748498916626 0.0007727299717139039 -0.0002800159329127493 -2.756193541431374e-06 7257 172 True
pedestrian 19.257950036489888 25.94044766235783 -1.2157930689048344 0.3753577768802643 0.3753577768802643 1.8600000143051147 1.6035937984911601 -1.5468958075463606 -0.08280298016444233 7251 1 True
pedestrian 28.27595426034651 -8.096699086771313 -1.2146283923782573 0.9953577518463135 0.3753577768802643 1.8600000143051147 3.034916107376098 3.505381443551812 -0.7602971194532286 7249 4 True
pedestrian 29.77585120399897 9.44831340470742 -1.3189821845567897 0.3753577768802643 0.3753577768802643 1.8600000143051147 -2.8265998281258478 1.4149995346839879 1.03621002251778 7245 3 True
pedestrian 18.602225442544977 -1.4197566224845994 -2.0827930420921463 0.3753577768802643 0.3753577768802643 1.8600000143051147 -2.047208150785234 0.0046209310476934854 0.009526086659967799 7247 2 True
pedestrian 19.014191785146068 34.38742048181766 -1.2157909397694477 0.3753577768802643 0.3753577768802643 1.8600000143051147 1.5717907550905015 -1.8104767835722873 -0.022115320278542683 7253 0 True