7.597909927368164 0.004239300265908241
car 12.09863829239805 70.57403648302656 -1.3414782290633007 4.181210041046143 1.994117259979248 1.3805816173553467 -1.5714252789967265 0.0 0.0 20001 0 False
car -62.179802591900255 70.18025016511777 -1.2652153732209597 5.357479572296143 2.033203125 1.4147460460662842 -1.5714247463649584 0.0 0.0 20003 0 False
car 4.903710031166611 93.10818284092204 -1.0669522825626419 4.4777727127075195 2.069315195083618 2.0377910137176514 -0.0006298795227734182 0.0 0.0 20011 0 False
car 85.34476584976136 50.163138017080726 -1.6259231151931015 3.633375883102417 1.845113754272461 1.5012825727462769 1.5712098776902683 -7.296223689016662 -0.010804969708515725 7259 0 False
car -0.031297052977777184 -8.175324339720902e-07 -1.376131794741299 4.552699089050293 2.097072124481201 1.7671663761138916 0.0 7.597909989295603 0.004239300693431015 -100 1565 False
car 31.883587314051795 11.936794653288663 -1.5943608096853745 4.673638820648193 1.8118125200271606 1.441947340965271 -1.570315807023731 -8.897538491508445 -0.01511710103076675 7244 10 True
car 31.889371234758926 27.95673961547423 -1.594444667846269 4.673638820648193 1.8118125200271606 1.441947340965271 -1.572138739250124 -9.57900949639393 0.02043217019803308 7255 16 True
car 27.884660782851256 50.540181508712635 -1.588766064130403 4.673638820648193 1.8118125200271606 1.441947340965271 1.5710153339369624 -8.961463656008721 -0.008160905993301727 7258 0 False
truck -4.288977546215904 -4.005551176369092 -0.3547340602007867 8.46804141998291 2.8910882472991943 3.8274123668670654 -3.1414443676685164 5.446180915743491 0.005035035762009703 7261 7325 True
car -19.05578856616785 -3.9956167000226834 -1.412571980368238 4.611005783081055 2.241713285446167 1.6672759056091309 3.1412328279423773 8.292436288859474 -0.0018814975180925103 7260 95 True
car 22.91039310353443 -0.04290847215534033 -1.4801395815681844 4.855708599090576 2.0327565670013428 1.6493593454360962 -0.0008706290983455773 10.873863713366104 -0.16563188411807678 7242 47 True
car 56.19986868433591 -4.005139088536558 -1.5292319700306365 5.237514495849609 1.9297595024108887 1.638383150100708 3.13758030559249 1.2886156774230277 -0.006443260507102489 7243 3 True
motorcycle -17.197874378857534 0.0026649746648435 -1.4834168080799053 2.0333523750305176 0.8025798797607422 1.4992746114730835 -0.00046710486188096306 6.683541507511248 -0.0020432806634442524 7257 23 True
pedestrian 23.33270925703033 18.5267852550594 -1.2472614748791682 0.3753577768802643 0.3753577768802643 1.8600000143051147 1.5901369475704357 -1.4919802724943811 -0.1601360580920501 7251 0 True
pedestrian 48.61564287824001 -9.099351552443181 -1.2807687616571277 0.9953577518463135 0.3753577768802643 1.8600000143051147 3.137404803424894 3.1406262103178713 -0.005587718801828026 7249 0 True
pedestrian 35.87620639304828 14.452515407233314 -1.2549809941070007 0.3753577768802643 0.3753577768802643 1.8600000143051147 -1.2266043991592663 -1.0914372257845555 -0.9066202749383995 7245 0 False
pedestrian 21.5015021308281 -1.2142284462546535 -1.37756645479517 0.3753577768802643 0.3753577768802643 1.8600000143051147 0.7142805304424028 0.7023683412758102 0.0034177015179099905 7247 1 True
pedestrian 23.218535335969932 25.757968103271594 -1.2470960303407232 0.3753577768802643 0.3753577768802643 1.8600000143051147 1.6702255907521308 -1.8879601578634584 -0.34850838328193734 7253 1 True