5.559572219848633 0.0024857865646481514
car 27.532976154408402 70.57964978007912 -1.2889336891997565 4.181210041046143 1.994117259979248 1.3805816173553467 -1.5711560595803336 0.0 0.0 20001 0 False
car -46.74528980765504 70.1658665402058 -1.4150623877582669 5.357479572296143 2.033203125 1.4147460460662842 -1.5711555269485653 0.0 0.0 20003 0 False
car -80.45426488710103 82.85814392034895 -1.3204984777421367 4.1928300857543945 1.8161858320236206 1.4738311767578125 -1.5711555269485653 0.0 0.0 20009 0 False
car 20.33126011046579 93.11185776565607 -1.0340077557821785 4.4777727127075195 2.069315195083618 2.0377910137176514 -0.00036066010638045106 0.0 0.0 20011 0 False
car 100.79154386951097 41.34841126763516 -1.3733767991917807 3.633375883102417 1.845113754272461 1.5012825727462769 1.5716129208384015 -2.360805291128726 -0.004704041045038409 7259 0 False
car -0.031240102641163503 -8.777551516736537e-07 -1.3761314748071785 4.552699089050293 2.097072124481201 1.7671663761138916 0.0 5.559572522587263 0.0024857865921750575 -100 1580 False
car 47.32854233125187 30.628660529453384 -1.487682099753037 4.673638820648193 1.8118125200271606 1.441947340965271 -1.5704460614334286 -7.3211273757213755 -0.0077497387957112555 7244 0 True
car 47.219952666931306 45.50149940738562 -1.4878111074627274 4.673638820648193 1.8118125200271606 1.441947340965271 -1.482947045619813 -7.3683006979126064 -1.0933730150762446 7255 0 False
car 43.3277571315964 37.96250435123261 -1.4931358344387264 4.673638820648193 1.8118125200271606 1.441947340965271 1.5710079843077585 -5.396033288071003 -0.00420570357025626 7258 0 True
truck 20.05275684253911 -4.002688159414632 -0.3342236288947764 8.46804141998291 2.8910882472991943 3.8274123668670654 -3.1412728861815737 3.246822390020965 0.003354136985497968 7261 364 True
car 7.358001512846101 -3.9982836651447573 -1.4301917005147786 4.611005783081055 2.241713285446167 1.6672759056091309 3.141586203178133 2.5945392252826327 0.0007339880240262463 7260 871 True
car 14.15874558913589 0.001955214096100333 -1.4428342248769548 4.855708599090576 2.0327565670013428 1.6493593454360962 0.0005660337356788416 7.78399865630916 0.009601864414798617 7242 195 True
car 71.87167274638784 -3.987777187196962 -1.3563618550747807 5.237514495849609 1.9297595024108887 1.638383150100708 3.1381786914415812 -0.0016535330232407349 -5.531867343442672e-05 7243 2 True
motorcycle -15.915664263112888 0.0034770613513901427 -1.5265351337383475 2.0333523750305176 0.8025798797607422 1.499274730682373 -0.00026069582080424556 3.6344621281548837 -0.000587834339606961 7257 23 True
pedestrian 39.02495434886163 15.534942852044303 -1.1637939418174723 0.3753577768802643 0.3753577768802643 1.8600000143051147 1.5778794667482832 -1.373896857597496 -0.0191087273602612 7251 0 False
pedestrian 70.3863443528046 -9.070486365610737 -1.1201929028857633 0.9953577518463135 0.3753577768802643 1.8600000143051147 -3.1298300915911534 3.2055762104468566 0.07589765730304349 7249 0 False
pedestrian 50.70804976455872 17.27196130666327 -1.138493412258613 0.3753577768802643 0.3753577768802643 1.8600000143051147 -1.3481667072239527 -1.3416824056403278 -0.7106491673991546 7245 1 True
pedestrian 36.084755400676386 -6.126289337507801 -1.1670024327943973 0.9953577518463135 0.3753577768802643 1.8600000143051147 1.6616272901769669 -2.7300672571128213 -1.9243205726125943 7247 0 False
pedestrian 38.89779924926535 22.206400415473052 -1.1639536812529916 0.3753577768802643 0.3753577768802643 1.8600000143051147 1.5943288668010955 -1.6625833324637846 -0.07820767330424001 7253 0 False