8.7972412109375 0.004584573674947023
car 22.1624666622468 70.5755646984784 -1.3049064997106372 4.181210041046143 1.994117259979248 1.3805816173553467 -1.5713095449144516 0.0 0.0 20001 0 False
car -52.115903752445035 70.17318196785524 -1.4011237998458514 5.357479572296143 2.033203125 1.4147460460662842 -1.5713090122826834 0.0 0.0 20003 0 True
car -85.8228882116533 82.87063318993741 -1.2929964810564551 4.1928300857543945 1.8161858320236206 1.4738311767578125 -1.5713090122826834 0.0 0.0 20009 0 False
car 14.964312579966418 93.10887813833162 -1.0470997347569584 4.4777727127075195 2.069315195083618 2.0377910137176514 -0.0005141454404986584 0.0 0.0 20011 0 False
car 95.41481884112164 43.4058067025816 -1.4188730099724587 3.633375883102417 1.845113754272461 1.5012825727462769 1.5714740828779064 -3.576668316372081 -0.0066872160429629025 7259 0 False
car -0.03123736218947215 -7.497139342671488e-07 -1.3761317262327846 4.552699089050293 2.097072124481201 1.7671663761138916 0.0 8.797240991177425 0.004584573908369459 -100 1550 False
car 41.9535421422633 23.855616567946786 -1.5116976580064363 4.673638820648193 1.8118125200271606 1.441947340965271 -1.5706080688758368 -11.554273497703944 -0.009569013950806901 7244 18 True
car 41.96790739128602 39.57339252690074 -1.512065751960081 4.673638820648193 1.8118125200271606 1.441947340965271 -1.5639805317851114 -7.807455522455757 -0.0814703332926105 7255 0 False
car 37.95176967252985 42.50323705394856 -1.515858237576021 4.673638820648193 1.8118125200271606 1.441947340965271 1.5673292756163337 -6.3796847255222575 0.01887772092381009 7258 0 True
truck 12.236403572379118 -4.005836277571431 -0.3507658635908073 8.46804141998291 2.8910882472991943 3.8274123668670654 -3.141496945224968 4.0780435384866935 0.0029009389403280217 7261 1245 True
car -0.5781457203329978 -3.999026115541259 -1.4406693332228917 4.611005783081055 2.241713285446167 1.6672759056091309 3.1414897094432037 4.705792477211539 0.0028772289503150254 7260 3756 True
car 15.737942925045616 0.00024524313815144083 -1.4467223671914995 4.855708599090576 2.0327565670013428 1.6493593454360962 -5.651020201957888e-06 11.973806038690135 0.006051714868212538 7242 161 True
car 66.49005144022607 -3.998654384443583 -1.3900882590231873 5.237514495849609 1.9297595024108887 1.638383150100708 3.138025206107463 -3.159941397097154e-05 -2.737915559697312e-07 7243 9 True
motorcycle -16.492135621714738 0.0041072567449891295 -1.521292692790825 2.0333523750305176 0.8025798797607422 1.499274730682373 -0.00031461983779114156 9.153662723732177 -0.00021996951594093343 7257 20 True
pedestrian 33.62902972505418 16.50876888229283 -1.1843631725105217 0.3753577768802643 0.3753577768802643 1.8600000143051147 1.6000748109306817 -1.4278662648548013 -0.07308309722888798 7251 0 True
pedestrian 62.70172823796321 -9.08829334078397 -1.1555443064910391 0.9953577518463135 0.3753577768802643 1.8600000143051147 3.1375096185559226 3.253900276056414 -0.007722852235438505 7249 3 True
pedestrian 45.4272502096004 16.122148942050288 -1.1636608267499156 0.3753577768802643 0.3753577768802643 1.8600000143051147 -1.4717793095645846 -1.4185564752402349 -0.24141258568428306 7245 0 True
pedestrian 30.863974123095716 -3.5528576598786206 -1.2901798939274063 0.9953577518463135 0.3753577768802643 1.8600000143051147 1.5004729366080023 -3.6581603780769028 0.5098604161097983 7247 3 True
pedestrian 33.440069024008665 23.430671050818994 -1.1845370040035503 0.3753577768802643 0.3753577768802643 1.8600000143051147 1.6604928302839124 -1.8027642787526819 -0.3056850937174528 7253 2 True