2.924622058868408 0.0016800097655504942
car 8.832801625954573 70.57587164893091 -1.3570205170316738 4.181210041046143 1.994117259979248 1.3805816173553467 -1.5712405572020895 0.0 0.0 20001 2 False
car -65.44515943172183 70.16836435003356 -1.1006452474181887 5.357479572296143 2.033203125 1.4147460460662842 -1.5712400245703215 0.0 0.0 20003 0 False
car 1.6343979876535286 93.10868763578898 -1.0650365933582744 4.4777727127075195 2.069315195083618 2.0377910137176514 -0.00044515772813670507 0.0 0.0 20011 0 False
car 82.07837435695109 55.070962609233796 -1.8188539549647746 3.633375883102417 1.845113754272461 1.5012825727462769 1.5716597169474869 -8.946552572564837 -0.019300445409219495 7259 0 False
car -0.031213283515512558 -8.802474387170633e-07 -1.3761319255214721 4.552699089050293 2.097072124481201 1.7671663761138916 0.0 2.9246218841833747 0.0016800097022800504 -100 1614 False
car 28.971192014186727 7.165662402941118 -1.6584876362298766 4.673638820648193 1.8118125200271606 1.441947340965271 -1.4084921241360395 -7.596610307423258 -3.0863287233933194 7244 50 True
car 28.630159770746843 22.808981236381648 -1.65814749108049 4.673638820648193 1.8118125200271606 1.441947340965271 -1.568288445627281 -8.093062728170297 -0.031013483404610874 7255 13 True
car 24.619745900466853 56.75425537306759 -1.642633069348917 4.673638820648193 1.8118125200271606 1.441947340965271 1.5712519873289907 -11.556993633393214 -0.015400395519426404 7258 0 False
truck -11.025236588891573 -4.008369905434442 -0.31760848509577966 8.46804141998291 2.8910882472991943 3.8274123668670654 3.1398398944398402 6.23071102457093 -0.009783589594869623 7261 1763 True
car -27.79073875461978 -3.997832814157558 -1.3317463887215635 4.611005783081055 2.241713285446167 1.6672759056091309 3.141356030767796 9.868768352694438 -0.0011972035516290957 7260 37 True
car 26.90763473328201 -0.022820006090182643 -1.5603802693394568 4.855708599090576 2.0327565670013428 1.6493593454360962 0.004013001379798891 13.623458956602667 0.11897374365392815 7242 47 True
car 51.23001006157341 -3.994336711910761 -1.645173354784161 5.237514495849609 1.9297595024108887 1.638383150100708 3.1401964914085974 4.5814267464344205 -0.005450348390578855 7243 8 True
motorcycle -16.277247401073907 -0.0014447887271109572 -1.4416914307896433 2.0333523750305176 0.8025798797607422 1.499274730682373 -5.3973829305420315e-06 8.163889824449962 0.004915000926216575 7257 27 True
pedestrian 20.07577073635059 19.43630433480654 -1.2900689267721692 0.3753577768802643 0.3753577768802643 1.8600000143051147 1.5765964144903135 -1.4713910861060457 -0.010098871288019309 7251 1 True
pedestrian 43.4732301826736 -9.06278733425627 -1.3777234599260286 0.9953577518463135 0.3753577768802643 1.8600000143051147 3.1254798756554236 3.151090886698618 -0.10174023315428209 7249 2 True
pedestrian 32.65765075245514 13.84340088149323 -1.328350871143459 0.3753577768802643 0.3753577768802643 1.8600000143051147 -1.643169814327944 -0.9977265471434248 -0.01930893210815015 7245 0 True
pedestrian 18.70996784899404 -1.4655618421128516 -1.5945579007537336 0.3753577768802643 0.3753577768802643 1.8600000143051147 0.4339442120788736 0.43730041047665097 0.11966351463808003 7247 3 True
pedestrian 19.855243356526614 26.855613040222927 -1.2892239173626905 0.3753577768802643 0.3753577768802643 1.8600000143051147 1.6423374225762 -1.7478806820488713 -0.3140265716326946 7253 5 True