8.803939819335938 0.004291321616619825
car 14.579898709816007 70.57467484541128 -1.3011524824912284 4.181210041046143 1.994117259979248 1.3805816173553467 -1.5713674917658302 0.0 0.0 20001 0 False
car -59.6983976055368 70.17659626927677 -1.4552879440518667 5.357479572296143 2.033203125 1.4147460460662842 -1.571366959134062 0.0 0.0 20003 0 False
car 7.382851515828179 93.10840486525234 -1.0489701270025416 4.4777727127075195 2.069315195083618 2.0377910137176514 -0.0005720922918771721 0.0 0.0 20011 0 False
car 87.82894502811115 48.11482023161589 -1.3585463835572313 3.633375883102417 1.845113754272461 1.5012825727462769 1.5712985575637155 -6.330009866108307 -0.012385593545748603 7259 0 False
car -0.03123494297869911 -7.557276830993942e-07 -1.3761318589054556 4.552699089050293 2.097072124481201 1.7671663761138916 0.0 8.803939673967353 0.004291321266412328 -100 1634 False
car 34.368309261606385 14.44496283857395 -1.4928439500823352 4.673638820648193 1.8118125200271606 1.441947340965271 -1.5708569642160866 -7.595948011133885 -0.003607138726164348 7244 18 True
car 34.37834051393884 30.813815941589127 -1.4926729841839712 4.673638820648193 1.8118125200271606 1.441947340965271 -1.5726608548567693 -9.02219748127485 0.030095267803537117 7255 14 True
car 30.368697608904995 48.0471790933761 -1.4993568196265044 4.673638820648193 1.8118125200271606 1.441947340965271 1.5709048095291325 -7.678190770691305 -0.006902188759414354 7258 0 False
truck -0.2293053573310999 -4.006209806465058 -0.36174697653419674 8.46804141998291 2.8910882472991943 3.8274123668670654 -3.1415421089139115 5.074399356620058 0.0032219048171383408 7261 12319 False
car -14.187863632532583 -3.9977986908324894 -1.4646783621459558 4.611005783081055 2.241713285446167 1.6672759056091309 3.1414402847001153 7.475712001958058 0.0006883969537902722 7260 212 True
car 21.90679340828865 0.048071013860727874 -1.3625100401316166 4.855708599090576 2.0327565670013428 1.6493593454360962 0.003458232428908348 12.48820889932602 0.0916002980437906 7242 63 True
car 58.89045883328254 -4.002097464803903 -1.351741312861939 5.237514495849609 1.9297595024108887 1.638383150100708 3.137995488739795 0.14712492826001564 -0.00044150853206845116 7243 5 True
motorcycle -17.12256828628051 0.0025975428572948545 -1.5359607754413591 2.0333523750305176 0.8025798797607422 1.499274730682373 -0.00040850779272936697 8.104144925865194 -0.002002884171796065 7257 27 True
pedestrian 25.83513208135099 18.059729966758162 -1.172000568201276 0.3753577768802643 0.3753577768802643 1.8600000143051147 1.7035239945258431 -1.5492118958793895 -0.4472375115821527 7251 0 True
pedestrian 52.04324937604383 -9.09690095986182 -1.1254552486782896 0.9953577518463135 0.3753577768802643 1.8600000143051147 -3.136260798617111 3.0265437846883474 0.01070905796915897 7249 3 True
pedestrian 38.21565811970294 14.855716412382328 -1.141090325950778 0.3753577768802643 0.3753577768802643 1.8600000143051147 -1.2167669600339066 -1.2648631423142354 -1.0521928869228576 7245 0 True
pedestrian 23.692014552851276 -0.6065872991835661 -1.2788845163258022 0.3753577768802643 0.3753577768802643 1.8600000143051147 1.505389903628813 -0.27304909531677674 0.03667451713024609 7247 0 True
pedestrian 25.762045747563604 25.18653314687517 -1.1721254146135793 0.3753577768802643 0.3753577768802643 1.8600000143051147 1.59991499825365 -1.743124056320057 -0.10548487716768828 7253 3 True