1.909331165395045e-10 1.230469198754136e-10
car 8.179018360604289 70.58154621172262 -1.3254451243430423 4.181210041046143 1.994117259979248 1.3805816173553467 -1.5705429320157367 0.0 0.0 20001 2 False
car -66.0990786208911 70.12222071131268 -1.3508956178957303 5.357479572296143 2.033203125 1.4147460460662842 -1.5705423993839687 0.0 0.0 20003 0 False
car 0.9638410286182193 93.10933429344571 -1.0607941742978375 4.4777727127075195 2.069315195083618 2.0377910137176514 0.000252467458216182 0.0 0.0 20011 0 False
car -0.031222269270983816 -7.975304590068788e-07 -1.3761317571003229 4.552699089050293 2.097072124481201 1.7671663761138916 0.0 1.9093310612547816e-10 1.2304691318316508e-10 -100 1534 False
car 80.9970794122192 10.50217532117545 -1.54947376766088 4.673638820648193 1.8118125200271606 1.441947340965271 1.586355837105645 -10.15356612703064 0.017667521961694157 7244 0 False
car 61.03166009876577 0.056669572000005 -1.551530374870723 4.673638820648193 1.8118125200271606 1.441947340965271 -0.0008655263631219666 9.434193576177273 -0.0175306919303644 7255 7 True
truck -60.65810805268603 -4.035808003719206 -0.3608402956754537 8.46804141998291 2.8910882472991943 3.8274123668670654 -3.1412062388110686 10.085032918525116 0.005216313899482531 7261 29 True
car -104.6902879379189 -4.04629919397029 -1.4376564510009224 4.611005783081055 2.241713285446167 1.6672759056091309 -3.1412706872550116 13.647127791087739 0.005072126737318182 7260 0 True
car 81.45792293348927 40.11904733618332 -1.4571624152252478 4.855708599090576 2.0327565670013428 1.6493593454360962 1.57200447358746 -8.88907329598093 -0.020854055684255742 7242 0 False
car 47.83886588638126 -3.9608525676186366 -1.4528067405529783 5.237514495849609 1.9297595024108887 1.638383150100708 -3.141118620885213 -1.9962355950523308e-08 -3.714851327333982e-08 7243 9 True
motorcycle -6.597993737818513 -0.004765568987799451 -1.5064694960056113 2.0333523750305176 0.8025798797607422 1.4992756843566895 0.0007726841661620679 2.1598407265482076e-09 -5.7039176364009804e-08 7257 156 True
pedestrian 19.201256191514858 28.54679463096086 -1.2157929533979062 0.3753577768802643 0.3753577768802643 1.8600000143051147 1.5917169090097216 -1.7035299974492342 -0.07081032790492328 7251 0 True
pedestrian 22.956141783562202 -7.663465066870564 -1.2146207766074717 0.9953577518463135 0.3753577768802643 1.8600000143051147 3.069632247074551 3.549453072674287 -0.5156923641872184 7249 12 True
pedestrian 27.10761519094791 8.580152840408957 -1.3189783790754412 0.3753577768802643 0.3753577768802643 1.8600000143051147 -2.8270142156414457 1.4183802085176789 1.0316032072897992 7245 8 True
pedestrian 18.660424244983574 -1.3068849992609728 -2.0828039719015488 0.3753577768802643 0.3753577768802643 1.8600000143051147 -2.047210281312307 -0.020973842092840204 -0.03887109763504587 7247 1 True
pedestrian 18.971611364654905 37.297184436368916 -1.2157908404465998 0.3753577768802643 0.3753577768802643 1.8600000143051147 1.568172853805542 -1.8229979214866479 0.0024363660577833694 7253 0 True