7.627923293007655e-11 2.7420515857912164e-10
car 8.179018360604289 70.58154621172262 -1.3254451243430423 4.181210041046143 1.994117259979248 1.3805816173553467 -1.5705429320157367 0.0 0.0 20001 5 False
car -66.0990786208911 70.12222071131268 -1.3508956178957303 5.357479572296143 2.033203125 1.4147460460662842 -1.5705423993839687 0.0 0.0 20003 0 False
car 0.9638410286182193 93.10933429344571 -1.0607941742978375 4.4777727127075195 2.069315195083618 2.0377910137176514 0.000252467458216182 0.0 0.0 20011 0 False
car -0.031222269270983816 -7.975304590068788e-07 -1.3761317571003229 4.552699089050293 2.097072124481201 1.7671663761138916 0.0 7.627922876065174e-11 2.7420514366547417e-10 -100 1527 False
car 75.53550509553003 1.6162547000049203 -1.5198685512897363 4.673638820648193 1.8118125200271606 1.441947340965271 0.4828143193745083 8.883073294849913 11.467055874180835 7244 0 True
car 51.63156818277008 0.08187685247755638 -1.5515320671801958 4.673638820648193 1.8118125200271606 1.441947340965271 -0.006364948588745462 10.089077963341753 -0.12805423966059898 7255 7 True
car 23.928960962460224 114.67687257492238 -1.551433168646954 4.673638820648193 1.8118125200271606 1.441947340965271 1.5717595961320663 -6.77671106603961 -0.01149500581171576 7258 0 False
truck -51.76588169741382 -4.0324146700849255 -0.3608676788034042 8.46804141998291 2.8910882472991943 3.8274123668670654 -3.1412571051449243 9.661203304155192 0.004005828247490632 7261 38 True
car -92.3996702516072 -4.0412941474473065 -1.4376738539881906 4.611005783081055 2.241713285446167 1.6672759056091309 -3.1410989135097926 13.647219768071547 0.008971115485115023 7260 0 True
car 81.47920378932594 29.171584893206134 -1.457742722190103 4.855708599090576 2.0327565670013428 1.6493593454360962 1.5747386056111654 -15.76350291409658 -0.08860236848821529 7242 0 False
car 47.83886588638126 -3.9608525676186366 -1.4528067405529783 5.237514495849609 1.9297595024108887 1.638383150100708 -3.141118620885213 -6.277427821696662e-09 1.792464828516023e-07 7243 10 True
motorcycle -6.5979937378171485 -0.00476556898781233 -1.506468542331295 2.0333523750305176 0.8025798797607422 1.4992784261703491 0.0007726841661620679 -2.6574012474305173e-06 -1.0380626122805643e-08 7257 165 True
pedestrian 19.23856555508644 27.042094878235282 -1.2157930266325419 0.3753577768802643 0.3753577768802643 1.8600000143051147 1.5828826785036723 -1.5753403571724542 -0.05810854232363005 7251 0 True
pedestrian 25.80952841871965 -7.875959674033681 -1.2146248612143362 0.9953577518463135 0.3753577768802643 1.8600000143051147 3.062269678143819 3.462020264638186 -0.5476737238793807 7249 6 True
pedestrian 28.608497947864237 9.068494826756796 -1.3189805196586772 0.3753577768802643 0.3753577768802643 1.8600000143051147 -2.8270142156414457 1.4183802085176789 1.0316032072897992 7245 1 True
pedestrian 18.62635298178924 -1.3731531774532872 -2.08281076367 0.3753577768802643 0.3753577768802643 1.8600000143051147 -2.0472093492067125 -0.005866425602435385 -0.008999425844996549 7247 0 True
pedestrian 18.990247807282117 35.65754836451648 -1.2157908887506725 0.3753577768802643 0.3753577768802643 1.8600000143051147 1.5951342744339836 -1.8157452381326626 -0.06530274820451293 7253 0 True