5.8983875561580135e-09 2.203193183447638e-08
car 8.179018360604289 70.58154621172262 -1.3254451243430423 4.181210041046143 1.994117259979248 1.3805816173553467 -1.5705429320157367 0.0 0.0 20001 3 False
car -66.0990786208911 70.12222071131268 -1.3508956178957303 5.357479572296143 2.033203125 1.4147460460662842 -1.5705423993839687 0.0 0.0 20003 0 False
car 0.9638410286182193 93.10933429344571 -1.0607941742978375 4.4777727127075195 2.069315195083618 2.0377910137176514 0.000252467458216182 0.0 0.0 20011 0 False
car -0.031222269270983816 -7.975304590068788e-07 -1.3761317571003229 4.552699089050293 2.097072124481201 1.7671663761138916 0.0 5.898387235315865e-09 2.2031930636180668e-08 -100 1633 False
car 47.5237776550311 0.0913867606238945 -1.5509470124806768 4.673638820648193 1.8118125200271606 1.441947340965271 -0.01120284605947468 11.50401865391079 -0.2539821038766989 7244 6 True
car 33.886015940633854 1.4307049832788565 -1.5516021508028772 4.673638820648193 1.8118125200271606 1.441947340965271 -0.3534666252765655 6.863059194676411 -5.667664425098331 7255 25 True
car 23.94352272894281 97.63677609579258 -1.5515203179919173 4.673638820648193 1.8118125200271606 1.441947340965271 1.5713934117914834 -11.143969430006258 -0.010963829550135466 7258 0 False
truck -33.47685116181037 -4.026357606680847 -0.3609561878464138 8.46804141998291 2.8910882472991943 3.8274123668670654 -3.14126402935791 8.581383639892481 0.00522300667869303 7261 103 True
car -65.08772150239236 -4.033137037478827 -1.437741891788712 4.611005783081055 2.241713285446167 1.6672759056091309 -3.1414328736284043 13.659988030778488 0.00147507911072703 7260 4 True
car 74.53369230125901 1.185408768836623 -1.431941630155348 4.855708599090576 2.0327565670013428 1.6493593454360962 0.4412791614646911 10.436240013659155 11.31578761980753 7242 0 True
car 47.83886588638126 -3.9608525676186366 -1.4528067405529783 5.237514495849609 1.9297595024108887 1.638383150100708 -3.141118620885213 -2.1224300402231889e-07 -2.139536931895898e-08 7243 7 True
motorcycle -8.32504417407955 -0.0061660997735608625 -1.508267860591567 2.0333523750305176 0.8025798797607422 1.4992746114730835 0.0008073539624754339 1.444779731578441 0.001962819171398074 7257 93 True
pedestrian 19.303932536860657 23.932150948300574 -1.2157931611943493 0.3753577768802643 0.3753577768802643 1.8600000143051147 1.5926580693439907 -1.5339767366096735 -0.06401888495640834 7251 0 True
pedestrian 32.912117497448776 -8.551728389914697 -1.2146350304688065 0.9953577518463135 0.3753577768802643 1.8600000143051147 3.039354527899848 3.511925111215357 -0.7288131081078878 7249 3 True
pedestrian 31.636348865255172 10.553263063331007 -1.2063319335985097 0.3753577768802643 0.3753577768802643 1.8600000143051147 -2.1258597534565395 -0.6293075814448235 0.9877517265308411 7245 2 True
pedestrian 18.561260560389144 -1.4991974240069665 -2.0827966502257524 0.3753577768802643 0.3753577768802643 1.8600000143051147 -2.0472060202581615 0.01721023311700229 0.034365630083017115 7247 7 True
pedestrian 19.03990421048195 32.044676466619606 -1.2157910074773481 0.3753577768802643 0.3753577768802643 1.8600000143051147 1.5776712761264378 -1.7982722664778612 -0.04439755403178628 7253 2 True